,f (/days),component
0,0.0,(462776.09999999986+9.890754881780595e-12j)
1,5.606009642336585e-05,(158.16714442041848+6085.032579913312j)
2,0.0001121201928467317,(-396.5465701500901+1346.6099376432908j)
3,0.00016818028927009755,(-1597.32552250722+381.7106703346925j)
4,0.0002242403856934634,(-1636.2178426417404+155.47600224975076j)
5,0.00028030048211682924,(-845.5993145769536-747.6068590427305j)
6,0.0003363605785401951,(-568.505373143713+1956.0379723373849j)
7,0.00039242067496356094,(-1914.5300425348316-373.19538317009676j)
8,0.0004484807713869268,(-2307.243235423735-2588.7532465766053j)
9,0.0005045408678102926,(2343.6068610169605-1386.1585212096657j)
10,0.0005606009642336585,(534.4515963836731+1009.0331922298369j)
11,0.0006166610606570243,(-647.2957318924671+429.69700354937265j)
12,0.0006727211570803902,(-117.84955077155118-311.0468446939311j)
13,0.000728781253503756,(241.7779822094435+396.46607056150236j)
14,0.0007848413499271219,(-766.0172792064928+1804.1454096222224j)
15,0.0008409014463504877,(-272.0102540298391+2038.1565592557024j)
16,0.0008969615427738536,(-1246.2608797243377-1224.733012838406j)
17,0.0009530216391972194,(-1078.3232784469185+1183.8656269225141j)
18,0.0010090817356205853,(1855.2651505136264+2429.6846121886365j)
19,0.001065141832043951,(-1073.6198539321833+381.8489046122061j)
20,0.001121201928467317,(-672.326750999988-1459.8853165133016j)
21,0.001177262024890683,(1230.6753958928475-134.29540731065129j)
22,0.0012333221213140487,(-1594.462297948485+1164.2578993721859j)
23,0.0012893822177374144,(1261.4249129844598-680.2871803553595j)
24,0.0013454423141607804,(-474.5637933108434+893.6687531412412j)
25,0.0014015024105841463,(-311.15805447449105-204.60636893315188j)
26,0.001457562507007512,(-1223.8396068892664+1314.0567505838737j)
27,0.0015136226034308778,(-1421.0985561513226-1007.5277750536038j)
28,0.0015696826998542438,(697.2549223269872+324.9460830534068j)
29,0.0016257427962776097,(-1505.0917541421697+911.6341121507032j)
30,0.0016818028927009755,(-337.96637405135465+792.5565573194858j)
31,0.0017378629891243412,(-465.88041352550886-1831.9212336278201j)
32,0.0017939230855477072,(420.60398685004225+3273.555911530424j)
33,0.0018499831819710731,(-2212.472008412681+158.06025146674733j)
34,0.0019060432783944389,(45.95081203188052-272.14163453014487j)
35,0.0019621033748178046,(-1242.4081273129273+845.068233722301j)
36,0.0020181634712411706,(802.9793709566073-1509.8793174911023j)
37,0.0020742235676645365,(-199.1370416725735+1636.4275559484852j)
38,0.002130283664087902,(-30.86301865394463-220.81088906743864j)
39,0.002186343760511268,(-1471.8053390699097+265.6384966893798j)
40,0.002242403856934634,(43.91167654534991+100.88313871236883j)
41,0.002298463953358,(-3092.426680968807-3454.5626557681235j)
42,0.002354524049781366,(-2794.333641807339+703.1572681644532j)
43,0.0024105841462047314,(-670.3264931042107+461.86263554699644j)
44,0.0024666442426280973,(-3292.081405390196+384.27213819038604j)
45,0.0025227043390514633,(-2670.6784876684555-597.5100882524267j)
46,0.002578764435474829,(-3738.6328888622297-1120.6973298591533j)
47,0.0026348245318981948,(-5961.944555098566-1987.335922938822j)
48,0.0026908846283215607,(-9635.167047341565-2401.2751203617936j)
49,0.0027469447247449267,(56687.09015596362+21226.324668771213j)
50,0.0028030048211682927,(6835.324288627744+2943.2338379797266j)
51,0.002859064917591658,(3111.5022515476508+218.96110319991953j)
52,0.002915125014015024,(3625.976879431242-828.6084345013778j)
53,0.00297118511043839,(2175.003010617701-39.9383533855721j)
54,0.0030272452068617556,(2039.5681864147355-1353.5082182930498j)
55,0.0030833053032851216,(-435.4083807597893+136.53354671038676j)
56,0.0031393653997084875,(173.30664036883877-740.3155519493084j)
57,0.0031954254961318535,(1082.323505395501+1341.7918001302116j)
58,0.0032514855925552194,(1524.09625930599-782.9561594996206j)
59,0.003307545688978585,(2828.5112444203605+48.887244268454424j)
60,0.003363605785401951,(1442.3092065440896+291.27474636181944j)
61,0.003419665881825317,(-161.70615761173372+2251.9995801788928j)
62,0.0034757259782486824,(1771.7216326486684+1129.3276326363437j)
63,0.0035317860746720484,(-92.36137406398385-382.9236874920275j)
64,0.0035878461710954143,(-672.448564494608+1164.7706700730587j)
65,0.0036439062675187803,(-879.8946749557834-374.58113069217154j)
66,0.0036999663639421462,(-999.803682536791+105.42886452251918j)
67,0.0037560264603655118,(-1413.4221948837153+72.67632575720813j)
68,0.0038120865567888777,(-122.08311732829418+820.0517004464318j)
69,0.0038681466532122437,(-1358.4566672725398+885.6189124966534j)
70,0.003924206749635609,(997.2699254533911-23.278918127811835j)
71,0.003980266846058975,(898.337199826339+145.1014266298348j)
72,0.004036326942482341,(148.22183464344903+1439.919718968128j)
73,0.004092387038905707,(-1475.5265579470738+2316.9486028518945j)
74,0.004148447135329073,(1101.533494443862+227.75997964581603j)
75,0.004204507231752439,(-522.7819578124097+439.7177640942442j)
76,0.004260567328175804,(1583.9324923056968+1468.8261757172104j)
77,0.00431662742459917,(-944.2689392177001-1167.592702811864j)
78,0.004372687521022536,(-208.6817848915269-1059.7400999937279j)
79,0.004428747617445902,(1514.4957566744622+1633.1000585205177j)
80,0.004484807713869268,(-443.01107745290494-814.9911973069443j)
81,0.004540867810292634,(404.2532981148394-313.91349074967013j)
82,0.004596927906716,(-1609.6610772768931-972.0757617634258j)
83,0.004652988003139366,(-553.7427902986383+498.114280772862j)
84,0.004709048099562732,(110.49449866903916+729.6870695689137j)
85,0.004765108195986097,(-1914.9435046129927-977.0246323773358j)
86,0.004821168292409463,(-117.05304200333137+812.6358359837708j)
87,0.004877228388832829,(-456.9034313666472-311.27605146317j)
88,0.004933288485256195,(-889.808867783774+88.21683461096572j)
89,0.004989348581679561,(-105.57036216961086-1324.623573941867j)
90,0.005045408678102927,(-308.4667404537681+247.342975613889j)
91,0.0051014687745262926,(-633.988410114095+322.744220795019j)
92,0.005157528870949658,(-1272.4738046674706+1209.7764353382277j)
93,0.005213588967373024,(-571.5925630630776+918.7873714931035j)
94,0.0052696490637963896,(617.0302101468912+95.07345885023048j)
95,0.0053257091602197555,(-351.63453872880103+731.5800153372346j)
96,0.0053817692566431215,(87.65228916189292+1480.187635776791j)
97,0.005437829353066487,(-473.3148932887769+3541.8697025807837j)
98,0.005493889449489853,(-874.5691839310718-5329.465728991965j)
99,0.005549949545913219,(-963.1025062520511-1621.6788059001426j)
100,0.005606009642336585,(549.6010482076874-501.7756466919053j)
101,0.00566206973875995,(449.06666069201447-1839.8166734346805j)
102,0.005718129835183316,(116.44083590398006-551.5527580251772j)
103,0.005774189931606682,(-88.6118588805756+658.9583440804197j)
104,0.005830250028030048,(2404.863113465656-1209.4759580745217j)
105,0.005886310124453414,(1295.0290979337408-138.27157719580958j)
106,0.00594237022087678,(68.2770020188427-433.4441838546063j)
107,0.005998430317300146,(131.68283669981236-1702.4068569472188j)
108,0.006054490413723511,(473.25449255865635-700.175868780324j)
109,0.006110550510146877,(435.8502550388774+266.2738771915559j)
110,0.006166610606570243,(15.113140602336557+946.6645513522114j)
111,0.006222670702993609,(692.2644223560238+844.2057082576657j)
112,0.006278730799416975,(1266.0164998959078-649.294046263426j)
113,0.006334790895840341,(-266.96395042005537-627.5921013629613j)
114,0.006390850992263707,(-1158.1467658008928-81.04677231042115j)
115,0.006446911088687073,(502.8774091164633-398.4566272912442j)
116,0.006502971185110439,(-584.1483012970752-1090.0566641645069j)
117,0.006559031281533804,(-1932.2618448814296+384.75616239661997j)
118,0.00661509137795717,(-797.4103175612801-475.1786814014798j)
119,0.006671151474380536,(423.17527055426433-541.0195024939725j)
120,0.006727211570803902,(-684.0610609953897-888.4307679190924j)
121,0.006783271667227268,(123.55232311192835-447.2835784992394j)
122,0.006839331763650634,(584.2788847864517+1077.7188720977513j)
123,0.006895391860074,(137.43326778883778+558.1117726656405j)
124,0.006951451956497365,(138.38675928338563-283.208447300295j)
125,0.007007512052920731,(1276.5084626278049+1281.5871966480036j)
126,0.007063572149344097,(1135.1929817136386-906.6505648627286j)
127,0.007119632245767463,(1399.146569811279-1537.989770480118j)
128,0.007175692342190829,(286.3095381741372+763.363101658613j)
129,0.007231752438614195,(524.783332660599+112.71907686308252j)
130,0.0072878125350375605,(-1422.3429452304495-820.7697402592926j)
131,0.0073438726314609265,(-568.3453131784535+255.2167731963849j)
132,0.0073999327278842925,(1254.4052066975842+1457.8138393242057j)
133,0.0074559928243076576,(151.89065715657534+387.6957116872455j)
134,0.0075120529207310235,(-1047.7408402182896+219.465603094193j)
135,0.0075681130171543895,(1329.1747067908059-316.0425965777065j)
136,0.007624173113577755,(-356.3655585031808-1117.3874646775714j)
137,0.007680233210001121,(1616.8261869355129-2055.079112257808j)
138,0.007736293306424487,(521.7392251051053-1443.8659779312497j)
139,0.007792353402847853,(-1913.9193074009397-110.61376879929418j)
140,0.007848413499271218,(-2123.5259147253196+118.46815511882755j)
141,0.007904473595694584,(380.4578408133079-121.09545812083232j)
142,0.00796053369211795,(817.3952055784332-83.83577013168852j)
143,0.008016593788541316,(1355.3529327354715+379.7650727348343j)
144,0.008072653884964682,(253.9333419613784-1136.1755750951772j)
145,0.008128713981388048,(-491.494791633384-1280.4540910705368j)
146,0.008184774077811414,(-1874.5498537931944-1018.399294185025j)
147,0.00824083417423478,(1631.7959564453365+1641.4368265133448j)
148,0.008296894270658146,(-654.863078257123-266.4042977802082j)
149,0.008352954367081512,(-10.67594592864043+675.4215199253297j)
150,0.008409014463504878,(-471.4699790377885-1072.7710896262793j)
151,0.008465074559928244,(564.4842511239253+438.7625162129507j)
152,0.008521134656351608,(-1216.2919416299515-670.1572148902521j)
153,0.008577194752774974,(78.96360735192242+322.2235636351659j)
154,0.00863325484919834,(35.35645834112188-836.7222838147949j)
155,0.008689314945621706,(-297.76766421446314+468.08471435927714j)
156,0.008745375042045072,(-978.6144956846647-201.38560422421423j)
157,0.008801435138468438,(-48.9987231216391+612.5996200317892j)
158,0.008857495234891804,(536.7805649766605+360.2778757077091j)
159,0.00891355533131517,(-212.60142971121678-1380.2645834577304j)
160,0.008969615427738536,(-35.8000769768158+1012.3179256765718j)
161,0.009025675524161902,(656.5720837794961+525.4882793439753j)
162,0.009081735620585268,(29.689039369318202-825.252344817087j)
163,0.009137795717008634,(-1458.814609051359+908.0629664728476j)
164,0.009193855813432,(770.1303520031427+129.79772524412897j)
165,0.009249915909855366,(195.75434976440727-447.6618373538587j)
166,0.009305976006278732,(557.2420344791369-111.15006244061422j)
167,0.009362036102702097,(-687.9143730130514+9.530399624493768j)
168,0.009418096199125463,(-483.7073623215555+894.7154890786013j)
169,0.009474156295548828,(-109.5631463278757-1769.7596554797417j)
170,0.009530216391972194,(1378.1096224772746-1263.130410705464j)
171,0.00958627648839556,(-320.9813513668396+345.1916063107938j)
172,0.009642336584818926,(807.6283868106034-648.0681363092182j)
173,0.009698396681242291,(-404.4976656314343+253.46247256917593j)
174,0.009754456777665657,(-969.4160820846055+2640.4342853133867j)
175,0.009810516874089023,(-1174.9054606689645+296.8064930152195j)
176,0.00986657697051239,(156.96551323444018+287.68898146438664j)
177,0.009922637066935755,(766.4104407721427+806.5896890358985j)
178,0.009978697163359121,(831.0991379664258+415.93279440890853j)
179,0.010034757259782487,(524.040840791662-1051.3743025414656j)
180,0.010090817356205853,(-1040.3105720988583+616.4142510493111j)
181,0.01014687745262922,(-671.3219867975718+688.218388811663j)
182,0.010202937549052585,(347.0573732079066+679.9466599867083j)
183,0.010258997645475951,(1069.892561250645+1418.5249378125218j)
184,0.010315057741899315,(-351.8694218087403-330.4475959290628j)
185,0.010371117838322681,(622.0592619172155-142.20165332095706j)
186,0.010427177934746047,(335.4696070180342-587.6494090505729j)
187,0.010483238031169413,(-421.25533739361805-57.735064022727926j)
188,0.010539298127592779,(-1160.360232174407+884.5665795266208j)
189,0.010595358224016145,(648.5745328993438+848.9300124457835j)
190,0.010651418320439511,(-670.0156228911455+1587.795988943827j)
191,0.010707478416862877,(1839.198745507053-603.9312027660385j)
192,0.010763538513286243,(-1154.4854160044385-1697.0736807955477j)
193,0.010819598609709609,(1176.4915552140842+585.1986623585428j)
194,0.010875658706132975,(94.69980308995693-643.1254764852987j)
195,0.01093171880255634,(-898.315473319793-427.9803553578537j)
196,0.010987778898979707,(1090.4964542659006+775.8886874164416j)
197,0.011043838995403073,(539.4110769302565+1326.5796633872833j)
198,0.011099899091826439,(-399.6249607397998+353.3608233012701j)
199,0.011155959188249805,(-738.7470614525382-113.59224180596823j)
200,0.01121201928467317,(633.9205989027994+375.7402610658819j)
201,0.011268079381096535,(-1132.8225581689353+1858.6723225345363j)
202,0.0113241394775199,(794.4787222478242-717.167205629773j)
203,0.011380199573943267,(950.6453950314615-1333.088237146813j)
204,0.011436259670366633,(-290.98674632910235-134.68200807979764j)
205,0.011492319766789999,(727.9429012286705-255.37107442062103j)
206,0.011548379863213365,(-375.98156781643223+938.6594469911521j)
207,0.01160443995963673,(535.2089548085644+387.9645178667508j)
208,0.011660500056060097,(133.42515903909018-136.23682336220236j)
209,0.011716560152483462,(-1458.8635373655338+748.7807059265353j)
210,0.011772620248906828,(81.85283193070497-1239.4849523029245j)
211,0.011828680345330194,(-1253.9974482499724-371.15197357125555j)
212,0.01188474044175356,(4.5589369460927145+579.1321991537745j)
213,0.011940800538176926,(-267.92487136663135-1244.3483428343372j)
214,0.011996860634600292,(1071.978015794215-459.311255608619j)
215,0.012052920731023658,(121.82919948319476+38.69748778501359j)
216,0.012108980827447022,(-471.3633015887193+13.699036059434263j)
217,0.012165040923870388,(564.4547900343329-203.4515004243965j)
218,0.012221101020293754,(7.225297365874553-1139.3453739339789j)
219,0.01227716111671712,(-225.19239004305956-998.8002338219634j)
220,0.012333221213140486,(-750.4932383329821+1238.1180131678796j)
221,0.012389281309563852,(514.5844424936195+774.0145906255185j)
222,0.012445341405987218,(745.0876791227925-132.85371670747747j)
223,0.012501401502410584,(82.10466434823752-142.22684680561014j)
224,0.01255746159883395,(-1073.1060933235258+556.4149994681691j)
225,0.012613521695257316,(644.1414513862544-227.49560127605167j)
226,0.012669581791680682,(-458.98276743476237+1879.0691657914836j)
227,0.012725641888104048,(-111.24032106492668-35.54477941142363j)
228,0.012781701984527414,(227.54505005420216-909.4729672201655j)
229,0.01283776208095078,(76.4064215183815+649.8222304535028j)
230,0.012893822177374146,(-30.494588802137343-522.2718944489502j)
231,0.012949882273797512,(1149.0703773213054+821.7896754963325j)
232,0.013005942370220878,(-823.7315204958402+689.5054907286293j)
233,0.013062002466644242,(-574.5011261390791-1001.4238301945505j)
234,0.013118062563067608,(-249.7055182486763-374.9235603507989j)
235,0.013174122659490974,(-419.68219622488994-345.64350020873064j)
236,0.01323018275591434,(-885.1273173828164-43.94909706833619j)
237,0.013286242852337706,(-354.6122127235606+1115.665954737485j)
238,0.013342302948761072,(1853.1929178989753+719.8523658340591j)
239,0.013398363045184438,(-485.8771748194946+1170.7986574397812j)
240,0.013454423141607804,(309.8050433439592+788.9332547459545j)
241,0.01351048323803117,(379.31662041462437-650.490929092487j)
242,0.013566543334454536,(128.89208400501445+1133.5033807209534j)
243,0.013622603430877902,(-36.00415086322067-667.4524044766675j)
244,0.013678663527301268,(-5.55904893386969+1324.7789140353325j)
245,0.013734723623724633,(475.7616628484451+457.20010488396156j)
246,0.013790783720148,(621.3813264019467+1938.6625851686747j)
247,0.013846843816571365,(-241.20639508645098-243.82265040734137j)
248,0.01390290391299473,(388.6376623212365-1463.74624067166j)
249,0.013958964009418096,(31.370934281768474-747.4514129837166j)
250,0.014015024105841462,(-65.41588121520465+1880.4795477429666j)
251,0.014071084202264827,(362.1231592140097-888.5949067997751j)
252,0.014127144298688193,(614.324841322967+845.4110989390905j)
253,0.01418320439511156,(-898.3645068224903+1280.6350724760734j)
254,0.014239264491534925,(234.17361193897324+622.0926304346362j)
255,0.014295324587958291,(-490.79020583749156+369.028378952307j)
256,0.014351384684381657,(-244.11616658064776+914.7930136854861j)
257,0.014407444780805023,(-931.6758578418528-427.17542990691754j)
258,0.01446350487722839,(101.80391125191682+1862.5886402515696j)
259,0.014519564973651755,(-1195.3170576550885-412.11028531626346j)
260,0.014575625070075121,(463.7233008629222-31.903739602858536j)
261,0.014631685166498487,(350.2302903759051-603.5849769862921j)
262,0.014687745262921853,(1030.6857270123833-1433.4455796540701j)
263,0.014743805359345219,(496.9349973866946-322.448187193707j)
264,0.014799865455768585,(957.3228064685958+102.69332502068622j)
265,0.01485592555219195,(582.4045120996616-830.22880216306j)
266,0.014911985648615315,(451.1053254541945+432.3490792959408j)
267,0.014968045745038681,(36.76870786259734+305.12724882154765j)
268,0.015024105841462047,(-155.29549102602937+22.027599530864826j)
269,0.015080165937885413,(694.2835918390401+1335.5893609206637j)
270,0.015136226034308779,(-455.98244536217453+157.2265978783282j)
271,0.015192286130732145,(-1136.755103721443-443.27866025892143j)
272,0.01524834622715551,(-15.798709874593499-398.7899886757437j)
273,0.015304406323578877,(-873.3851804801159+1145.1578482129007j)
274,0.015360466420002243,(216.84932400217602-614.5170170496898j)
275,0.015416526516425609,(325.9282599364402+441.0956262201654j)
276,0.015472586612848975,(-617.0606410177825+1007.9385374079249j)
277,0.01552864670927234,(344.70728765340135-377.3827229303438j)
278,0.015584706805695707,(-269.32180187920574-419.6014013357428j)
279,0.01564076690211907,(1308.178137001534-201.92740413396j)
280,0.015696826998542437,(212.62850007349772-425.3215183574351j)
281,0.015752887094965803,(136.49382958632438+214.5427596520792j)
282,0.01580894719138917,(318.9120305180856+273.5476624119906j)
283,0.015865007287812535,(193.8495774584056-552.9963213027738j)
284,0.0159210673842359,(710.1652279775175-1784.2392704474646j)
285,0.015977127480659267,(-1095.4478909910297-477.0315765465798j)
286,0.016033187577082633,(-1397.9835548983096+227.8819374196091j)
287,0.016089247673506,(-310.74487967011305+506.6954438792293j)
288,0.016145307769929364,(-577.4417261930319+191.18614553927222j)
289,0.01620136786635273,(872.4196562344252+208.01559631953472j)
290,0.016257427962776096,(-735.8011973012785-919.6503379143483j)
291,0.016313488059199462,(140.34262701844895-456.00111214151246j)
292,0.016369548155622828,(349.8281246586986+695.0947763936769j)
293,0.016425608252046194,(984.5315037826899-353.3912717237226j)
294,0.01648166834846956,(-258.0933206127006+87.6916413197118j)
295,0.016537728444892926,(-32.90972884353599+628.9836351981609j)
296,0.016593788541316292,(-44.93434327002143-311.5914327147741j)
297,0.016649848637739658,(376.4352404672453-860.0530563518947j)
298,0.016705908734163024,(80.49124250443069+1203.1286132875225j)
299,0.01676196883058639,(-539.1799840084134+342.93072881102677j)
300,0.016818028927009756,(1213.4303429033641-434.79052940186784j)
301,0.016874089023433122,(-835.1676766247297-1144.767584738863j)
302,0.016930149119856488,(76.35642222212226-924.2540425961844j)
303,0.016986209216279854,(133.2489823616631+476.85243922740585j)
304,0.017042269312703216,(-729.7834495944417-149.41914472111478j)
305,0.017098329409126582,(494.8522213387036+731.2020343534193j)
306,0.017154389505549948,(-850.760743938127-1119.7765592190065j)
307,0.017210449601973314,(-226.0797053982983+1277.9103989325376j)
308,0.01726650969839668,(-822.3446061521252-77.64913917226983j)
309,0.017322569794820046,(219.75200231517718-276.7293737385935j)
310,0.017378629891243412,(-524.5058128729324+27.035095241229953j)
311,0.017434689987666778,(-360.1618468998577-166.17901579307093j)
312,0.017490750084090144,(312.39809271588024-804.9753753152304j)
313,0.01754681018051351,(-178.90685298673588+607.0103340292687j)
314,0.017602870276936876,(-545.2214675155919-284.43628864282556j)
315,0.017658930373360242,(1136.4944512043642+988.1316068976495j)
316,0.017714990469783608,(-287.3366157796455+372.92307190119664j)
317,0.017771050566206974,(-885.956719764899+440.0475276396581j)
318,0.01782711066263034,(1536.333727895786+212.84998013358222j)
319,0.017883170759053706,(-1346.6479907382693+957.8941705409288j)
320,0.01793923085547707,(249.7015985255739-114.30255171171962j)
321,0.017995290951900438,(298.4634956772174+925.481968914151j)
322,0.018051351048323803,(-1040.6122205325057+435.5782841424j)
323,0.01810741114474717,(-844.5697468089081-673.8963614456785j)
324,0.018163471241170535,(-40.87794223376193-520.4119314317871j)
325,0.0182195313375939,(960.5969890073436+1173.0216982445172j)
326,0.018275591434017267,(-321.07659911739216+725.1900122610632j)
327,0.018331651530440633,(258.8990427015075-1118.1059755732056j)
328,0.018387711626864,(-467.27347859617174-682.6537891691786j)
329,0.018443771723287365,(24.465130613554948-745.6383347870375j)
330,0.01849983181971073,(-500.3299708443282+554.873365536823j)
331,0.018555891916134097,(1301.4711899485094-281.58814236359297j)
332,0.018611952012557463,(-480.81873632492676+471.6384569217991j)
333,0.01866801210898083,(69.02231656673239-226.00354314094847j)
334,0.018724072205404195,(1125.382354422111-443.97851263358314j)
335,0.01878013230182756,(-915.3131564748305+1977.5748507523954j)
336,0.018836192398250927,(53.50497141953247-713.1874129306773j)
337,0.01889225249467429,(-714.0151469554194+836.1599248073743j)
338,0.018948312591097655,(1526.7964205605306+580.1793618188477j)
339,0.01900437268752102,(642.1322273307317-207.01289453565124j)
340,0.019060432783944387,(903.9942756477315+581.4214702902215j)
341,0.019116492880367753,(-440.31558256603086+1170.8788608544066j)
342,0.01917255297679112,(1830.498823098385-494.6463267249085j)
343,0.019228613073214485,(229.00101762825568+1649.6399490140761j)
344,0.01928467316963785,(202.5006336960185-607.2234374284296j)
345,0.019340733266061217,(122.9735869779289+818.0447590369222j)
346,0.019396793362484583,(109.65521951560501-244.2136066137577j)
347,0.01945285345890795,(-1620.5013991919554+506.8646798799042j)
348,0.019508913555331315,(275.76525648507834-41.66004636169555j)
349,0.01956497365175468,(522.2036614482909+326.2423072785541j)
350,0.019621033748178047,(-50.639896749215495-798.0719983265456j)
351,0.019677093844601413,(1470.9019610976054+1016.2829347129757j)
352,0.01973315394102478,(-754.7395230947891+948.5806637909886j)
353,0.019789214037448145,(328.5944926333284+98.65822860005667j)
354,0.01984527413387151,(33.359755252454924-487.08932645331856j)
355,0.019901334230294877,(811.5155405197486-144.15115416219462j)
356,0.019957394326718243,(-347.88849359615995+57.282193030979094j)
357,0.02001345442314161,(565.4278690615151+603.564666953539j)
358,0.020069514519564974,(1083.8653861638059+123.33176890519968j)
359,0.02012557461598834,(-45.15141915078489+205.4986360065676j)
360,0.020181634712411706,(198.30709279608828+294.19157042912053j)
361,0.020237694808835072,(852.5927733344041+92.59646462136573j)
362,0.02029375490525844,(-447.15111524747465-675.5565091267027j)
363,0.020349815001681804,(-453.154270422691+875.849277219283j)
364,0.02040587509810517,(-72.49594877276142+432.0533911855122j)
365,0.020461935194528536,(-498.4067107547501-230.42893365300802j)
366,0.020517995290951902,(-15.817067608726791+1006.2828630871571j)
367,0.020574055387375268,(-304.9246744443911+382.56039427060404j)
368,0.02063011548379863,(-351.46930705798434-13.609683243107682j)
369,0.020686175580221997,(-1297.068560683033-14.433325643942851j)
370,0.020742235676645362,(-510.6884317666501+37.51733160004716j)
371,0.02079829577306873,(13.193029396908969+830.3010949364993j)
372,0.020854355869492094,(-2238.4882247535957-433.4936602986985j)
373,0.02091041596591546,(1486.1302042875077-667.7877964091911j)
374,0.020966476062338826,(560.2364595403751+1704.8447819172015j)
375,0.021022536158762192,(-1214.4837459856965+67.94572048472645j)
376,0.021078596255185558,(1046.2246737543537+207.46670804006925j)
377,0.021134656351608924,(-158.6196861295585-621.187100349319j)
378,0.02119071644803229,(-1325.1464205075054+213.89182357843262j)
379,0.021246776544455656,(767.7376422223742-18.033209533607476j)
380,0.021302836640879022,(20.106111635119163+678.8760877016994j)
381,0.021358896737302388,(443.77706217323913+454.2998212486987j)
382,0.021414956833725754,(-37.21162320732674-732.2161277069458j)
383,0.02147101693014912,(1231.6087618738857-35.68344944071919j)
384,0.021527077026572486,(-1110.8794145592908+94.59456444463694j)
385,0.021583137122995852,(418.8384383107143-1596.5421797721883j)
386,0.021639197219419218,(-488.27573174246106+1325.4517525556664j)
387,0.021695257315842584,(11.676410532300267-171.34980668405666j)
388,0.02175131741226595,(-26.256317387610608+1356.3881019373525j)
389,0.021807377508689316,(-1177.5099343334725-334.30167646866585j)
390,0.02186343760511268,(-377.29425011665234+783.7663358201728j)
391,0.021919497701536048,(1020.5338242177493+163.01478934524852j)
392,0.021975557797959414,(-756.1932422690645+312.81321963292413j)
393,0.02203161789438278,(1743.4297075677962-527.7225206370883j)
394,0.022087677990806145,(-178.0133620854483+86.05131416200403j)
395,0.02214373808722951,(743.0809794586053+199.80569889734534j)
396,0.022199798183652877,(-887.2179962610562+613.9028378034849j)
397,0.022255858280076243,(868.9426196909949+1228.2939779350654j)
398,0.02231191837649961,(-405.42769224247036+616.278842535728j)
399,0.022367978472922975,(-156.12078854797497+26.463350666827772j)
400,0.02242403856934634,(765.6194146014598+44.146333615956344j)
401,0.022480098665769704,(546.7583427769127+47.441224753787715j)
402,0.02253615876219307,(-742.1844357114325-255.6625723833971j)
403,0.022592218858616436,(702.595318392136+38.46384531904022j)
404,0.0226482789550398,(521.4065889994572+228.7990763105438j)
405,0.022704339051463168,(883.4985646453383-41.572523787836474j)
406,0.022760399147886533,(451.060910359914-668.0504385828035j)
407,0.0228164592443099,(-781.1594684774655-819.8727539253819j)
408,0.022872519340733265,(571.2389729841925-423.0023205131066j)
409,0.02292857943715663,(-563.9185901058347+110.01880576279885j)
410,0.022984639533579997,(273.9632467450659+376.8829735642232j)
411,0.023040699630003363,(1537.2353023535015-125.88245422501194j)
412,0.02309675972642673,(1426.8477129029793+575.3498697140412j)
413,0.023152819822850095,(355.9872746419165-714.8380651912674j)
414,0.02320887991927346,(-972.1380032517002+276.0860291649467j)
415,0.023264940015696827,(314.2434098897818+1482.2047357524084j)
416,0.023321000112120193,(-1195.0046138789562+232.1413702420466j)
417,0.02337706020854356,(-19.05675981684334+822.9318785269049j)
418,0.023433120304966925,(40.4796334065279-163.95589000451048j)
419,0.02348918040139029,(142.29691886796107-489.06866570546737j)
420,0.023545240497813657,(-597.1749746761666+181.16626625019464j)
421,0.023601300594237023,(-62.8308445916399-1390.9898152977544j)
422,0.02365736069066039,(617.8587103069179-666.2013033873883j)
423,0.023713420787083755,(667.8736174443574-1167.7035995948495j)
424,0.02376948088350712,(472.8752744806167-82.3832846325834j)
425,0.023825540979930487,(-177.19292428673924+412.6993042927214j)
426,0.023881601076353853,(-427.0416682523022-117.46470285627919j)
427,0.02393766117277722,(211.8654186278245-299.9065153472808j)
428,0.023993721269200585,(-250.32637677086814+1322.4755811963362j)
429,0.02404978136562395,(-897.2187722611585-292.3281421083729j)
430,0.024105841462047316,(-151.48157528112276+642.1475648306257j)
431,0.024161901558470682,(-747.4779417700014+846.2808191844305j)
432,0.024217961654894045,(209.58618802916058+64.23901925938924j)
433,0.02427402175131741,(123.9500687890726+840.144859786386j)
434,0.024330081847740777,(552.7824303208847-1490.5293499654053j)
435,0.024386141944164143,(262.0950027604638+388.5542564918004j)
436,0.02444220204058751,(218.0655305388224-727.5296078413081j)
437,0.024498262137010875,(-1486.0331272439491+465.8853630684794j)
438,0.02455432223343424,(26.48598941031196-711.0657900915932j)
439,0.024610382329857607,(-441.08915806469423+294.6167101679615j)
440,0.024666442426280973,(1260.0540540387601+139.67983690300036j)
441,0.02472250252270434,(-285.8437029225659-719.7251615856295j)
442,0.024778562619127704,(262.414913006671-417.3014296882229j)
443,0.02483462271555107,(107.78973867416462-416.9233953612367j)
444,0.024890682811974436,(933.9759078539203-1160.398617924033j)
445,0.024946742908397802,(-421.9424755318819+928.5270694587758j)
446,0.02500280300482117,(-286.16545057690723+559.449546706642j)
447,0.025058863101244534,(321.87613199019705+295.19187156104954j)
448,0.0251149231976679,(-1085.0166632109967-239.09479295119894j)
449,0.025170983294091266,(1020.3988178111869+375.75247450785275j)
450,0.025227043390514632,(23.171407077807345+438.46916807475316j)
451,0.025283103486937998,(648.5399592352518+108.61288112363692j)
452,0.025339163583361364,(-249.55596536217757-330.71118259741826j)
453,0.02539522367978473,(-570.5729017707391+226.6442940013017j)
454,0.025451283776208096,(1233.4460720370487+423.1001044515355j)
455,0.025507343872631462,(68.00575052553478+615.7074994570388j)
456,0.025563403969054828,(-452.53490512388146+297.0617915120232j)
457,0.025619464065478194,(624.6466651973476-648.9035064294575j)
458,0.02567552416190156,(717.5313197425439+1507.1456079032423j)
459,0.025731584258324926,(-1879.845216322242-172.87923453856797j)
460,0.02578764435474829,(925.745421729319+55.712177965285036j)
461,0.025843704451171658,(353.9566881820405-379.9531119236053j)
462,0.025899764547595024,(150.32292884083282-237.6878528547292j)
463,0.02595582464401839,(78.98092195580736-209.03655443866532j)
464,0.026011884740441756,(34.61902645129888-49.69868526024771j)
465,0.026067944836865118,(-2070.1709747520986+759.4358648313823j)
466,0.026124004933288484,(-219.62228904878583+262.6269375246914j)
467,0.02618006502971185,(-769.8392586998341+1359.491868198204j)
468,0.026236125126135216,(-652.1451111119717-243.86784010756512j)
469,0.026292185222558582,(-964.5000847919775+1759.3692999375414j)
470,0.026348245318981948,(738.574964855379+403.1691477122315j)
471,0.026404305415405314,(703.373058555505-1637.6821067162534j)
472,0.02646036551182868,(695.0095966643566-1305.5799297566175j)
473,0.026516425608252046,(515.41350029015+320.9228902217095j)
474,0.02657248570467541,(932.9730396619266+877.6933105327369j)
475,0.026628545801098778,(365.3071619957423-1344.2243616827027j)
476,0.026684605897522144,(429.25592590321696+480.3148063553741j)
477,0.02674066599394551,(-675.8064893412404+440.5028570481188j)
478,0.026796726090368875,(-398.3512088724084-985.1221481909347j)
479,0.02685278618679224,(1714.3138832362363-717.9086452398152j)
480,0.026908846283215607,(-815.7682975878365-880.2176976942618j)
481,0.026964906379638973,(-1395.4106845429717-415.46012897847953j)
482,0.02702096647606234,(898.1898696143811-596.7605418009733j)
483,0.027077026572485705,(-769.682587908984-1830.1882426569127j)
484,0.02713308666890907,(-269.54099518644944-274.41397266332234j)
485,0.027189146765332437,(710.6011954163208-411.2487791528869j)
486,0.027245206861755803,(-1273.0289587728155-1410.5983101293536j)
487,0.02730126695817917,(32.191769671899564-249.64832886175134j)
488,0.027357327054602535,(-41.352452324217836-377.97469097148206j)
489,0.0274133871510259,(-406.4148145769832+1495.5820625229198j)
490,0.027469447247449267,(-448.1003787503886-1126.4305161718476j)
491,0.027525507343872633,(-763.7488320445746+82.09801642015998j)
492,0.027581567440296,(355.55537922913567+1669.943818535257j)
493,0.027637627536719365,(-204.14720698059182-872.825404615373j)
494,0.02769368763314273,(1512.5171540443862-298.48651800492144j)
495,0.027749747729566097,(475.08090802649554-1097.7402934886786j)
496,0.02780580782598946,(255.69887164058338+507.8061945003932j)
497,0.027861867922412825,(16.591501451052693-683.4294136495761j)
498,0.02791792801883619,(794.4296703907453+409.59766055714886j)
499,0.027973988115259557,(834.4957046587905-162.2782499380642j)
500,0.028030048211682923,(7.98254324668892+258.802657431731j)
501,0.02808610830810629,(-161.76911219315585+653.2542285671226j)
502,0.028142168404529655,(-227.8557844402406-189.13794575427937j)
503,0.02819822850095302,(-186.20811607450742+111.45164009925183j)
504,0.028254288597376387,(-961.1284053436598+379.85843931449205j)
505,0.028310348693799753,(-638.1537890569273+3.7602422321297695j)
506,0.02836640879022312,(374.18363694804486-745.078233221783j)
507,0.028422468886646485,(217.29760807682567+117.35585004805998j)
508,0.02847852898306985,(402.1052003430754-14.706487517934463j)
509,0.028534589079493217,(-355.55926840048005-615.7845559678846j)
510,0.028590649175916583,(-518.4119202298608-369.8432314143362j)
511,0.02864670927233995,(-234.544918523094+815.805976904782j)
512,0.028702769368763315,(1233.2968134979928-174.84097155822525j)
513,0.02875882946518668,(277.9339002016207+493.10670187091085j)
514,0.028814889561610046,(153.47792023069206-171.40601669258862j)
515,0.028870949658033412,(1253.0669393176372+221.05366930336214j)
516,0.02892700975445678,(-342.57930453256876-536.3472495919054j)
517,0.028983069850880144,(-597.6033847240114+927.5451558285239j)
518,0.02903912994730351,(-98.3868267009423+752.2261643216256j)
519,0.029095190043726876,(93.80574365900091-9.72744979762885j)
520,0.029151250140150242,(-343.55854422197507+1403.4658388974876j)
521,0.029207310236573608,(-468.50991647509477-1326.5183287403388j)
522,0.029263370332996974,(-483.4816806331768+386.3061946761915j)
523,0.02931943042942034,(29.878109085963303+227.7149427805981j)
524,0.029375490525843706,(-507.5949593937861-650.3596220280181j)
525,0.029431550622267072,(-386.58721156979004-391.2066445900753j)
526,0.029487610718690438,(-1203.1032554877752+125.75489101960326j)
527,0.029543670815113804,(-126.58589021487145-523.8495186807245j)
528,0.02959973091153717,(1433.2193015840976+365.91845827086456j)
529,0.029655791007960532,(941.3542646619428+11.716244994664976j)
530,0.0297118511043839,(-669.3262830289273+972.2010941513894j)
531,0.029767911200807264,(1313.0134525082972-1523.7131462001526j)
532,0.02982397129723063,(-1212.7865994853044-427.6849655774764j)
533,0.029880031393653996,(879.6605085356148-548.278367065126j)
534,0.029936091490077362,(681.5418203140417+428.28261557374066j)
535,0.029992151586500728,(-671.3164156944624-199.51127259725536j)
536,0.030048211682924094,(240.3333126256688-819.1743072038153j)
537,0.03010427177934746,(-422.820326798609-966.1174030711968j)
538,0.030160331875770826,(605.7467736368237-1088.0409675083743j)
539,0.030216391972194192,(139.42839952382323-613.8696415215239j)
540,0.030272452068617558,(-837.6780400098351+10.943385071269631j)
541,0.030328512165040924,(-258.46709381809814-479.3834562353073j)
542,0.03038457226146429,(-1207.2583213103353+392.05967645405633j)
543,0.030440632357887656,(722.858607511138-910.0605168947518j)
544,0.03049669245431102,(910.9384170937647-104.82379267549899j)
545,0.030552752550734388,(-665.565753009731-680.9425851937269j)
546,0.030608812647157754,(310.7890538758037+558.4940712934399j)
547,0.03066487274358112,(10.287957087114307+399.41019755564236j)
548,0.030720932840004486,(-68.84146741782342+707.2611113643369j)
549,0.03077699293642785,(1064.9159144545542-1097.7347982663584j)
550,0.030833053032851217,(-78.12568911019814+296.1281274962171j)
551,0.030889113129274583,(-1621.012226933817-607.6115170130491j)
552,0.03094517322569795,(155.98139202377226-408.08202721939426j)
553,0.031001233322121315,(242.7166736655148+1448.883741807001j)
554,0.03105729341854468,(-274.6547976574177-138.16049394798029j)
555,0.031113353514968047,(-1062.1557272717187+241.96161754875624j)
556,0.031169413611391413,(-234.27544195024564+84.05253311382997j)
557,0.03122547370781478,(585.1404050880311-341.4538831718681j)
558,0.03128153380423814,(-73.79717777136283+150.61522462615903j)
559,0.03133759390066151,(393.2571058476704-673.5797404467409j)
560,0.031393653997084874,(-77.2599631612162+1049.4020316104852j)
561,0.03144971409350824,(-816.6502933947777-182.4297836502795j)
562,0.031505774189931605,(-227.52299155055726-389.46412188092893j)
563,0.03156183428635497,(155.9777059529133-1254.4706878269565j)
564,0.03161789438277834,(-684.4459155610891-195.75709392069353j)
565,0.0316739544792017,(-365.62036406742607-949.6271089155528j)
566,0.03173001457562507,(-168.30951763036796-62.04864661307553j)
567,0.031786074672048435,(929.334065055233+486.0475322969321j)
568,0.0318421347684718,(284.6944716861259+1102.7880116352776j)
569,0.03189819486489517,(357.92778112783645+7.455949475427218j)
570,0.03195425496131853,(-410.63137593100515-373.24604541429903j)
571,0.0320103150577419,(-49.5857475612587+1238.1137681706327j)
572,0.032066375154165265,(208.11148763802794-833.7853525820933j)
573,0.03212243525058863,(402.7489449680505-139.794653677469j)
574,0.032178495347012,(44.71644031124903-418.01871467898883j)
575,0.03223455544343536,(-44.17794699983702+1422.3144287285975j)
576,0.03229061553985873,(736.1837762355705+48.4875437910884j)
577,0.032346675636282095,(295.1235488991972+99.157205699392j)
578,0.03240273573270546,(598.6251382283137+1313.0869898684589j)
579,0.03245879582912883,(-1886.7258758263351+875.2236357729286j)
580,0.03251485592555219,(912.9573260346467-423.61290487573064j)
581,0.03257091602197556,(82.97322324642043-69.24400647848655j)
582,0.032626976118398925,(1229.5109751297773-871.5220228455431j)
583,0.03268303621482229,(-11.798302124964124+920.2622022884074j)
584,0.032739096311245657,(-979.5585571573328-241.6567816607389j)
585,0.03279515640766902,(-11.339397574481852+25.6166890701646j)
586,0.03285121650409239,(-166.3714878304358+860.8143658355707j)
587,0.032907276600515754,(39.671236724441314-1354.8377745762918j)
588,0.03296333669693912,(-722.9115387151844-257.1969848291101j)
589,0.033019396793362486,(120.087409319679-179.4892204440727j)
590,0.03307545688978585,(664.159082613953-606.4790555066879j)
591,0.03313151698620922,(-332.7758063305941+101.21326210439804j)
592,0.033187577082632584,(755.8647460542807-798.8807762064071j)
593,0.03324363717905595,(-302.5088409187096-450.47465522930895j)
594,0.033299697275479316,(-604.4568958384905-228.30120382089413j)
595,0.03335575737190268,(322.8942817647626-542.8252220200926j)
596,0.03341181746832605,(-323.85621001371544-994.7805392760475j)
597,0.033467877564749414,(-587.9536750547519+550.3345787537365j)
598,0.03352393766117278,(-606.5469776430168-150.2079810287539j)
599,0.033579997757596146,(769.0328690608699+536.2211494537082j)
600,0.03363605785401951,(-308.0317326158106-1414.6825274005444j)
601,0.03369211795044288,(940.4660281281463+545.9139485898029j)
602,0.033748178046866244,(33.32956846274283+1794.8553454727062j)
603,0.03380423814328961,(-560.2282378645368-814.5212924565932j)
604,0.033860298239712976,(692.3036987453324-585.017892086397j)
605,0.03391635833613634,(1947.764572234945-1.0367811536781204j)
606,0.03397241843255971,(-128.0973130977037+528.4225132384697j)
607,0.034028478528983074,(-232.0591112404869-313.1277841232254j)
608,0.03408453862540643,(-132.98301466887878-251.76431142543404j)
609,0.0341405987218298,(-416.6933550758016+282.5990526244208j)
610,0.034196658818253164,(-689.7041265716645+843.2962715295581j)
611,0.03425271891467653,(-664.1141245785913-279.2115456395972j)
612,0.034308779011099896,(813.2211963321829-251.40455632698777j)
613,0.03436483910752326,(-421.094608542893+360.90197376810187j)
614,0.03442089920394663,(381.88029970835606-758.476723475495j)
615,0.034476959300369994,(483.13056618951634+162.67110785916574j)
616,0.03453301939679336,(-133.6092147235347+1170.1804059775864j)
617,0.034589079493216726,(71.55573064821789+127.42873828690279j)
618,0.03464513958964009,(709.8742592816394-535.3293900465003j)
619,0.03470119968606346,(-1473.447650189597-247.64891874283853j)
620,0.034757259782486824,(244.09676275319202-118.6566713676975j)
621,0.03481331987891019,(830.6654512664677+452.41708698205923j)
622,0.034869379975333556,(-700.1381604047061+771.480742338116j)
623,0.03492544007175692,(87.89945261264063+324.803437225337j)
624,0.03498150016818029,(281.46404535180386+335.8022246258625j)
625,0.035037560264603654,(-328.7720790561041+843.3375713619215j)
626,0.03509362036102702,(-1246.194524733255-756.3720282894224j)
627,0.035149680457450386,(450.7763067586816-11.002940878745008j)
628,0.03520574055387375,(846.1682146047563+88.34701580247935j)
629,0.03526180065029712,(1028.7482157516815+536.6976060736433j)
630,0.035317860746720484,(-391.53987487519714+177.07067263140578j)
631,0.03537392084314385,(543.6955850184349-816.5830784254146j)
632,0.035429980939567216,(965.3294704446917+183.22581731686128j)
633,0.03548604103599058,(261.31246626664495-187.41584104337844j)
634,0.03554210113241395,(444.1742668600175+972.1448197671739j)
635,0.03559816122883731,(-1133.9567616524505+705.2016249503874j)
636,0.03565422132526068,(307.38987005945705-379.9479260166189j)
637,0.035710281421684045,(-541.3584351932835+440.77539257955385j)
638,0.03576634151810741,(731.3736508147476-599.620876141681j)
639,0.03582240161453078,(508.876624308177+669.6774877675821j)
640,0.03587846171095414,(-21.779204566204236-525.5044627391765j)
641,0.03593452180737751,(-1054.5358509622436-1263.3473033333985j)
642,0.035990581903800875,(683.8941020437754-169.8144674602147j)
643,0.03604664200022424,(68.0925209028608+520.0155065317865j)
644,0.03610270209664761,(-539.1646655908407+586.9153351355772j)
645,0.03615876219307097,(790.8543760419694+132.84138057345217j)
646,0.03621482228949434,(471.4973808756853+127.70100545674894j)
647,0.036270882385917705,(-945.6454265089682-525.8726747133974j)
648,0.03632694248234107,(423.25478121190804+1857.6920564675856j)
649,0.03638300257876444,(120.96011025762394+106.16630722767054j)
650,0.0364390626751878,(4.040064069789139+707.5690808394386j)
651,0.03649512277161117,(57.20836040015621-794.5758628315716j)
652,0.036551182868034535,(-930.1332478464343+23.43541189482363j)
653,0.0366072429644579,(-627.5867453705828-358.7555771007155j)
654,0.03666330306088127,(-165.29574938895982-859.6215059703889j)
655,0.03671936315730463,(107.04318507985444-215.55411462129916j)
656,0.036775423253728,(-260.24733190797974+736.002029370818j)
657,0.036831483350151364,(490.9337081518089+1307.1175237821649j)
658,0.03688754344657473,(-1025.5472984034072-641.7484512567041j)
659,0.036943603542998096,(540.4004193209173-471.8257116599731j)
660,0.03699966363942146,(-389.821659601731-1136.6409338640713j)
661,0.03705572373584483,(133.98205613446433-541.7637542837828j)
662,0.037111783832268194,(249.23432785812986-234.9088096010868j)
663,0.03716784392869156,(-920.4468785991311-1028.2202683102398j)
664,0.037223904025114926,(137.35323723731324+1260.7476606590872j)
665,0.03727996412153829,(-457.33076557813627+582.1762656671618j)
666,0.03733602421796166,(686.75910053411-582.0657051716958j)
667,0.037392084314385024,(1338.3776693349876-535.062163299249j)
668,0.03744814441080839,(76.09626892305491-294.35094111845694j)
669,0.037504204507231756,(-566.8094330099345-809.9445928039106j)
670,0.03756026460365512,(-1100.4374341206149-262.7678811208504j)
671,0.03761632470007849,(-407.8249125503841-335.88150304043717j)
672,0.037672384796501854,(770.2070515569159+690.3469911872014j)
673,0.03772844489292521,(-663.1498937675575+355.084303145209j)
674,0.03778450498934858,(434.7069632994114-1246.1379423103376j)
675,0.037840565085771945,(-758.5759215319347+435.8721198857036j)
676,0.03789662518219531,(152.90542195398587+539.2724556291929j)
677,0.03795268527861868,(1259.228558555398+1084.3514888337045j)
678,0.03800874537504204,(-411.67435674776044-89.86706560816484j)
679,0.03806480547146541,(-335.92891492491054+562.4662030883908j)
680,0.038120865567888775,(811.2827064321307-132.86802164386532j)
681,0.03817692566431214,(1319.5951246231857+653.2961450586023j)
682,0.038232985760735506,(-335.76004254891757+255.6917956096633j)
683,0.03828904585715887,(990.8614614268263-1146.877247939428j)
684,0.03834510595358224,(-638.7894871698077+951.9880103455158j)
685,0.038401166050005604,(-1544.5004185891755+1081.749266877379j)
686,0.03845722614642897,(-340.0288369142371+67.72646657081852j)
687,0.038513286242852336,(487.9773167101844+316.9920223394997j)
688,0.0385693463392757,(200.91710787677448+985.1170945271585j)
689,0.03862540643569907,(338.8003313874742-42.72560630949032j)
690,0.038681466532122434,(116.12710613562325-1087.7316694013266j)
691,0.0387375266285458,(150.01133912214976+856.0109877197095j)
692,0.038793586724969166,(695.2563952766442-130.72197347683448j)
693,0.03884964682139253,(-938.6351847249442+139.79579542538758j)
694,0.0389057069178159,(592.8843273904969+368.2216239628525j)
695,0.038961767014239264,(471.1105675108048+84.85228293149059j)
696,0.03901782711066263,(617.5185095439361+898.1080094278361j)
697,0.039073887207085996,(-657.988565042229+957.8690194322044j)
698,0.03912994730350936,(-808.6672223776268-378.6224774683666j)
699,0.03918600739993273,(1013.6465745859373+885.664268738349j)
700,0.039242067496356094,(-103.33711114618467+671.3632062851754j)
701,0.03929812759277946,(-82.7024560215306+1271.0687785701232j)
702,0.039354187689202826,(-537.2365389545655+1368.4722860728898j)
703,0.03941024778562619,(-1039.5199980739235-232.37420328291978j)
704,0.03946630788204956,(106.78923431942269+783.410452658146j)
705,0.03952236797847292,(-410.80737611258695-282.3234980099652j)
706,0.03957842807489629,(278.14039454055603+1093.5943287179584j)
707,0.039634488171319655,(-20.73276022239535+64.97124091839261j)
708,0.03969054826774302,(-582.1694029197819+547.1265221675646j)
709,0.03974660836416639,(157.4602721960843-1202.4802919509639j)
710,0.03980266846058975,(446.30697207006045-570.4877895635979j)
711,0.03985872855701312,(2689.1153655822714-361.29619343217087j)
712,0.039914788653436485,(-336.35887298970704-805.9988004449059j)
713,0.03997084874985985,(-96.1509806543648-111.50547440962166j)
714,0.04002690884628322,(-343.29848353799053+799.6325633014775j)
715,0.04008296894270658,(774.3213070956436-123.27398958858012j)
716,0.04013902903912995,(551.3640517426078+1313.0957625484066j)
717,0.040195089135553315,(-244.23416522106595+1446.1673090580043j)
718,0.04025114923197668,(59.88466711613185+196.2356613196372j)
719,0.04030720932840005,(-241.40206559300506-1089.4024622104669j)
720,0.04036326942482341,(-454.2327505986361-464.67992300324437j)
721,0.04041932952124678,(190.3303011868243+161.32930246451417j)
722,0.040475389617670145,(-331.5450555062252-360.5131844668542j)
723,0.04053144971409351,(875.1561685531622-530.4492260419039j)
724,0.04058750981051688,(858.637731345737+923.8371886796331j)
725,0.04064356990694024,(-102.61749502137565+638.0789337354614j)
726,0.04069963000336361,(732.2728569486842-230.59172658561533j)
727,0.040755690099786974,(240.79168271964764+320.17346224166937j)
728,0.04081175019621034,(373.2553128332921-608.9153446282498j)
729,0.040867810292633706,(371.88142543196705-169.9864602703915j)
730,0.04092387038905707,(-410.1337821122371+997.8295504935837j)
731,0.04097993048548044,(266.05337061680245-645.6462167889879j)
732,0.041035990581903804,(1184.084046705538+179.49354817819574j)
733,0.04109205067832717,(224.1890677671272+220.06058945956022j)
734,0.041148110774750536,(-651.3919300621195+220.31558354789965j)
735,0.0412041708711739,(-168.3379670155577+255.28671300669754j)
736,0.04126023096759726,(-250.84396412960396+643.1376562888622j)
737,0.04131629106402063,(906.5665550851172+1976.6021028355312j)
738,0.04137235116044399,(-975.1181498659786+292.63319273576735j)
739,0.04142841125686736,(229.81647944314867-220.3518201077087j)
740,0.041484471353290725,(47.07640908817592+710.8118269573811j)
741,0.04154053144971409,(-560.4836792328992+280.2931294134527j)
742,0.04159659154613746,(60.47628982827075+1067.9783757207165j)
743,0.04165265164256082,(-1255.894279877105+455.17176722289116j)
744,0.04170871173898419,(772.3360976096217+462.8712558722093j)
745,0.041764771835407555,(470.93449750602645+887.8709439423901j)
746,0.04182083193183092,(802.2480794411595-759.2143362720777j)
747,0.04187689202825429,(-179.23496818227832+94.67224978449264j)
748,0.04193295212467765,(-414.4751267629409-106.06733260379087j)
749,0.04198901222110102,(-412.9422687948478+447.6070450496762j)
750,0.042045072317524385,(-89.75525576963581+35.605836756531176j)
751,0.04210113241394775,(-112.65691534170378+2112.5600207157104j)
752,0.042157192510371116,(-294.7432099928951+550.5651266622715j)
753,0.04221325260679448,(-949.5951409510476+144.67416520328976j)
754,0.04226931270321785,(508.5361445167292-530.4045578586047j)
755,0.042325372799641214,(-855.5836279101566-754.1291658842681j)
756,0.04238143289606458,(396.3592076512651-599.5759514093331j)
757,0.042437492992487946,(-449.04693316595586-448.3854154299531j)
758,0.04249355308891131,(-975.079847964892-419.9401392474706j)
759,0.04254961318533468,(-704.3035318396664-494.90371220960867j)
760,0.042605673281758044,(1478.1668891006098+572.5447434793524j)
761,0.04266173337818141,(-313.87341024506543-765.3046010452314j)
762,0.042717793474604776,(-338.64252771935077+370.3030931160608j)
763,0.04277385357102814,(593.5549049906656+660.613278440938j)
764,0.04282991366745151,(1095.9527631136289-574.2543003214457j)
765,0.042885973763874874,(164.66106778340205-176.2429977505591j)
766,0.04294203386029824,(-425.00666978674116+1845.5846505349264j)
767,0.042998093956721606,(-645.075003084189+871.5524099329614j)
768,0.04305415405314497,(-578.3933460812502-205.27712038211524j)
769,0.04311021414956834,(359.4676164635913+810.8119797557372j)
770,0.043166274245991704,(1264.6843865285368+251.49739164668767j)
771,0.04322233434241507,(836.9405522571508+485.36269394018046j)
772,0.043278394438838436,(-460.81972951001893-157.33024035301958j)
773,0.0433344545352618,(-246.20063392965767+19.254955105501757j)
774,0.04339051463168517,(375.2645399954192+439.5529272277709j)
775,0.043446574728108533,(-343.21306593582113-666.1996978582273j)
776,0.0435026348245319,(-1101.9208667437852-580.9665609829493j)
777,0.043558694920955265,(-1070.8510023606511-90.64275372449129j)
778,0.04361475501737863,(-417.87861141424673-1905.6341586519625j)
779,0.043670815113802,(-591.2159263803815+207.3898126777841j)
780,0.04372687521022536,(-240.04447662842722-1875.1003964140143j)
781,0.04378293530664873,(143.2605862170597+764.0347744699593j)
782,0.043838995403072095,(-57.09494539586589+274.2366424827535j)
783,0.04389505549949546,(-282.50318116544133+466.91539184753907j)
784,0.04395111559591883,(13.714612373260117-366.928463778526j)
785,0.04400717569234219,(-962.2700081583964+14.307741733446989j)
786,0.04406323578876556,(-954.3613826768849+750.3212575176562j)
787,0.044119295885188925,(745.5339693543125+2.2124411253095104j)
788,0.04417535598161229,(-109.59410344698634-469.51780635166205j)
789,0.04423141607803566,(-100.42422219638631+315.6962318131673j)
790,0.04428747617445902,(-414.3303982650447+170.9766562307603j)
791,0.04434353627088239,(-1034.3492973742923-586.9677865598701j)
792,0.044399596367305755,(-872.4267307573758-1544.8500694409183j)
793,0.04445565646372912,(331.75339240076886+435.65788343218696j)
794,0.04451171656015249,(114.15980807111296-150.2515888874806j)
795,0.04456777665657585,(-468.3854685646436+125.91648314953015j)
796,0.04462383675299922,(-1396.7562437009612+61.31685224388522j)
797,0.044679896849422585,(515.9089259209628+277.11669088850664j)
798,0.04473595694584595,(518.5511771872588+378.6449895453353j)
799,0.044792017042269316,(-197.4103503640982-234.6248000720338j)
800,0.04484807713869268,(848.3392218225044+936.5739794765619j)
801,0.04490413723511604,(-1676.4448665995901+1057.6532026160728j)
802,0.04496019733153941,(136.30172499064128-591.1400195970107j)
803,0.04501625742796277,(875.9038742863211+1216.2089646372697j)
804,0.04507231752438614,(-773.7247444456307-715.3359411537316j)
805,0.045128377620809505,(706.3288928569239-750.6798277027269j)
806,0.04518443771723287,(315.0707080541563+1299.1513898215035j)
807,0.04524049781365624,(510.2258037174972-616.2943992577602j)
808,0.0452965579100796,(419.59179103730287+275.9481524996126j)
809,0.04535261800650297,(-499.9947422244793+836.9903313865246j)
810,0.045408678102926335,(204.96296140199902-230.84555555376448j)
811,0.0454647381993497,(-25.579290610186987+377.3646158814914j)
812,0.04552079829577307,(-603.7950264708633-724.8019880182825j)
813,0.04557685839219643,(-17.052488437568705+150.92505522166275j)
814,0.0456329184886198,(-472.14491248856535-163.10930666694335j)
815,0.045688978585043165,(1180.777929359372-308.5456993865976j)
816,0.04574503868146653,(931.4905381442026+67.49463137891541j)
817,0.0458010987778899,(-548.1156378839564-233.89869258757517j)
818,0.04585715887431326,(-43.644497406080546+537.0375320167165j)
819,0.04591321897073663,(314.20289636184634+974.1780710357351j)
820,0.045969279067159995,(-745.8116298305872+785.2515871305673j)
821,0.04602533916358336,(236.38223462112492+476.69866352635825j)
822,0.04608139926000673,(856.2948810200736+184.22109474866062j)
823,0.04613745935643009,(544.1351891484425+329.82555590677856j)
824,0.04619351945285346,(-593.9015695661635+1052.4499262485972j)
825,0.046249579549276824,(-486.3498221118262-700.6444282107437j)
826,0.04630563964570019,(-370.2627245478538+914.2695764296853j)
827,0.046361699742123556,(632.5023906246943+136.97001852885228j)
828,0.04641775983854692,(366.26493518722725+545.7156550566208j)
829,0.04647381993497029,(284.24386309071474-597.879145913483j)
830,0.046529880031393654,(-831.2852117971645-5.4469822330949j)
831,0.04658594012781702,(461.31381329841327-238.3406494956288j)
832,0.046642000224240386,(-1280.3823944725737+128.79689556481276j)
833,0.04669806032066375,(-604.7754580545452-122.62209122384513j)
834,0.04675412041708712,(-782.5383866679862-431.26687360927593j)
835,0.046810180513510484,(-201.98308396032468+98.82582699473096j)
836,0.04686624060993385,(709.926185266921+460.498991568506j)
837,0.046922300706357216,(-550.7425508799769-778.7894486292623j)
838,0.04697836080278058,(-146.95444304744362-67.99852131394962j)
839,0.04703442089920395,(690.3319865493718+196.7200065458943j)
840,0.047090480995627314,(1245.897915746208-14.261612333784626j)
841,0.04714654109205068,(1154.245297931963-646.9488958427685j)
842,0.047202601188474046,(185.22676732289136-932.1991511603264j)
843,0.04725866128489741,(-742.7717118435751-294.91637214016964j)
844,0.04731472138132078,(737.951871454647-952.9597310000208j)
845,0.047370781477744144,(-199.77409615036328-363.7707920018123j)
846,0.04742684157416751,(562.6357345539417-735.1602935853364j)
847,0.047482901670590875,(33.898713421150106-114.37028843866341j)
848,0.04753896176701424,(-42.856351236824764+882.4978575423909j)
849,0.04759502186343761,(385.4711320302856+25.60649900432358j)
850,0.04765108195986097,(-128.68498224045794-136.6861717752879j)
851,0.04770714205628434,(-303.91226599853405-835.9267495891954j)
852,0.047763202152707705,(1279.8771794963734+1211.7326023797439j)
853,0.04781926224913107,(-792.5784118803457-368.95239785073625j)
854,0.04787532234555444,(-777.5156510253165+135.4473411204233j)
855,0.0479313824419778,(284.4565754966991+628.2500356540359j)
856,0.04798744253840117,(693.1284450530002-138.48872718691888j)
857,0.048043502634824535,(-213.80524867615821+316.655798993042j)
858,0.0480995627312479,(204.19244134398508+1023.7114009694008j)
859,0.04815562282767127,(224.69702754570918+255.6701661846079j)
860,0.04821168292409463,(-184.59070476670567+725.9635668394822j)
861,0.048267743020518,(76.06389304377737-1387.825089981549j)
862,0.048323803116941365,(-82.60776444078047+252.92936653546695j)
863,0.04837986321336473,(-1337.2623739657417+1157.4823897614724j)
864,0.04843592330978809,(1362.6996996778025+470.4467671592602j)
865,0.048491983406211456,(1021.2914552183076-129.37034224623991j)
866,0.04854804350263482,(-148.73761232928604+731.9954183258236j)
867,0.04860410359905819,(-375.4952221959101-336.101460649395j)
868,0.048660163695481554,(144.90288076350348+548.3254053956078j)
869,0.04871622379190492,(-703.8979009320279-70.4943462820593j)
870,0.048772283888328286,(-482.70841293607555-207.49449978893176j)
871,0.04882834398475165,(1185.0002730105607+1076.6575473432993j)
872,0.04888440408117502,(-79.0718144014181-430.3201577798849j)
873,0.04894046417759838,(-398.83901778477525-844.6233189462766j)
874,0.04899652427402175,(281.5411869021218+530.5045104017358j)
875,0.049052584370445115,(-524.4907900046587+378.6235202175301j)
876,0.04910864446686848,(-1152.6628824092238-1151.4657505622724j)
877,0.04916470456329185,(-256.6136581161769+600.9190201509618j)
878,0.04922076465971521,(-150.5860387032514+659.4249385419562j)
879,0.04927682475613858,(-654.6283252242107+669.8655402201013j)
880,0.049332884852561945,(538.8491909259685+518.0512533376784j)
881,0.04938894494898531,(-361.4350846146111+413.4239201391012j)
882,0.04944500504540868,(-489.88228022903684+388.2167748387153j)
883,0.04950106514183204,(-877.3338342859724-719.9630535243248j)
884,0.04955712523825541,(53.52689729450775-236.50111458863165j)
885,0.049613185334678775,(-251.08317070503932+1084.4678072577108j)
886,0.04966924543110214,(-391.52949444789624-625.8904477125923j)
887,0.04972530552752551,(136.25692957069654-172.45284971098278j)
888,0.04978136562394887,(563.6777782719819+271.83016323477284j)
889,0.04983742572037224,(663.2538787905241+413.41559885901626j)
890,0.049893485816795605,(-1155.5696041627123+19.840872754733198j)
891,0.04994954591321897,(-1376.4120103608632+198.05575463591668j)
892,0.05000560600964234,(-233.61473861902545-244.34190183217476j)
893,0.0500616661060657,(640.8988461101176-331.85503065383824j)
894,0.05011772620248907,(-47.59594786285533-17.284515838365188j)
895,0.050173786298912434,(-55.238250817883284-1122.731537089247j)
896,0.0502298463953358,(610.1381839449667-1345.2255526091672j)
897,0.050285906491759166,(1208.760277270387-365.45600194429653j)
898,0.05034196658818253,(162.89883840060202+59.00889644300558j)
899,0.0503980266846059,(1345.052295149037+81.37868446936409j)
900,0.050454086781029264,(-1295.3622031723517-1149.9981553695961j)
901,0.05051014687745263,(930.0822656705183+190.44567625467218j)
902,0.050566206973875996,(433.7071830024448-611.0223758474244j)
903,0.05062226707029936,(-727.6601697406023+572.8625140367692j)
904,0.05067832716672273,(225.51112601679495-32.6580132838743j)
905,0.050734387263146094,(-45.607787837809894-1757.8271012954722j)
906,0.05079044735956946,(824.1447406826156+29.381495756927187j)
907,0.050846507455992826,(10.452810916986806-309.0239642199095j)
908,0.05090256755241619,(-457.47713656129076-701.2646527363407j)
909,0.05095862764883956,(329.50551767312845-81.10347102490533j)
910,0.051014687745262924,(-857.8588152442876-1199.0919805850756j)
911,0.05107074784168629,(818.3084507010917+99.92133982858836j)
912,0.051126807938109656,(-487.9073520512727+864.7486048270953j)
913,0.05118286803453302,(428.34719905033654+449.36061744754835j)
914,0.05123892813095639,(-270.64736648416033-416.19714840465986j)
915,0.051294988227379754,(-677.6653480141651-255.7527875318774j)
916,0.05135104832380312,(-332.24945636836367-761.6917504904071j)
917,0.051407108420226486,(-152.11551623613852+187.07804826204915j)
918,0.05146316851664985,(-392.8074384211114-121.81266082535177j)
919,0.05151922861307322,(-483.060651414036+173.6996004694016j)
920,0.05157528870949658,(-204.34210181903688-10.861634814045637j)
921,0.05163134880591995,(187.7829868727111+33.497032249681034j)
922,0.051687408902343315,(512.496175545245-1721.6631932040714j)
923,0.05174346899876668,(125.22890641501118-482.34687259847846j)
924,0.05179952909519005,(-1034.8847072347276+303.55477160632194j)
925,0.05185558919161341,(-540.8576032478235-602.5864152390008j)
926,0.05191164928803678,(1057.1595644172328-66.53271802805236j)
927,0.051967709384460145,(288.2528828361965+218.72072384187044j)
928,0.05202376948088351,(-482.01429751723526-501.2836045386929j)
929,0.05207982957730687,(1139.2712544357069-1121.662961545541j)
930,0.052135889673730236,(-1318.29328355429+587.4966825205346j)
931,0.0521919497701536,(-1040.8901727349214+219.30990229171712j)
932,0.05224800986657697,(-370.1763934134824+185.63679940841087j)
933,0.052304069963000334,(-314.294829177564+154.70297638111276j)
934,0.0523601300594237,(-197.4307481131942+743.9543527493869j)
935,0.052416190155847066,(-350.3693929914589+596.3116737529456j)
936,0.05247225025227043,(-214.2481754938761+1105.8647378649675j)
937,0.0525283103486938,(-208.77551702002975+94.41092632254015j)
938,0.052584370445117164,(766.1258659749299-332.47328755289215j)
939,0.05264043054154053,(-1512.7863081743199-323.0371016149798j)
940,0.052696490637963896,(-638.1733795537326+807.1299068607198j)
941,0.05275255073438726,(-399.2025257785602-420.6893802584018j)
942,0.05280861083081063,(-459.24839859384576-322.07819972538357j)
943,0.05286467092723399,(573.5269275686915-340.1937384756838j)
944,0.05292073102365736,(-603.0997387994433-145.26118177597823j)
945,0.052976791120080725,(630.4402518579257+619.701107243913j)
946,0.05303285121650409,(1224.1339034931552-451.9617593855688j)
947,0.05308891131292746,(827.4568021436937+178.6527448673645j)
948,0.05314497140935082,(-1285.129321318203+350.2270861048844j)
949,0.05320103150577419,(-462.9282285740395-333.8189483262779j)
950,0.053257091602197555,(1111.2686859115315-272.890360810869j)
951,0.05331315169862092,(142.92445127866642-707.0666032816844j)
952,0.05336921179504429,(254.0971743537744+4.855197918545599j)
953,0.05342527189146765,(473.80720027602126-491.8768183350675j)
954,0.05348133198789102,(924.1072292620956-18.044921229342265j)
955,0.053537392084314385,(668.7738864272766-971.0926367339989j)
956,0.05359345218073775,(566.7878352202114+493.3102824383882j)
957,0.05364951227716112,(-20.149474631408623-685.188169751721j)
958,0.05370557237358448,(-1167.5452477978877-285.85029125368436j)
959,0.05376163247000785,(-960.3938746312127-617.9827967094011j)
960,0.053817692566431215,(563.935621495822-532.7805618799584j)
961,0.05387375266285458,(-145.23692496542196+540.7356210755064j)
962,0.05392981275927795,(11.02340879992255-152.43059168796322j)
963,0.05398587285570131,(-1224.7938653414462+148.1624713100775j)
964,0.05404193295212468,(-325.0669479705131+512.6611450058708j)
965,0.054097993048548045,(166.5207824388046-127.46021217356173j)
966,0.05415405314497141,(-9.426474643854021+1250.3850077481823j)
967,0.054210113241394776,(850.8576913867855-696.5970436042572j)
968,0.05426617333781814,(-1446.9685496581703+496.8648954735653j)
969,0.05432223343424151,(-731.5280313487027+307.19979608803436j)
970,0.054378293530664874,(752.4675321930429-647.4388247724823j)
971,0.05443435362708824,(443.85112491143144-14.066909499930432j)
972,0.054490413723511606,(1623.78439236398+183.53021903152793j)
973,0.05454647381993497,(590.1445835802684-399.84497963438423j)
974,0.05460253391635834,(-476.69029043883336-133.36687658757677j)
975,0.054658594012781704,(-75.43179994805752+790.1957482627047j)
976,0.05471465410920507,(-36.32351871187757-1024.683266732204j)
977,0.054770714205628436,(886.2557880386096-216.57099202648493j)
978,0.0548267743020518,(187.45402553068007+890.436857271581j)
979,0.05488283439847517,(-408.28261196384307-342.901064196762j)
980,0.054938894494898534,(-25.618924404025677-589.5023271467185j)
981,0.0549949545913219,(-537.4049844671724-508.11965715321463j)
982,0.055051014687745266,(-402.18364117310085-61.914120249443j)
983,0.05510707478416863,(-82.41819380293933+426.4168636476061j)
984,0.055163134880592,(504.2081706158755-204.88667748772252j)
985,0.055219194977015364,(83.50442682020099-894.19515120648j)
986,0.05527525507343873,(451.99490370942004-356.4063025340704j)
987,0.055331315169862096,(353.50282074355545-387.0743502462723j)
988,0.05538737526628546,(-68.12822068443921-700.2060164173549j)
989,0.05544343536270883,(-964.9715079615524+1097.8275055312845j)
990,0.05549949545913219,(-505.2713186839712+824.098227595361j)
991,0.05555555555555556,(-565.9935890570565-786.9740475832854j)
992,0.05561161565197892,(-488.9681868654998-421.647932687845j)
993,0.055667675748402284,(-111.03226951103186-151.80440721383306j)
994,0.05572373584482565,(-338.80905197223115+1358.2743048745012j)
995,0.055779795941249016,(630.1763093506116+893.9326519133726j)
996,0.05583585603767238,(445.3085443848291-277.21380737516984j)
997,0.05589191613409575,(-341.3134334919579-994.4571565559696j)
998,0.055947976230519114,(190.79774229024832+348.5328853046643j)
999,0.05600403632694248,(7.458391972153443-402.699510357504j)
1000,0.056060096423365846,(932.9608323072322-137.5050178244967j)
1001,0.05611615651978921,(-796.5383711982211-1167.2183397014542j)
1002,0.05617221661621258,(1628.7825355697544+295.04828587701j)
1003,0.056228276712635944,(-659.1177703550733+734.4754567922549j)
1004,0.05628433680905931,(38.21279831834088+502.8220141199355j)
1005,0.056340396905482676,(908.7207705157524-189.47802752935598j)
1006,0.05639645700190604,(405.4973166755402-2.03799373172248j)
1007,0.05645251709832941,(-553.4928979411541+114.71282911316734j)
1008,0.056508577194752774,(-777.0577454717693-533.2022618855717j)
1009,0.05656463729117614,(1457.4157574173619-931.256679288889j)
1010,0.056620697387599506,(-844.671577512772+667.3420990641799j)
1011,0.05667675748402287,(149.16694794322686+23.5116419521557j)
1012,0.05673281758044624,(-662.2200346183766+83.14572432556133j)
1013,0.056788877676869604,(-80.58722772266923-161.74501201148004j)
1014,0.05684493777329297,(62.15510397899529+26.812875531707927j)
1015,0.056900997869716335,(-698.4800954353809+168.6250932780389j)
1016,0.0569570579661397,(647.5953743725929+1274.22555131413j)
1017,0.05701311806256307,(289.97336755711973+244.10112169853147j)
1018,0.05706917815898643,(-426.770533538007-407.9290782019245j)
1019,0.0571252382554098,(465.90824793785595-761.9454185551112j)
1020,0.057181298351833165,(161.4715903790789+572.7750782926945j)
1021,0.05723735844825653,(-76.42206624412725+156.29121410941596j)
1022,0.0572934185446799,(85.5064320705152+952.4212107077763j)
1023,0.05734947864110326,(-1355.7887777497297+30.26612451387689j)
1024,0.05740553873752663,(-1359.5712816060213+1102.5238506570995j)
1025,0.057461598833949995,(-264.1434952922401-755.6173199415573j)
1026,0.05751765893037336,(-460.6750924520041+469.3731475046706j)
1027,0.05757371902679673,(-520.9480555826667+478.9896043044653j)
1028,0.05762977912322009,(-651.6580394294831-183.21082055088633j)
1029,0.05768583921964346,(892.4673498779568+762.8751837858715j)
1030,0.057741899316066825,(-472.1378855656128-871.3509697995727j)
1031,0.05779795941249019,(-169.69809426189778+580.2484825960531j)
1032,0.05785401950891356,(-947.7148849705047+392.92379770633073j)
1033,0.05791007960533692,(904.6907728568549-311.81996717579284j)
1034,0.05796613970176029,(225.32141894159406+1653.0476587079324j)
1035,0.058022199798183655,(-104.04342258406545-244.33338679257815j)
1036,0.05807825989460702,(13.421847342581657-1039.026074709482j)
1037,0.058134319991030386,(-968.9982804083224+1206.4189138724548j)
1038,0.05819038008745375,(-879.2840104741708+198.15918881447655j)
1039,0.05824644018387712,(65.32431587353551+738.6649377831608j)
1040,0.058302500280300484,(529.8046729562942+440.66181780175975j)
1041,0.05835856037672385,(-1056.455096327366+8.786387118031485j)
1042,0.058414620473147216,(77.1628897665082-505.7124565809576j)
1043,0.05847068056957058,(-442.7312878051369+265.602017817555j)
1044,0.05852674066599395,(163.12280875933834+238.73466934656733j)
1045,0.058582800762417314,(-142.42454158757204-340.2147683044802j)
1046,0.05863886085884068,(-80.98001265267425-675.6756187215782j)
1047,0.058694920955264046,(713.2546093431401-183.08077342499246j)
1048,0.05875098105168741,(389.83710395754764+463.18533782243816j)
1049,0.05880704114811078,(-112.25482244503613-468.55562627185685j)
1050,0.058863101244534144,(-11.99093072732029+401.52803241786705j)
1051,0.05891916134095751,(-301.79780190243616-985.151272101361j)
1052,0.058975221437380876,(-857.1706489220973+32.22549575630421j)
1053,0.05903128153380424,(-825.2481219679374-475.46734201927705j)
1054,0.05908734163022761,(369.12896662393985-162.1842848023204j)
1055,0.059143401726650974,(629.3735935954694+302.57511833458085j)
1056,0.05919946182307434,(-338.7211286347615+51.20384482432547j)
1057,0.0592555219194977,(247.0400563493784+236.73730265195627j)
1058,0.059311582015921065,(1012.1518754100995-1184.1805876244516j)
1059,0.05936764211234443,(-29.899448452332813-177.34402126398885j)
1060,0.0594237022087678,(-572.0520045880909+832.5301718224888j)
1061,0.05947976230519116,(-600.1201572651626-657.6883805284539j)
1062,0.05953582240161453,(-312.5117302814257+798.8914623797968j)
1063,0.059591882498037894,(-256.72977469660094-203.88337942161505j)
1064,0.05964794259446126,(806.4975606654184-533.555565851448j)
1065,0.059704002690884626,(759.4627514169863+604.3258565677584j)
1066,0.05976006278730799,(283.23221943717886-190.3113903063975j)
1067,0.05981612288373136,(107.89626350208555+290.25606705261316j)
1068,0.059872182980154724,(1034.479075349858-5.40657462635275j)
1069,0.05992824307657809,(19.98297503329978+558.1542001556581j)
1070,0.059984303173001456,(-267.6804362908093+847.707834661022j)
1071,0.06004036326942482,(669.5388330526616+793.1133585005307j)
1072,0.06009642336584819,(-1642.4625748569847+961.8446583251231j)
1073,0.060152483462271554,(-387.864334777144+1817.86194767316j)
1074,0.06020854355869492,(9.11586822581512-1511.3172177261363j)
1075,0.060264603655118286,(-1458.178432996489-404.1895447263886j)
1076,0.06032066375154165,(-61.93047665744274-1026.6939323387792j)
1077,0.06037672384796502,(67.99851090139872-364.31302985816075j)
1078,0.060432783944388384,(-200.14516296614812-27.854436944586666j)
1079,0.06048884404081175,(-396.6808097146072-659.4645286053006j)
1080,0.060544904137235116,(26.158107447096008-100.77855559586617j)
1081,0.06060096423365848,(-1348.5036388764884-18.69428147027253j)
1082,0.06065702433008185,(241.1450930713877+1022.6256280037251j)
1083,0.060713084426505214,(48.86699154392562+701.8429074125552j)
1084,0.06076914452292858,(-115.72133154610623+520.2848744422813j)
1085,0.060825204619351946,(-222.77038343237416-205.4685501399845j)
1086,0.06088126471577531,(193.53391144276765+267.49407181663764j)
1087,0.06093732481219868,(768.4546553079839+327.7911497181884j)
1088,0.06099338490862204,(-62.233155368151586-1159.2358602487957j)
1089,0.06104944500504541,(750.8138190311603+973.8787548244062j)
1090,0.061105505101468775,(-2021.956553319269-378.2050724646774j)
1091,0.06116156519789214,(407.4196692585301-234.565755423871j)
1092,0.06121762529431551,(207.8983930742371-450.46885757304756j)
1093,0.06127368539073887,(412.65369490632224+585.7640482401421j)
1094,0.06132974548716224,(-761.5664593211067+469.08332798194084j)
1095,0.061385805583585605,(-270.3992113663521-606.1769961516271j)
1096,0.06144186568000897,(-473.08134357578865-355.07223009806455j)
1097,0.06149792577643234,(-117.22090635273075+100.63376443310746j)
1098,0.0615539858728557,(-101.34380604453705-436.6231512792622j)
1099,0.06161004596927907,(384.96258259702927+266.79537823004165j)
1100,0.061666106065702435,(-178.2297945374375-780.7560734257274j)
1101,0.0617221661621258,(950.6758995290471+468.23680828911915j)
1102,0.06177822625854917,(742.9503948941659-543.4471291890918j)
1103,0.06183428635497253,(-936.1768864091913+517.942664998235j)
1104,0.0618903464513959,(514.930566027951-644.9608557252627j)
1105,0.061946406547819265,(23.73208013299208+246.60381391961457j)
1106,0.06200246664424263,(691.3096096566865+530.958396848808j)
1107,0.062058526740666,(-52.77988827884326-1157.0852918248556j)
1108,0.06211458683708936,(847.802606930589+324.2785452305061j)
1109,0.06217064693351273,(-258.65295974531585+285.4457982350087j)
1110,0.062226707029936094,(-690.1141100688878+128.0549711497918j)
1111,0.06228276712635946,(-59.22562191253419-161.61378195380223j)
1112,0.062338827222782826,(-417.99237678780963+152.92642600805672j)
1113,0.06239488731920619,(-15.026117030042833-236.57271129583432j)
1114,0.06245094741562956,(584.7188424681764+42.00177888550206j)
1115,0.06250700751205292,(137.72854552402094+191.52026409487422j)
1116,0.06256306760847628,(-319.3297377006064+532.8581317456113j)
1117,0.06261912770489965,(-491.7642995747832+638.5630627571588j)
1118,0.06267518780132302,(-135.28611262833743+711.8589104709081j)
1119,0.06273124789774638,(-278.7702219275867-168.1123865652928j)
1120,0.06278730799416975,(159.28058465637017+455.19651785652195j)
1121,0.06284336809059311,(-549.7627236650386-434.77768626697036j)
1122,0.06289942818701648,(-523.4611685931966+1585.698458890437j)
1123,0.06295548828343984,(2016.4210861301958-180.67609319527685j)
1124,0.06301154837986321,(-343.5281782939687+913.6413136046033j)
1125,0.06306760847628658,(1451.4270544013514+1.1906973528001288j)
1126,0.06312366857270994,(1226.425102001285-1099.3318147894265j)
1127,0.06317972866913331,(-311.47721239181885-168.3029308740354j)
1128,0.06323578876555667,(1247.547650275528-525.613601589413j)
1129,0.06329184886198004,(1081.547699998421-895.0051717854928j)
1130,0.0633479089584034,(-671.7303440042676-16.190140705536805j)
1131,0.06340396905482677,(-561.8630849937422-548.6019678412259j)
1132,0.06346002915125014,(13.481917791914839-1689.0956082796997j)
1133,0.0635160892476735,(252.49816417729548+1467.9449021585576j)
1134,0.06357214934409687,(-335.3305840224379+100.18040907105828j)
1135,0.06362820944052024,(241.4151752801808+312.42956489467394j)
1136,0.0636842695369436,(-233.28605616075197-144.1012481060556j)
1137,0.06374032963336697,(-88.67295936651641-1519.998312003679j)
1138,0.06379638972979033,(413.10133282242657+336.64147786561824j)
1139,0.0638524498262137,(-556.1677784709045+1004.9432586713187j)
1140,0.06390850992263707,(673.994625279666-400.2714867347217j)
1141,0.06396457001906043,(1134.3323105498666-681.953736799079j)
1142,0.0640206301154838,(257.9843167947786-1105.6528777853102j)
1143,0.06407669021190716,(1093.9707657055353-183.88494631818628j)
1144,0.06413275030833053,(-403.54056090747895+441.9676759315133j)
1145,0.0641888104047539,(-642.3980025228135-763.1613533919159j)
1146,0.06424487050117726,(-808.0594136661664-583.3006839881566j)
1147,0.06430093059760063,(548.8310723547183-315.8577507937532j)
1148,0.064356990694024,(4.689726854606931+485.1620323654146j)
1149,0.06441305079044736,(-465.58549170516517+837.1945064460378j)
1150,0.06446911088687073,(-15.847922892781988-174.10186627019868j)
1151,0.06452517098329409,(628.5886158226787-1084.3130871678427j)
1152,0.06458123107971746,(-44.74199029972405-534.1497743172423j)
1153,0.06463729117614082,(-263.6640203222582+728.7072573585097j)
1154,0.06469335127256419,(-575.0078877658229+498.42658271881834j)
1155,0.06474941136898756,(120.52169488252807+208.75285609237983j)
1156,0.06480547146541092,(-759.4685570391464-182.9248765987456j)
1157,0.06486153156183429,(161.3815706401288+1395.4968118377724j)
1158,0.06491759165825765,(571.9153483059742-365.5242177753798j)
1159,0.06497365175468102,(196.31999237483296-390.7702692344122j)
1160,0.06502971185110439,(304.4045996251298+811.070186405919j)
1161,0.06508577194752775,(-334.8822834717135+723.5583631391851j)
1162,0.06514183204395112,(-207.63162172112663+1272.3293667797293j)
1163,0.06519789214037448,(105.8847518385698-207.9402385501561j)
1164,0.06525395223679785,(-186.3071827047752+41.52684624361977j)
1165,0.06531001233322122,(14.9284762104229-601.1017580658101j)
1166,0.06536607242964458,(-373.93255412206724-1011.9568022159822j)
1167,0.06542213252606795,(-1184.7164562852347-343.0326081313921j)
1168,0.06547819262249131,(1036.9561204127483+658.4833027907367j)
1169,0.06553425271891468,(-134.27767245934862+228.30638179507415j)
1170,0.06559031281533804,(666.8708837743684+64.71233107160549j)
1171,0.06564637291176141,(-549.8155797513882+22.30008708964806j)
1172,0.06570243300818478,(485.7875341665644+838.1756866879696j)
1173,0.06575849310460814,(234.89227145831242+1119.932315729311j)
1174,0.06581455320103151,(-947.4418042278904+1084.2615456144626j)
1175,0.06587061329745487,(119.32896098748954-217.39722728696785j)
1176,0.06592667339387824,(-377.0784098859697-530.727485392333j)
1177,0.0659827334903016,(444.42097692547236+443.67647820800755j)
1178,0.06603879358672497,(1001.6043349499537-569.823569256256j)
1179,0.06609485368314834,(-1284.9546348687807+247.30909859191286j)
1180,0.0661509137795717,(-544.4136032308027-88.50491772202872j)
1181,0.06620697387599507,(276.2860313992303-505.4888413335892j)
1182,0.06626303397241844,(124.41417563245662+434.52931205693926j)
1183,0.0663190940688418,(443.3469396317778-309.151959515291j)
1184,0.06637515416526517,(1493.6358122361735-234.64826511358035j)
1185,0.06643121426168853,(-236.82900135586868+356.90243557229763j)
1186,0.0664872743581119,(100.98000390916158+214.65185621855278j)
1187,0.06654333445453527,(532.780411254727-482.20801810624715j)
1188,0.06659939455095863,(-942.9372721530533+198.87951777641095j)
1189,0.066655454647382,(-242.71249263209808-1101.8999215118672j)
1190,0.06671151474380536,(-248.8037620438127-500.75770021175856j)
1191,0.06676757484022873,(-424.4843379609452-771.9823834696481j)
1192,0.0668236349366521,(788.156612792091+524.6401656588497j)
1193,0.06687969503307546,(-45.57587494480062+216.69672516677477j)
1194,0.06693575512949883,(731.2605187401762-414.3292085986881j)
1195,0.0669918152259222,(-65.73396844207872-659.4237043163257j)
1196,0.06704787532234556,(929.2941726092383+576.1506476194413j)
1197,0.06710393541876893,(137.51885136518598+830.5914481190222j)
1198,0.06715999551519229,(487.8500844136194+511.02600538350714j)
1199,0.06721605561161566,(541.0372201068647-365.7921217808759j)
1200,0.06727211570803902,(868.3163510689939-744.2734599946214j)
1201,0.06732817580446239,(395.5721274695567+627.9048391811394j)
1202,0.06738423590088576,(-794.4055159748391+442.9213015826888j)
1203,0.06744029599730912,(-651.1473744038307+289.77436627801217j)
1204,0.06749635609373249,(-682.1164660795695-202.36904896530223j)
1205,0.06755241619015585,(-1077.2620244055724-351.0466566689392j)
1206,0.06760847628657922,(-781.5672852252256+108.86603648840608j)
1207,0.06766453638300259,(-43.1948614655787-244.87386518856036j)
1208,0.06772059647942595,(-435.0248322584959-59.57767003941461j)
1209,0.06777665657584932,(-21.811344967034906+206.554829267114j)
1210,0.06783271667227268,(69.92453980873206-508.54590234451496j)
1211,0.06788877676869605,(-492.0448225064388+792.987473756295j)
1212,0.06794483686511942,(288.12927579837833+22.630584348019042j)
1213,0.06800089696154278,(-209.39143404316619+207.2674794473063j)
1214,0.06805695705796615,(61.902481916246586-1021.231728486695j)
1215,0.06811301715438951,(1112.1442829415162-1111.4130394466424j)
1216,0.06816907725081287,(123.38841451171967-187.54325466490525j)
1217,0.06822513734723623,(58.42336530634089+81.52583041226897j)
1218,0.0682811974436596,(1755.7802642190777-267.83741723667504j)
1219,0.06833725754008296,(-334.6818188442173+356.98712534584905j)
1220,0.06839331763650633,(1158.0125500532458-806.7156228629618j)
1221,0.0684493777329297,(-228.95089961895843-24.577452554244502j)
1222,0.06850543782935306,(-241.28861888262855+193.59728697274025j)
1223,0.06856149792577643,(-219.96863718546015-214.513957781027j)
1224,0.06861755802219979,(-901.1353687298767+156.22902736233135j)
1225,0.06867361811862316,(-18.85284969949879-945.5811128668233j)
1226,0.06872967821504652,(880.9688405052625+563.4226761673702j)
1227,0.06878573831146989,(-679.7411407416207-1039.2932977541361j)
1228,0.06884179840789326,(-761.9068528265661-51.38958836324379j)
1229,0.06889785850431662,(-587.0997039927734+579.6484240491725j)
1230,0.06895391860073999,(867.497700011065+43.232179079307514j)
1231,0.06900997869716335,(884.7310222481243+1063.446771928766j)
1232,0.06906603879358672,(101.02513190300445-519.9150482736692j)
1233,0.06912209889001009,(384.3035443729858+642.1149205990532j)
1234,0.06917815898643345,(904.4992627927375+273.11524179420456j)
1235,0.06923421908285682,(162.72744475544226-907.9928685579553j)
1236,0.06929027917928018,(317.71863167795124-957.2696550712232j)
1237,0.06934633927570355,(14.412454961992864-563.8018207046839j)
1238,0.06940239937212692,(-706.2519071187586-1022.8037600164191j)
1239,0.06945845946855028,(-420.3689158700278-789.7764292212515j)
1240,0.06951451956497365,(-502.18590386668745-737.8067670492228j)
1241,0.06957057966139701,(1029.9925618613802-1608.2012009572604j)
1242,0.06962663975782038,(-145.25629550911145+496.5110830516177j)
1243,0.06968269985424375,(1044.1930143176776-870.2525099871807j)
1244,0.06973875995066711,(462.9801952415524-230.68621241896327j)
1245,0.06979482004709048,(325.23235232221157+582.395087316146j)
1246,0.06985088014351384,(253.03191676944084+519.9273049123233j)
1247,0.06990694023993721,(-24.09678718255128-1141.471920953372j)
1248,0.06996300033636058,(737.3524397438798+131.21956222112112j)
1249,0.07001906043278394,(168.9768816230827+201.4204099307883j)
1250,0.07007512052920731,(488.03350763324596+36.28607668640697j)
1251,0.07013118062563067,(-396.0397040782595+389.2580285844564j)
1252,0.07018724072205404,(-1667.7575361201518+1435.177449182161j)
1253,0.0702433008184774,(-773.1531130415293-1125.0745376236969j)
1254,0.07029936091490077,(-292.063529576143+237.12798615164004j)
1255,0.07035542101132414,(-507.1595850265769+610.6428231874941j)
1256,0.0704114811077475,(-641.9033702832786+7.409260514008807j)
1257,0.07046754120417087,(-770.1084706196494+35.70407821078632j)
1258,0.07052360130059424,(549.4746351117217-549.447109885339j)
1259,0.0705796613970176,(718.4293297746036-638.3179381929992j)
1260,0.07063572149344097,(746.1394308611814+1163.7380342775732j)
1261,0.07069178158986433,(50.78879838954019+360.442353599602j)
1262,0.0707478416862877,(475.6063705016003+234.24043431721833j)
1263,0.07080390178271107,(146.9582260611244-450.6149647838023j)
1264,0.07085996187913443,(764.3058359270336-189.97522889701932j)
1265,0.0709160219755578,(204.82199743929488+709.7202791458727j)
1266,0.07097208207198116,(-4.342074987987985-856.6840420405362j)
1267,0.07102814216840453,(-322.1326165818763+476.05114460240213j)
1268,0.0710842022648279,(1212.9587819760764-426.21944561701184j)
1269,0.07114026236125126,(733.1030536931687-1123.1384259638369j)
1270,0.07119632245767463,(231.2891361452801+382.9251321678755j)
1271,0.07125238255409799,(71.6502249220517+1088.9519619890848j)
1272,0.07130844265052136,(-411.48434709307355+286.8168461045411j)
1273,0.07136450274694472,(-555.2335138599816-92.37503793943154j)
1274,0.07142056284336809,(499.2960591522588+822.9764518349856j)
1275,0.07147662293979146,(608.9818751780616+574.4779845234644j)
1276,0.07153268303621482,(391.28735696717257-1444.4714738286682j)
1277,0.07158874313263819,(-9.012471237420414-1062.777249457861j)
1278,0.07164480322906155,(-729.8089642667986+633.6305870232914j)
1279,0.07170086332548492,(-691.0143988147806-980.9129030794568j)
1280,0.07175692342190829,(-658.610776710196-538.4181737679075j)
1281,0.07181298351833165,(-512.0787416341312+693.2038220499936j)
1282,0.07186904361475502,(872.48797681208+713.6520659001106j)
1283,0.07192510371117838,(280.3671408835522-303.83431179229717j)
1284,0.07198116380760175,(-83.43695443223568-14.493369698364212j)
1285,0.07203722390402512,(612.2235912882707+854.18281684496j)
1286,0.07209328400044848,(132.01751882362146-243.51240911317134j)
1287,0.07214934409687185,(489.50356078550897-108.60674969612404j)
1288,0.07220540419329521,(-606.2599496032618-728.917906139057j)
1289,0.07226146428971858,(-101.66398979810708+790.1104078352315j)
1290,0.07231752438614195,(-15.35379244970764-405.62118008762945j)
1291,0.07237358448256531,(-1286.8366722177407-173.54202347963047j)
1292,0.07242964457898868,(262.1965056581249-730.8569829493708j)
1293,0.07248570467541204,(16.340938737241686-589.8545033692034j)
1294,0.07254176477183541,(-71.99312642263033+1726.5685241484234j)
1295,0.07259782486825878,(1053.7744176128501+250.27002587590746j)
1296,0.07265388496468214,(739.3016264681123-711.9068307318963j)
1297,0.07270994506110551,(-181.98366322694915+760.956543307268j)
1298,0.07276600515752887,(797.5271988424843-192.2443262720858j)
1299,0.07282206525395224,(-276.4705234586639+97.92609547929086j)
1300,0.0728781253503756,(-561.7800701682316+970.9676908756712j)
1301,0.07293418544679897,(-823.7205292571454-414.16753508837667j)
1302,0.07299024554322234,(-552.5158822262872+243.9150648039902j)
1303,0.0730463056396457,(76.70500650665656-1835.698121156658j)
1304,0.07310236573606907,(-387.8282033969025+691.5491477736723j)
1305,0.07315842583249244,(437.58454868329153-122.46441858979068j)
1306,0.0732144859289158,(-640.1707023215229-549.1617099092994j)
1307,0.07327054602533917,(2565.8741074325944-342.70621065488353j)
1308,0.07332660612176253,(-432.3769536452038+731.0521405397242j)
1309,0.0733826662181859,(-262.7462039717595+87.34656004144146j)
1310,0.07343872631460927,(-260.8887062972085+961.9598096999813j)
1311,0.07349478641103263,(782.6365127619083-175.01274914547338j)
1312,0.073550846507456,(-155.40171642759452-260.7163038171483j)
1313,0.07360690660387936,(30.815408837768643+241.6094086690638j)
1314,0.07366296670030273,(1.7991953573591033-134.103518126752j)
1315,0.0737190267967261,(84.352134393127+232.3497540881656j)
1316,0.07377508689314946,(-585.2422713369205+425.199460705752j)
1317,0.07383114698957283,(471.1884170691549+1003.3635036777446j)
1318,0.07388720708599619,(-184.95912453261715+1015.9067389785597j)
1319,0.07394326718241956,(907.9995236922582+774.9486822760093j)
1320,0.07399932727884292,(35.41390138397941+973.4478685624681j)
1321,0.07405538737526629,(-1308.241837060983+404.81973219640065j)
1322,0.07411144747168966,(1132.0768688350404+313.90817624941656j)
1323,0.07416750756811302,(-354.8607479809682+1175.401349710328j)
1324,0.07422356766453639,(-619.3264818279222+9.007559714803051j)
1325,0.07427962776095975,(64.21210701477153+825.9904011405514j)
1326,0.07433568785738312,(525.2371776302103-368.9487526600376j)
1327,0.07439174795380649,(1206.265745703255-306.7013164046717j)
1328,0.07444780805022985,(998.1431503880052-1020.4417695874705j)
1329,0.07450386814665322,(78.09414436339814-399.5372899071054j)
1330,0.07455992824307658,(864.9368077091497-106.51493855184424j)
1331,0.07461598833949995,(-119.93291778676486+438.38483088327416j)
1332,0.07467204843592332,(748.4019745103524-95.55907377347488j)
1333,0.07472810853234668,(-378.6248802244256-1.9283285193338457j)
1334,0.07478416862877005,(-1155.922159588913-481.91256701457803j)
1335,0.07484022872519341,(679.9222668039657-362.64274162469985j)
1336,0.07489628882161678,(-130.59209092610962+917.2300328635108j)
1337,0.07495234891804015,(103.61604864791273+174.97104061230664j)
1338,0.07500840901446351,(684.2638388432073-62.56179806800114j)
1339,0.07506446911088688,(699.8310128892684+536.1859502865608j)
1340,0.07512052920731024,(-449.094205423319-1100.523394498008j)
1341,0.07517658930373361,(-53.866191175944266-758.8238730162667j)
1342,0.07523264940015698,(945.3010690965713+201.13015819088588j)
1343,0.07528870949658034,(99.63776536828482-255.92180657179335j)
1344,0.07534476959300371,(-482.5069835228205+276.21382780902627j)
1345,0.07540082968942706,(-547.4997832668041+254.4661685742049j)
1346,0.07545688978585043,(-796.3393228018492-817.7567607106961j)
1347,0.07551294988227379,(662.9298451198091-341.36146882791047j)
1348,0.07556900997869716,(-264.74441332863796+83.13649161965078j)
1349,0.07562507007512052,(-636.059500717193+96.22576423731721j)
1350,0.07568113017154389,(31.373777399169114-940.7501113390736j)
1351,0.07573719026796726,(-1117.884086606793+424.9615354115898j)
1352,0.07579325036439062,(868.0861231799743-283.98681473053864j)
1353,0.07584931046081399,(-534.1465812668773+1335.7255868809377j)
1354,0.07590537055723735,(64.18067290766899+32.79913957241212j)
1355,0.07596143065366072,(-433.91929550853285+322.25550022345476j)
1356,0.07601749075008409,(1240.0145402885014+514.8706226780719j)
1357,0.07607355084650745,(-245.72028945023052+257.8650890808374j)
1358,0.07612961094293082,(-442.45286341238426+260.5909746824451j)
1359,0.07618567103935418,(-33.85507624886982+93.32094412538524j)
1360,0.07624173113577755,(329.7149273299783-347.6822105917423j)
1361,0.07629779123220091,(18.917526411662138-28.53265459734567j)
1362,0.07635385132862428,(1307.8308915082405-280.4601111699351j)
1363,0.07640991142504765,(-338.06627736374605-19.52317038052493j)
1364,0.07646597152147101,(-522.9311525893223+798.6282887213312j)
1365,0.07652203161789438,(-677.7657439499499+1127.2377317891164j)
1366,0.07657809171431774,(-227.01893479308217+713.6234341208401j)
1367,0.07663415181074111,(-410.3166822542944+1153.3366174646108j)
1368,0.07669021190716448,(42.375216638974166+1157.021361053125j)
1369,0.07674627200358784,(-184.37090888153736+1237.7348446308717j)
1370,0.07680233210001121,(430.8285393761971+989.7855956984301j)
1371,0.07685839219643457,(-466.6849047156868+778.3212017846408j)
1372,0.07691445229285794,(440.47251745689925+380.5332026027978j)
1373,0.0769705123892813,(369.97639535391346-532.0667047918981j)
1374,0.07702657248570467,(-253.7245673693049+603.0639671820404j)
1375,0.07708263258212804,(-562.2732593454084-359.75170414290693j)
1376,0.0771386926785514,(360.9223542378072+287.2394772377527j)
1377,0.07719475277497477,(-76.48678722623464-13.01412861641543j)
1378,0.07725081287139814,(-276.03296439626075+343.8634896751709j)
1379,0.0773068729678215,(863.353939620168+1331.7344826167164j)
1380,0.07736293306424487,(925.1988200668789-492.7877008605042j)
1381,0.07741899316066823,(-327.6359472835814+363.54167192649896j)
1382,0.0774750532570916,(80.47816511935991-562.8219840020884j)
1383,0.07753111335351497,(-94.98905334323187+76.46671440305704j)
1384,0.07758717344993833,(-557.1945976413515+26.519339369786167j)
1385,0.0776432335463617,(89.0036766094851+757.0963577225854j)
1386,0.07769929364278506,(-234.7359707807624+304.7713857158983j)
1387,0.07775535373920843,(-5.556984744005717+691.9952753830673j)
1388,0.0778114138356318,(253.34830446860084-446.54603502605613j)
1389,0.07786747393205516,(309.1995116137488-1304.7149406254139j)
1390,0.07792353402847853,(-228.81354963115348-431.2784119054201j)
1391,0.0779795941249019,(-672.071562367047+556.5322534001765j)
1392,0.07803565422132526,(-59.376114817788164+479.84961601338193j)
1393,0.07809171431774863,(-137.5588872656042-76.40546204622676j)
1394,0.07814777441417199,(-227.226861064236+160.92340935398616j)
1395,0.07820383451059536,(-320.3824995085887-415.5490742893785j)
1396,0.07825989460701872,(-64.17881863663229-1129.3185130571355j)
1397,0.07831595470344209,(538.935455933636-511.19227901932896j)
1398,0.07837201479986546,(37.27201776565106+540.7595895889424j)
1399,0.07842807489628882,(-178.63886512908599-320.4807841495934j)
1400,0.07848413499271219,(-288.53765389938945+704.0459289230877j)
1401,0.07854019508913555,(234.20059410126933+189.16892755792145j)
1402,0.07859625518555892,(467.8654758995176-175.04765775757633j)
1403,0.07865231528198229,(418.10135351357985-473.9435468946653j)
1404,0.07870837537840565,(455.29184863382+236.48748915737397j)
1405,0.07876443547482902,(-456.8467511264863+299.018031927043j)
1406,0.07882049557125238,(749.1660816954136+173.06311223382588j)
1407,0.07887655566767575,(-104.22607940653296+363.28614961284603j)
1408,0.07893261576409911,(123.5147069738423-167.7357801540031j)
1409,0.07898867586052248,(-246.17776047081077+244.4818201489583j)
1410,0.07904473595694585,(-836.5167472707478-232.10167032554844j)
1411,0.07910079605336921,(-72.16707817739416+392.65804236256366j)
1412,0.07915685614979258,(-152.7735630344892-672.8473151377573j)
1413,0.07921291624621594,(232.90783767147818+603.1775758770385j)
1414,0.07926897634263931,(-341.20762035379454+177.4811717094551j)
1415,0.07932503643906268,(-1023.9856139074693-319.48662980318875j)
1416,0.07938109653548604,(380.92877022379383+160.73109569652598j)
1417,0.07943715663190941,(533.5973903576208+77.00835513251543j)
1418,0.07949321672833277,(-93.30681183256567+362.3042546557365j)
1419,0.07954927682475614,(269.60733283252597+1529.0206376222775j)
1420,0.0796053369211795,(-1092.3427315774875-676.4382895190705j)
1421,0.07966139701760287,(260.7552342678348+884.0877497349538j)
1422,0.07971745711402624,(-92.7121236046612+981.5207911865525j)
1423,0.0797735172104496,(635.7464527989117+88.27114511808992j)
1424,0.07982957730687297,(-1033.7075045411066-503.42727884071945j)
1425,0.07988563740329634,(81.90618215077339-515.5853698274966j)
1426,0.0799416974997197,(502.2475831178477-42.68020627543677j)
1427,0.07999775759614307,(-1385.6298353581592+95.87867818721361j)
1428,0.08005381769256643,(-693.8134159991699+1266.767742222186j)
1429,0.0801098777889898,(162.63083914744777+1099.031989390232j)
1430,0.08016593788541317,(328.3612335273091+627.8138468563213j)
1431,0.08022199798183653,(133.6433936430284+1041.8106544291218j)
1432,0.0802780580782599,(99.38915668277056+228.627605027703j)
1433,0.08033411817468326,(-1132.5517100566658+574.8177511074917j)
1434,0.08039017827110663,(672.725501726597+1332.6096175993896j)
1435,0.08044623836753,(-1223.343184822574+282.3613864072107j)
1436,0.08050229846395336,(-293.47089007823524+473.5363821341899j)
1437,0.08055835856037673,(224.08236930165543+35.31269861345457j)
1438,0.0806144186568001,(688.3221846801079-458.75324155946555j)
1439,0.08067047875322346,(-73.58983242751776-1525.7138198757875j)
1440,0.08072653884964683,(-303.170694820177-619.3906539602146j)
1441,0.08078259894607019,(266.91705497983+421.3228635421599j)
1442,0.08083865904249356,(86.10024174845019-344.4384313742347j)
1443,0.08089471913891692,(-636.2202802870495+465.3624214141104j)
1444,0.08095077923534029,(93.90261110053672+886.8049283021041j)
1445,0.08100683933176366,(-480.1679605142215+340.34299904919135j)
1446,0.08106289942818702,(1081.6267164156475+615.6114768240047j)
1447,0.08111895952461039,(-85.02188776355618+36.774519746346755j)
1448,0.08117501962103375,(-185.91411003745512+943.2112416740847j)
1449,0.08123107971745712,(-209.3089010538115-772.9933743880958j)
1450,0.08128713981388049,(-278.861954120047-589.4159937466284j)
1451,0.08134319991030385,(686.0851964087997+1114.4828026920147j)
1452,0.08139926000672722,(96.28510218130293-649.9172509884595j)
1453,0.08145532010315058,(-100.2046709193888-50.46242039257229j)
1454,0.08151138019957395,(-427.0477400808571-1055.144917369374j)
1455,0.08156744029599731,(171.8169149275515-537.7497245411112j)
1456,0.08162350039242068,(-184.83722756995272-430.4416961421292j)
1457,0.08167956048884405,(515.500418784079+318.9239873465137j)
1458,0.08173562058526741,(-400.17344240012955+649.3550417728022j)
1459,0.08179168068169078,(48.40255780428045-326.13371351962616j)
1460,0.08184774077811414,(-355.9314102399062-62.992357296010624j)
1461,0.08190380087453751,(476.36696348397516+494.494701782012j)
1462,0.08195986097096088,(-7.883872252986691+635.218392911223j)
1463,0.08201592106738424,(-280.88437713548984-456.1997913426683j)
1464,0.08207198116380761,(623.7488226595307-588.3999213315356j)
1465,0.08212804126023097,(-539.0785258328804+448.20948190602627j)
1466,0.08218410135665434,(-243.279305573762+585.7537321132166j)
1467,0.0822401614530777,(37.64714682800465-370.3528450151303j)
1468,0.08229622154950107,(-600.600843077845-63.98799748147664j)
1469,0.08235228164592444,(-697.09127161249+524.5160390272692j)
1470,0.0824083417423478,(820.9191835833595-103.83229669238361j)
1471,0.08246440183877117,(-245.38258762281947+518.4705336790108j)
1472,0.08252046193519452,(139.47443180439262+812.3525573038146j)
1473,0.08257652203161789,(1030.2456217621925-365.03168020190236j)
1474,0.08263258212804125,(776.7737345847988-418.39161822485664j)
1475,0.08268864222446462,(527.4568385791113+465.37690130017427j)
1476,0.08274470232088799,(-907.1964197379513+795.7352286560874j)
1477,0.08280076241731135,(-820.0981092110612-81.74487359713595j)
1478,0.08285682251373472,(-57.01380231221058-468.0416512614954j)
1479,0.08291288261015808,(-204.59002256132345-469.5438966886937j)
1480,0.08296894270658145,(111.65471749641179-509.27193230978907j)
1481,0.08302500280300482,(273.16206788071764-368.2787681461946j)
1482,0.08308106289942818,(-371.92090014848384-258.96086346253014j)
1483,0.08313712299585155,(927.2771936840295+1200.77339157404j)
1484,0.08319318309227491,(-1212.3889145371963+618.9713284787781j)
1485,0.08324924318869828,(1075.0655747215608+412.7650372672114j)
1486,0.08330530328512165,(-460.85580995262876+338.31970601686254j)
1487,0.08336136338154501,(-682.705255931702-537.0247232854529j)
1488,0.08341742347796838,(64.05885463660555+469.1129844669913j)
1489,0.08347348357439174,(1026.97645070346-1101.773030776926j)
1490,0.08352954367081511,(-292.612891503837+296.56029682088695j)
1491,0.08358560376723848,(433.4211567795519+575.8218595175567j)
1492,0.08364166386366184,(-823.4758510974032-1559.209421018209j)
1493,0.08369772396008521,(639.5973543429642+486.4688287832688j)
1494,0.08375378405650857,(107.25276290392833+527.1884237986898j)
1495,0.08380984415293194,(-348.0527192788936+843.5559909118551j)
1496,0.0838659042493553,(-836.6198218405258-53.31751317855176j)
1497,0.08392196434577867,(673.8203586406759+1114.4919893469967j)
1498,0.08397802444220204,(180.33749880808588+154.04417387157912j)
1499,0.0840340845386254,(441.7010335863997-495.5745847391447j)
1500,0.08409014463504877,(-119.5273891507523+658.3215428965746j)
1501,0.08414620473147214,(858.4304000113469-1367.5801092426173j)
1502,0.0842022648278955,(-476.4214693993815+1398.7385795066798j)
1503,0.08425832492431887,(539.3043405178867+46.88088347561859j)
1504,0.08431438502074223,(-910.3085761514646-790.1060576912771j)
1505,0.0843704451171656,(-391.0928846016618-739.9166762118325j)
1506,0.08442650521358896,(-794.124788020686-424.931534539786j)
1507,0.08448256531001233,(-1187.4001039854397-184.17026319790966j)
1508,0.0845386254064357,(-415.0668527899414-21.40646771781529j)
1509,0.08459468550285906,(-171.37225842296024+97.69577582496248j)
1510,0.08465074559928243,(-517.442117705978+710.967770346102j)
1511,0.0847068056957058,(477.57005150685876+609.45261487142j)
1512,0.08476286579212916,(529.7367547465407+785.6863479246863j)
1513,0.08481892588855253,(684.9004793685942-472.3551469972173j)
1514,0.08487498598497589,(-236.22295818611343+600.665915245849j)
1515,0.08493104608139926,(-1237.7091471694011+87.75984871136029j)
1516,0.08498710617782262,(1139.0099276154926+125.09344265861188j)
1517,0.08504316627424599,(1629.340473831268+567.3845657838527j)
1518,0.08509922637066936,(-759.4381917564738+449.0171934537565j)
1519,0.08515528646709272,(-436.13696165704096+406.81079130399047j)
1520,0.08521134656351609,(-924.0728463268665-1594.7893981450907j)
1521,0.08526740665993945,(-716.4469742682949-429.88451397668325j)
1522,0.08532346675636282,(396.16333192645095-167.22859022991992j)
1523,0.08537952685278619,(-225.53560333551934+749.9083185819751j)
1524,0.08543558694920955,(91.09814877403699+1302.0466063766728j)
1525,0.08549164704563292,(-42.55459760070295+1539.5703086275062j)
1526,0.08554770714205628,(-490.4353069328169-605.8481381192828j)
1527,0.08560376723847965,(124.20091732610075+1093.6249782141904j)
1528,0.08565982733490302,(-1206.0701668538595+105.51051831674823j)
1529,0.08571588743132638,(377.2062938468257+217.79006229462993j)
1530,0.08577194752774975,(-10.6219810470431-82.14105887851193j)
1531,0.08582800762417311,(990.2922006959094+157.56116070916542j)
1532,0.08588406772059648,(398.1645223816736+582.8832866207848j)
1533,0.08594012781701985,(-253.9840665099988-785.1104293966291j)
1534,0.08599618791344321,(405.07413186499343+1648.4161100010033j)
1535,0.08605224800986658,(-166.87747846189475+698.9810390453632j)
1536,0.08610830810628994,(391.36750680475996+92.89666204542578j)
1537,0.08616436820271331,(-348.357232450212+559.4850361961153j)
1538,0.08622042829913668,(-275.58729057455184-114.54201286804164j)
1539,0.08627648839556004,(62.40503630111847-14.092394080956666j)
1540,0.08633254849198341,(-600.7304774335956-30.734262934086082j)
1541,0.08638860858840677,(34.58746222232588-918.0690113107397j)
1542,0.08644466868483014,(365.65418003906063-343.7635573233951j)
1543,0.0865007287812535,(-158.85784618278893-227.44755430350546j)
1544,0.08655678887767687,(-250.58460188805205-807.2911212735056j)
1545,0.08661284897410024,(-420.45429767570323+154.32816853582435j)
1546,0.0866689090705236,(141.5995513487004+734.1509060282629j)
1547,0.08672496916694697,(-742.0914107970748+1176.914715968007j)
1548,0.08678102926337034,(-765.3417363802077+773.6486873505876j)
1549,0.0868370893597937,(1294.4098496788563+534.4437685110444j)
1550,0.08689314945621707,(449.4515964648409+1506.8270188901395j)
1551,0.08694920955264043,(427.94172823860197+468.1263028159614j)
1552,0.0870052696490638,(-212.6916066030994+724.6070333032552j)
1553,0.08706132974548716,(48.56338838270733-94.95810695227819j)
1554,0.08711738984191053,(-1155.3693010979262-502.04181344743444j)
1555,0.0871734499383339,(-220.65112436841758-473.9970795713182j)
1556,0.08722951003475726,(-1588.705533588456-1668.6296600271025j)
1557,0.08728557013118063,(-178.13515767934283+110.62695592233187j)
1558,0.087341630227604,(-62.288909638080526+557.9427229633634j)
1559,0.08739769032402736,(-618.3146500637039-725.4903609845344j)
1560,0.08745375042045073,(109.81009037996103+899.9388485289392j)
1561,0.08750981051687409,(-179.3031905199495-910.7188644155708j)
1562,0.08756587061329746,(-1018.9757353616326-1292.776918637573j)
1563,0.08762193070972082,(-194.76838543268542+927.5973677693523j)
1564,0.08767799080614419,(37.102400162294074+167.63625183396155j)
1565,0.08773405090256756,(924.7205840487153+1569.3739579705568j)
1566,0.08779011099899092,(312.15975071592834+1439.0949551753945j)
1567,0.08784617109541429,(666.1885770740885-680.5779214812371j)
1568,0.08790223119183765,(-49.45253818888682-612.3397588834947j)
1569,0.08795829128826102,(-94.68610981733524+248.36976016935077j)
1570,0.08801435138468439,(-438.6103677094031-999.4253008522638j)
1571,0.08807041148110775,(939.1217769206845-739.0286671636403j)
1572,0.08812647157753112,(-10.498624637177432-62.069095539604405j)
1573,0.08818253167395448,(-29.767813450000062+1666.4329814792695j)
1574,0.08823859177037785,(622.638787725333+1246.1133703918272j)
1575,0.08829465186680122,(450.438984903107-840.1358554740466j)
1576,0.08835071196322458,(-575.6112244415865+1161.0884145917644j)
1577,0.08840677205964795,(-490.5334841172255-561.5371313868569j)
1578,0.08846283215607131,(-535.0087354077724+178.3537248804564j)
1579,0.08851889225249468,(-77.47254576674771+500.0566393719679j)
1580,0.08857495234891805,(783.6029833565426+686.5418026420913j)
1581,0.08863101244534141,(529.2832316427218+37.4302629607497j)
1582,0.08868707254176478,(329.0926153132741-344.9240628571475j)
1583,0.08874313263818814,(442.8407262376284+431.5298453268676j)
1584,0.08879919273461151,(-436.36244110352686-1210.7523234791959j)
1585,0.08885525283103488,(494.55759304199375-196.85766128802052j)
1586,0.08891131292745824,(960.4124413622602-559.2798544490912j)
1587,0.08896737302388161,(-882.6925341479068+395.83813961616374j)
1588,0.08902343312030497,(299.9307421144541+209.20692470261392j)
1589,0.08907949321672834,(412.82038216239937-685.6016915510256j)
1590,0.0891355533131517,(-625.5472648127375+202.9345385785015j)
1591,0.08919161340957507,(859.7826332886897-13.849133934457257j)
1592,0.08924767350599844,(166.29986605998388-543.3045194602801j)
1593,0.0893037336024218,(-1051.8045800629384+19.80554246193003j)
1594,0.08935979369884517,(-515.8228864137964-144.44687031959035j)
1595,0.08941585379526854,(-605.0619508070768+22.60674891682814j)
1596,0.0894719138916919,(-261.8749367847032+1015.0289297809527j)
1597,0.08952797398811527,(-1340.6023525099306+1052.5125554653412j)
1598,0.08958403408453863,(421.14682924944094-266.32765286097924j)
1599,0.089640094180962,(160.15419972129996-821.3384131089472j)
1600,0.08969615427738536,(-551.3855588141824-172.77518153493781j)
1601,0.08975221437380872,(-522.1525342729673+94.88080645647173j)
1602,0.08980827447023208,(-29.09488872525891-353.04826297362365j)
1603,0.08986433456665545,(-473.9496523926118-363.65444434005065j)
1604,0.08992039466307881,(159.98711727867007+108.0377144053933j)
1605,0.08997645475950218,(125.58097754869527-1073.0812938127992j)
1606,0.09003251485592555,(-50.27804399734276+775.2243436801156j)
1607,0.09008857495234891,(803.7203666125915+561.0175831064118j)
1608,0.09014463504877228,(-274.8017603608536-405.7258053885395j)
1609,0.09020069514519564,(959.3146890608351-498.97829948456j)
1610,0.09025675524161901,(94.7655894765467-362.42757420104215j)
1611,0.09031281533804238,(-214.67555781900634-909.8059431877384j)
1612,0.09036887543446574,(-1144.7791927927785+819.7437029269772j)
1613,0.09042493553088911,(-668.3576280483367+173.58472032886385j)
1614,0.09048099562731247,(-746.661990709134+858.7276358665519j)
1615,0.09053705572373584,(692.1624806345338+659.174051418596j)
1616,0.0905931158201592,(527.3959307247789+79.52182239161168j)
1617,0.09064917591658257,(126.36804692545797-690.675244994771j)
1618,0.09070523601300594,(-394.35789453069873+1053.8494537866695j)
1619,0.0907612961094293,(-313.7165152199669-459.95585234564317j)
1620,0.09081735620585267,(1030.168155741701-362.1593601476717j)
1621,0.09087341630227604,(681.2575114928222-508.2557147333961j)
1622,0.0909294763986994,(-456.2097058843853+38.014648675679766j)
1623,0.09098553649512277,(1048.5289703459314-304.6620857908004j)
1624,0.09104159659154613,(-284.81337785484567-814.7569932932247j)
1625,0.0910976566879695,(-828.6383364836189+700.1692614081558j)
1626,0.09115371678439287,(-25.432508813750076-631.6428396634758j)
1627,0.09120977688081623,(-1098.6651126278766-1265.5822388815252j)
1628,0.0912658369772396,(-210.19805483414154+856.1795795986028j)
1629,0.09132189707366296,(284.4054930746104+177.21310792385043j)
1630,0.09137795717008633,(256.31855106373007-178.11273962073847j)
1631,0.0914340172665097,(-1041.783929498617+540.5574914961189j)
1632,0.09149007736293306,(829.8018352261969-52.5820174215101j)
1633,0.09154613745935643,(300.11625501682977+970.2049001476644j)
1634,0.0916021975557798,(563.5123553927956-319.28422567178217j)
1635,0.09165825765220316,(1100.1684704356203-51.03024981839809j)
1636,0.09171431774862653,(-313.32531617542094+265.30406835058255j)
1637,0.09177037784504989,(-548.9784107680779-23.788562989187028j)
1638,0.09182643794147326,(-256.6655316139718-521.8283468351742j)
1639,0.09188249803789662,(157.12320435508002-281.1594201170129j)
1640,0.09193855813431999,(547.6916666051264+441.1866924052878j)
1641,0.09199461823074336,(577.5580721125469-171.12338055966396j)
1642,0.09205067832716672,(-1303.203810071066-17.64705114312983j)
1643,0.09210673842359009,(620.7417321618041+608.7843495646439j)
1644,0.09216279852001345,(-429.2102019595196-995.8248083460909j)
1645,0.09221885861643682,(-518.5702408381904-727.9335371293554j)
1646,0.09227491871286018,(-436.21148260339095+2082.205869369291j)
1647,0.09233097880928355,(83.01331404435193+288.48776426887895j)
1648,0.09238703890570692,(827.0489273547236-293.3819469911173j)
1649,0.09244309900213028,(-938.0073373428403-429.2982447429322j)
1650,0.09249915909855365,(-1201.8125390947034-527.8137803085192j)
1651,0.09255521919497701,(527.5639994715862-875.5598186982736j)
1652,0.09261127929140038,(665.0468441315696+964.9201430716614j)
1653,0.09266733938782375,(-255.4024246392522-405.90664861893885j)
1654,0.09272339948424711,(589.2560819087411+513.6133398876892j)
1655,0.09277945958067048,(-61.70014551172408-535.6129441058672j)
1656,0.09283551967709384,(517.217343967222+895.1634417393043j)
1657,0.09289157977351721,(-51.02696052482154+350.32015698779435j)
1658,0.09294763986994058,(421.3097987600041-657.3571367839658j)
1659,0.09300369996636394,(-163.70135071807678+459.44370682807966j)
1660,0.09305976006278731,(-1007.5283378530445+323.8122003729393j)
1661,0.09311582015921067,(-559.6391774713286+139.47793138496237j)
1662,0.09317188025563404,(211.04399194135465-774.0843508595437j)
1663,0.0932279403520574,(-575.3373426157858-691.619521669198j)
1664,0.09328400044848077,(400.31633983629854-496.71277247458977j)
1665,0.09334006054490414,(1126.6459980136055+320.0179519762698j)
1666,0.0933961206413275,(-1106.3064836295218+338.2550825948783j)
1667,0.09345218073775087,(-499.07614840443233+467.9760056571936j)
1668,0.09350824083417424,(523.3323790142713-341.8324666477613j)
1669,0.0935643009305976,(77.27963427491358+216.57026931130503j)
1670,0.09362036102702097,(-32.81417288287585-132.5437931969799j)
1671,0.09367642112344433,(-49.70817984466516+441.07663189576215j)
1672,0.0937324812198677,(832.8795900370204+224.15891669655878j)
1673,0.09378854131629107,(53.912661706547524-643.1853955394297j)
1674,0.09384460141271443,(-355.3393235379379+531.9453884742313j)
1675,0.0939006615091378,(265.16994058101943+56.98302358438379j)
1676,0.09395672160556116,(-312.002553172113-684.9737997332498j)
1677,0.09401278170198453,(-300.0990633597874-482.70903144466536j)
1678,0.0940688417984079,(781.1586358433067+358.76162951276336j)
1679,0.09412490189483126,(428.65251780213475+89.88015521747575j)
1680,0.09418096199125463,(249.8329926831326-189.95470068771314j)
1681,0.094237022087678,(516.399787966338-196.82084920629228j)
1682,0.09429308218410136,(-243.65510918075344+903.8957786960981j)
1683,0.09434914228052473,(813.3967366734057-625.3566359845449j)
1684,0.09440520237694809,(88.85071600710546+644.7117464631251j)
1685,0.09446126247337146,(-936.424886598262+618.6999898715889j)
1686,0.09451732256979482,(-69.89886509122141-1535.9055062725797j)
1687,0.09457338266621819,(429.5127850064209-1406.5233925921423j)
1688,0.09462944276264156,(542.8074061892574-303.3535735240732j)
1689,0.09468550285906492,(-472.9093441150552-466.69972820140094j)
1690,0.09474156295548829,(627.0424772695759-571.579872754465j)
1691,0.09479762305191165,(-864.9763033219562-742.4409354301624j)
1692,0.09485368314833502,(-203.44451765824172+195.98020821264998j)
1693,0.09490974324475838,(26.574494823795817-993.9999190826767j)
1694,0.09496580334118175,(-583.1817671295523-1475.145300847177j)
1695,0.09502186343760512,(53.36411708945581-7.3418177237984095j)
1696,0.09507792353402848,(-712.630461941769-147.03855952412414j)
1697,0.09513398363045185,(-1619.5179356133058+38.88296739875409j)
1698,0.09519004372687521,(770.6341272147376+1231.1407015982782j)
1699,0.09524610382329858,(-673.5951801724648+1605.6183147602476j)
1700,0.09530216391972195,(-274.0996515983504-718.2890531500251j)
1701,0.09535822401614531,(-52.91598412675778+271.0884584219609j)
1702,0.09541428411256868,(686.4973633413508-930.980755154419j)
1703,0.09547034420899204,(505.1398772024165+1172.2505532438315j)
1704,0.09552640430541541,(160.17750620223177+400.74143472296385j)
1705,0.09558246440183878,(246.9774160138371+467.20734582783103j)
1706,0.09563852449826214,(1524.1181257720714-60.30545301261952j)
1707,0.09569458459468551,(539.9765157503547-626.9507903567098j)
1708,0.09575064469110887,(379.6828464075318-445.7803105794296j)
1709,0.09580670478753224,(-295.787107726401-3.563280414906586j)
1710,0.0958627648839556,(-180.7886394352492-19.521296212712816j)
1711,0.09591882498037897,(618.287942938611-336.9278755811063j)
1712,0.09597488507680234,(-489.2916315217278+157.5870312535082j)
1713,0.0960309451732257,(117.67416574908353-545.5505968340898j)
1714,0.09608700526964907,(-49.25820333814001+6.8096623069659685j)
1715,0.09614306536607244,(608.5295531175342+901.5999820045901j)
1716,0.0961991254624958,(-1379.53263922602+1401.7014442058783j)
1717,0.09625518555891917,(-127.081826620745+676.8422516991056j)
1718,0.09631124565534253,(-1101.1780607272801-371.8749408393386j)
1719,0.0963673057517659,(632.9336665919411-1556.3028486598096j)
1720,0.09642336584818927,(-605.2309736083973-699.675020191881j)
1721,0.09647942594461263,(421.22434479383014+0.3954612435962659j)
1722,0.096535486041036,(-1325.2109698364438+139.02512442331135j)
1723,0.09659154613745936,(456.84299184150825+375.531262583135j)
1724,0.09664760623388273,(288.2896494800508-90.429275503502j)
1725,0.0967036663303061,(-1234.5954742721767-658.1495650702634j)
1726,0.09675972642672946,(-605.6332244952733-1258.4800877260038j)
1727,0.09681578652315283,(-124.10970777779707+594.9409136890226j)
1728,0.09687184661957618,(-270.44375119664437+1711.1754560228387j)
1729,0.09692790671599955,(1324.306844558911-361.9571252018178j)
1730,0.09698396681242291,(24.85990667705731+233.1615574849274j)
1731,0.09704002690884628,(412.12865897891317-28.59555723894517j)
1732,0.09709608700526964,(-401.87821206073875-342.8619331874406j)
1733,0.09715214710169301,(53.982860230975604+460.4188416214557j)
1734,0.09720820719811638,(-1296.2317122988734+47.038996830212824j)
1735,0.09726426729453974,(873.9321766777487-61.6914566204905j)
1736,0.09732032739096311,(344.2716845822505-471.16785233741916j)
1737,0.09737638748738647,(-448.65631771445413-316.71613759360883j)
1738,0.09743244758380984,(-63.56088270570652-313.1352522168405j)
1739,0.0974885076802332,(-203.04353735574483-717.2287018701587j)
1740,0.09754456777665657,(924.229823842745-302.4087960596389j)
1741,0.09760062787307994,(-380.5095203882189+199.71003564451826j)
1742,0.0976566879695033,(-340.03219803381194+646.9537809123108j)
1743,0.09771274806592667,(-660.061540166654-431.121099696801j)
1744,0.09776880816235003,(-683.050888057582+3.986536653280167j)
1745,0.0978248682587734,(-468.3277986815517-901.5373390411288j)
1746,0.09788092835519677,(-1389.8596447858922-1730.2705531872825j)
1747,0.09793698845162013,(59.10495177184745+63.40039060168407j)
1748,0.0979930485480435,(-1277.3613989512212+525.8820868454028j)
1749,0.09804910864446686,(-423.9856377687037-829.3299350535833j)
1750,0.09810516874089023,(-477.9377345744184-199.5451706844827j)
1751,0.0981612288373136,(504.27190741048526+268.863387041731j)
1752,0.09821728893373696,(340.76178012739894-80.21691033645237j)
1753,0.09827334903016033,(-911.9474882174957+1185.2270074975147j)
1754,0.0983294091265837,(354.3802411832879-104.16173928080276j)
1755,0.09838546922300706,(829.409154923451-0.05770498872027474j)
1756,0.09844152931943043,(138.15776193281008+376.86149654034665j)
1757,0.09849758941585379,(1225.6883979276624+377.53165782957024j)
1758,0.09855364951227716,(-257.0280052568463+507.46636936002767j)
1759,0.09860970960870052,(-1423.140688039622-69.8537088380352j)
1760,0.09866576970512389,(509.95969266001407-388.0703073310012j)
1761,0.09872182980154726,(-106.7418840246639+668.1460246065262j)
1762,0.09877788989797062,(185.94045195907916-446.9247564456339j)
1763,0.09883394999439399,(-261.14884692379866+38.81735890962206j)
1764,0.09889001009081735,(95.71971476965022+69.94326932309227j)
1765,0.09894607018724072,(-754.8361692446898-180.62201696854856j)
1766,0.09900213028366409,(-112.86824590134592+35.075788120223706j)
1767,0.09905819038008745,(363.4609521763326-878.5241691456365j)
1768,0.09911425047651082,(42.120560491581884+30.745407748966983j)
1769,0.09917031057293418,(633.3917443971873-245.4757039912603j)
1770,0.09922637066935755,(289.21531592097404-453.2796633873396j)
1771,0.09928243076578092,(-61.807992485790784-57.40816343078149j)
1772,0.09933849086220428,(36.11205969936946-79.25845583553355j)
1773,0.09939455095862765,(-60.98020795377181+851.6530069567775j)
1774,0.09945061105505101,(-286.8889385921801+472.44244334380886j)
1775,0.09950667115147438,(531.412192533277+365.5707873684835j)
1776,0.09956273124789775,(-209.5524895275679+231.5664494524657j)
1777,0.09961879134432111,(-596.4095630474853+1444.6969316556629j)
1778,0.09967485144074448,(823.3220363082688+641.3302571174638j)
1779,0.09973091153716784,(-337.1763657850639+635.0815699793387j)
1780,0.09978697163359121,(876.8781057634069+473.1489950690932j)
1781,0.09984303173001458,(537.4566943564294+736.5820579390256j)
1782,0.09989909182643794,(-574.6588105251618+1089.2509573251032j)
1783,0.09995515192286131,(116.16898077654042+331.7104270235609j)
1784,0.10001121201928467,(-520.1205094359599+289.78590162655803j)
1785,0.10006727211570804,(62.776632326815104+32.67095792217848j)
1786,0.1001233322121314,(-864.3960684690609-1008.483653657134j)
1787,0.10017939230855477,(-102.68856330868401-520.3435441358498j)
1788,0.10023545240497814,(787.7568359346918-585.3019899624234j)
1789,0.1002915125014015,(396.80945670489024+270.44315137998956j)
1790,0.10034757259782487,(817.3556650702104+80.02880661833149j)
1791,0.10040363269424823,(-124.96279903528432+232.80037340202927j)
1792,0.1004596927906716,(-209.48652587624503+188.21858821745306j)
1793,0.10051575288709497,(-519.351135671471+352.7156573631747j)
1794,0.10057181298351833,(85.71779904327819-120.38745538858662j)
1795,0.1006278730799417,(-531.031133076234+434.2557117212483j)
1796,0.10068393317636506,(-110.33697150526504+568.911850643463j)
1797,0.10073999327278843,(-268.4122590103326-78.95811166882959j)
1798,0.1007960533692118,(-1222.079317128862+610.0746677987363j)
1799,0.10085211346563516,(-808.7803714780639-576.4548794541826j)
1800,0.10090817356205853,(-1147.106557106277-171.4718010666412j)
1801,0.1009642336584819,(341.90587273588443-1048.3931896998638j)
1802,0.10102029375490526,(-146.05980794521994-978.3266940753571j)
1803,0.10107635385132863,(753.890880058123-134.2470059301528j)
1804,0.10113241394775199,(-63.65732375203872-81.69777480269406j)
1805,0.10118847404417536,(-27.19269090266799-304.1497007778448j)
1806,0.10124453414059872,(133.4401261059454+653.6038357943971j)
1807,0.10130059423702209,(-138.8073576348469+7.379017985976192j)
1808,0.10135665433344546,(-1108.7557892926704-820.4873293728692j)
1809,0.10141271442986882,(801.648234823424-102.60957363277724j)
1810,0.10146877452629219,(-786.6920872057415-895.1235412972324j)
1811,0.10152483462271555,(-191.41437304078576-561.5810485975354j)
1812,0.10158089471913892,(265.93517394563816-270.22770847311205j)
1813,0.10163695481556229,(358.37251786476634-296.1108283664768j)
1814,0.10169301491198565,(-172.18138100047497-923.2359282883606j)
1815,0.10174907500840902,(679.6886321826046+815.8197576724554j)
1816,0.10180513510483238,(16.734292348997315-545.857779603957j)
1817,0.10186119520125575,(-312.6110794660734-394.3388568219667j)
1818,0.10191725529767912,(-20.38715635405407+610.5783356851875j)
1819,0.10197331539410248,(166.7046116338566-703.0971885441453j)
1820,0.10202937549052585,(814.2505981650105+270.09054008028255j)
1821,0.10208543558694921,(222.7560609235595-819.839651580249j)
1822,0.10214149568337258,(95.72127949975084-98.78586626082497j)
1823,0.10219755577979595,(87.80243853818368-361.86325992429477j)
1824,0.10225361587621931,(-1018.6061987862515+121.70653002407565j)
1825,0.10230967597264268,(297.20338786203683+336.6539944926349j)
1826,0.10236573606906604,(221.05773932317132+169.2415385543812j)
1827,0.10242179616548941,(1360.960707671746-277.07860245979964j)
1828,0.10247785626191278,(504.4425594515985-426.3987644037605j)
1829,0.10253391635833614,(550.027665191048+359.1746869837j)
1830,0.10258997645475951,(225.22497796293118-39.09799145224265j)
1831,0.10264603655118287,(-394.0382792006259+76.78505659076984j)
1832,0.10270209664760624,(607.0325184924114-85.6809574482213j)
1833,0.1027581567440296,(-407.8802580062684-966.3045988657865j)
1834,0.10281421684045297,(658.7792278208374+122.4824739281318j)
1835,0.10287027693687634,(29.754609178317423-661.6861628554991j)
1836,0.1029263370332997,(-147.76057781480512-938.8218202176216j)
1837,0.10298239712972307,(578.8234149707297+284.8315783914017j)
1838,0.10303845722614643,(-603.5080689045742+511.9051538278617j)
1839,0.1030945173225698,(502.624683666216+256.51250481741033j)
1840,0.10315057741899317,(485.02875208532663-2.12608603509986j)
1841,0.10320663751541653,(684.916983335944-329.80362436826175j)
1842,0.1032626976118399,(-513.6691058142967+72.32312670233105j)
1843,0.10331875770826326,(-0.27897669521881596-140.2964312619138j)
1844,0.10337481780468663,(109.22095050350164-321.1361261477687j)
1845,0.10343087790111,(-223.60483772484264-448.96498991240395j)
1846,0.10348693799753336,(-309.51098628396585-962.914281815153j)
1847,0.10354299809395673,(-539.6955844716837-1129.8605237526097j)
1848,0.1035990581903801,(-765.1969596930429-1430.2416616083374j)
1849,0.10365511828680346,(-1002.0306356841174+927.7313432455983j)
1850,0.10371117838322683,(-414.08405401489733+283.20200847149107j)
1851,0.10376723847965019,(-400.9816963845952-316.35934627804465j)
1852,0.10382329857607356,(-254.98332977941402+576.7678638750197j)
1853,0.10387935867249692,(-934.2828813013138-31.863005093433806j)
1854,0.10393541876892029,(365.2603878056812-1230.4583437418942j)
1855,0.10399147886534366,(-153.09159981760467-516.0192000201444j)
1856,0.10404753896176702,(-413.8724762859622+568.4183851620484j)
1857,0.10410359905819037,(-619.5150504812896+71.93064791872013j)
1858,0.10415965915461374,(952.9378302411212+529.8468045653842j)
1859,0.1042157192510371,(-226.2231305017704-12.98315285314257j)
1860,0.10427177934746047,(362.306625702034-78.38482476205986j)
1861,0.10432783944388384,(380.4740378212775-510.5970170311948j)
1862,0.1043838995403072,(598.6241935858661+272.5604005060366j)
1863,0.10443995963673057,(-697.3103096540448+282.0523883193007j)
1864,0.10449601973315394,(-690.2659641098496+1088.529696280818j)
1865,0.1045520798295773,(-365.85488741502684+1142.530145580664j)
1866,0.10460813992600067,(98.88196700877484-814.680702571333j)
1867,0.10466420002242403,(-322.1480331255042+201.6304629600423j)
1868,0.1047202601188474,(497.5928888054373-682.4107035249442j)
1869,0.10477632021527077,(-481.14532410868594+803.4210800298556j)
1870,0.10483238031169413,(-299.0059465348376-645.3830443601767j)
1871,0.1048884404081175,(875.1676642668049-563.5686189512464j)
1872,0.10494450050454086,(-753.2904115844417+26.29169076142655j)
1873,0.10500056060096423,(-495.87556732139586-188.84704353943698j)
1874,0.1050566206973876,(-232.83027101452709-101.87463945866457j)
1875,0.10511268079381096,(1138.1813528244572-30.9325444592331j)
1876,0.10516874089023433,(99.6008432032919-893.8878013486435j)
1877,0.1052248009866577,(1051.1673035408846+419.69305935075334j)
1878,0.10528086108308106,(-140.11839130768317+683.0793451784975j)
1879,0.10533692117950443,(234.75223906663-696.3188725281575j)
1880,0.10539298127592779,(392.7582326945467-173.52265355581056j)
1881,0.10544904137235116,(8.579707037387706-313.2485091157523j)
1882,0.10550510146877452,(827.3856375243189-296.2179524220152j)
1883,0.10556116156519789,(267.97431457682256+447.45988893508394j)
1884,0.10561722166162126,(-387.3102866111231-107.33985918955094j)
1885,0.10567328175804462,(468.48850952778866-680.1260791611412j)
1886,0.10572934185446799,(-267.98206851106306-565.9929622141174j)
1887,0.10578540195089135,(-668.6835686955933-35.22983717400044j)
1888,0.10584146204731472,(-483.3573487344419-440.5037818894393j)
1889,0.10589752214373808,(-1223.8335239849284+548.8807535527196j)
1890,0.10595358224016145,(844.5355643901734-580.247050303396j)
1891,0.10600964233658482,(-159.4930870341716+537.6714660455334j)
1892,0.10606570243300818,(384.9278878620841-525.1244578642196j)
1893,0.10612176252943155,(-31.428985164002967+263.85679984948666j)
1894,0.10617782262585491,(1313.7491201500318-74.77786739206306j)
1895,0.10623388272227828,(1116.5078277865766-63.95505640600629j)
1896,0.10628994281870165,(63.30198279482016-1062.6337296475224j)
1897,0.10634600291512501,(131.2302291983678-703.235273964058j)
1898,0.10640206301154838,(-722.816392194717+56.62195092489162j)
1899,0.10645812310797174,(-765.6693530197863-210.9711439344266j)
1900,0.10651418320439511,(-596.833360956649-540.816057252586j)
1901,0.10657024330081848,(33.7440397737368+654.167288167322j)
1902,0.10662630339724184,(-382.4725728502906+44.59478595223143j)
1903,0.10668236349366521,(-118.80771742498106-449.09282802347997j)
1904,0.10673842359008857,(249.69785375157107-2084.818202796715j)
1905,0.10679448368651194,(-360.4024061605339-551.8052576945729j)
1906,0.1068505437829353,(204.61570093443964+90.7164747049468j)
1907,0.10690660387935867,(1071.0356992008976-1090.4968215112926j)
1908,0.10696266397578204,(1714.1751648618688+175.02812225469324j)
1909,0.1070187240722054,(629.5209668900268+1158.7503243077076j)
1910,0.10707478416862877,(150.9572308727379+580.2749836264923j)
1911,0.10713084426505214,(-677.0440311766076-338.6875143670318j)
1912,0.1071869043614755,(78.43318448764548+724.6569166138177j)
1913,0.10724296445789887,(-1043.8566215907967+159.65911788186168j)
1914,0.10729902455432223,(-253.59467870548605+520.0571380992753j)
1915,0.1073550846507456,(211.3443826060513+111.51510553607412j)
1916,0.10741114474716897,(-271.63865787966745-547.1344992076491j)
1917,0.10746720484359233,(286.0161776335572-1217.2782064243252j)
1918,0.1075232649400157,(153.38572998997+502.5450557394306j)
1919,0.10757932503643906,(23.356290731815037+585.7778032018924j)
1920,0.10763538513286243,(1515.505888200239+906.2906176833937j)
1921,0.1076914452292858,(-765.4864576649436+116.53148622130524j)
1922,0.10774750532570916,(-322.8870407922973+899.9511764693411j)
1923,0.10780356542213253,(631.950987612356+152.37759068996522j)
1924,0.1078596255185559,(439.629952428699+589.7445102103043j)
1925,0.10791568561497926,(859.8514737843697-1142.7755172427146j)
1926,0.10797174571140263,(391.0861885211027-1020.4236933178871j)
1927,0.10802780580782599,(-634.0675427405602+458.09549972595323j)
1928,0.10808386590424936,(661.0277917416408-758.5109971500364j)
1929,0.10813992600067272,(688.1276140348238+836.236987746829j)
1930,0.10819598609709609,(-818.8927262803514+321.85586625430017j)
1931,0.10825204619351946,(345.58517134449346-708.1896110827449j)
1932,0.10830810628994282,(-677.2909598558904-188.5324421055394j)
1933,0.10836416638636619,(-71.40286539160782-144.15267448217017j)
1934,0.10842022648278955,(-1032.8949365870317-305.3780205645372j)
1935,0.10847628657921292,(377.37211586160424-46.62025066522989j)
1936,0.10853234667563628,(424.92504773497535-350.66910094023063j)
1937,0.10858840677205965,(268.8411442367112-152.98661653744813j)
1938,0.10864446686848302,(-488.647129500981+349.8017003958483j)
1939,0.10870052696490638,(168.6841723207722-694.3613161549266j)
1940,0.10875658706132975,(-61.47093274782955+413.06197476289356j)
1941,0.10881264715775311,(166.91697254589454-564.3009725487836j)
1942,0.10886870725417648,(-642.2947402945092+353.5546360876118j)
1943,0.10892476735059985,(1261.4167254415388+138.84531971233565j)
1944,0.10898082744702321,(900.9138150871476+109.71460585579831j)
1945,0.10903688754344658,(338.28981526193553-94.30232589657547j)
1946,0.10909294763986994,(878.8154793664459-1074.1121814373573j)
1947,0.10914900773629331,(778.7394193446344+100.60732029571885j)
1948,0.10920506783271668,(-207.08562135528086-477.24614046605564j)
1949,0.10926112792914004,(-686.125257445553+32.5214236398469j)
1950,0.10931718802556341,(-1400.5218444483116+996.890548629075j)
1951,0.10937324812198677,(144.64677115904533-163.24540770395373j)
1952,0.10942930821841014,(7.647387929161937-1036.329723547441j)
1953,0.1094853683148335,(-98.16064901999353+377.2636627982272j)
1954,0.10954142841125687,(159.785518274168+364.89787345380995j)
1955,0.10959748850768024,(136.22214695776103+485.224223853158j)
1956,0.1096535486041036,(734.4199393324407-785.3951870532271j)
1957,0.10970960870052697,(247.6697551167839+912.7660134617747j)
1958,0.10976566879695034,(850.573472323497+359.7068739797277j)
1959,0.1098217288933737,(-715.0693831712924+745.8897452833116j)
1960,0.10987778898979707,(246.94654251548536-73.10162659843219j)
1961,0.10993384908622043,(-97.41910690160046+1295.792777278665j)
1962,0.1099899091826438,(-132.47843887383416-591.6443338803792j)
1963,0.11004596927906717,(-1143.2147583067717+1410.2024615096886j)
1964,0.11010202937549053,(1709.9117295400147+126.70502233037018j)
1965,0.1101580894719139,(-509.1683139891724-19.711926146421888j)
1966,0.11021414956833726,(1313.2978769589915-1017.2272314981926j)
1967,0.11027020966476063,(-285.1330967301417+505.6421564109635j)
1968,0.110326269761184,(-829.6392325326475-355.13095997543894j)
1969,0.11038232985760736,(-179.76616188542266+412.76017284460005j)
1970,0.11043838995403073,(-136.40455432546588-372.6029201092979j)
1971,0.1104944500504541,(519.2791217953752-976.5656399956057j)
1972,0.11055051014687746,(896.6310005580243+354.70510061144745j)
1973,0.11060657024330083,(-932.3798651182493+422.4967224095132j)
1974,0.11066263033972419,(-75.26584094712837+70.11779642591374j)
1975,0.11071869043614756,(-391.6136810972605-109.62622026842902j)
1976,0.11077475053257092,(195.33480298700843+177.7452927622624j)
1977,0.11083081062899429,(599.335629897456-886.564107705216j)
1978,0.11088687072541765,(-282.7921378234305+953.2218896121992j)
1979,0.11094293082184102,(-214.63071195541616-290.8465667597845j)
1980,0.11099899091826439,(-821.6067419523181-203.28993243846037j)
1981,0.11105505101468775,(130.05969622030696+741.4159913817115j)
1982,0.11111111111111112,(98.60307862983115-495.71450399436253j)
1983,0.11116717120753448,(622.0900084900787-576.5292276907868j)
1984,0.11122323130395784,(-46.483829735296325+327.9632798517527j)
1985,0.1112792914003812,(-58.93614112326327-926.6141490724863j)
1986,0.11133535149680457,(298.79621259157244+303.56483524392866j)
1987,0.11139141159322793,(272.52658142748453+671.8918560917178j)
1988,0.1114474716896513,(-591.5946149393992-1110.1580041706868j)
1989,0.11150353178607467,(617.4279557031905+88.99690962161793j)
1990,0.11155959188249803,(322.78209823862755-167.85016810117233j)
1991,0.1116156519789214,(-318.50265783110615+480.5150162060002j)
1992,0.11167171207534476,(309.69046328748084+1411.6634220419128j)
1993,0.11172777217176813,(-432.21577352060353-63.87228396466955j)
1994,0.1117838322681915,(835.7063907160601-6.218015036661797j)
1995,0.11183989236461486,(-519.4457797597098+29.5485267291466j)
1996,0.11189595246103823,(-654.6092652651364+877.2159088628913j)
1997,0.1119520125574616,(3.0968349417350396+1118.6710128993755j)
1998,0.11200807265388496,(-525.6186801483004+159.4948015077048j)
1999,0.11206413275030833,(238.5536279380193-202.86622135845377j)
2000,0.11212019284673169,(-910.6875123679929+422.195119207889j)
2001,0.11217625294315506,(-272.44442474066165-458.4678353962228j)
2002,0.11223231303957842,(78.92345630342042-315.51806977015906j)
2003,0.11228837313600179,(-156.10896216162982+1352.4906517288728j)
2004,0.11234443323242516,(608.0222783352965+678.8256421162291j)
2005,0.11240049332884852,(1273.54789602336+304.82068075635465j)
2006,0.11245655342527189,(35.886843824066375+578.4258398885463j)
2007,0.11251261352169525,(-317.65291844191927-423.39823677762433j)
2008,0.11256867361811862,(-1214.0069733361058+483.77472149256687j)
2009,0.11262473371454199,(-569.4250891220706-906.3777970555624j)
2010,0.11268079381096535,(-966.2566732396284-276.55786985625565j)
2011,0.11273685390738872,(-545.010401141328+8.689797227873271j)
2012,0.11279291400381208,(-1146.762956172725-385.10823659189487j)
2013,0.11284897410023545,(317.0903120557734+600.5510675311638j)
2014,0.11290503419665882,(-973.9212341988264+234.76185046788953j)
2015,0.11296109429308218,(934.6421666322117+856.0585288082866j)
2016,0.11301715438950555,(-178.30723105884158+1018.1513856556128j)
2017,0.11307321448592891,(-230.80388814244503-446.1467518790586j)
2018,0.11312927458235228,(-886.3683570104979-461.1748542581163j)
2019,0.11318533467877565,(-51.76917097353582+1134.814729471951j)
2020,0.11324139477519901,(1069.3527991090962-326.1336569054069j)
2021,0.11329745487162238,(566.9617934513313+144.33511599819184j)
2022,0.11335351496804574,(-201.0444184546377-792.207262359256j)
2023,0.11340957506446911,(-276.6493423594687+607.0103585179794j)
2024,0.11346563516089248,(124.49158871990433-0.6816544774980215j)
2025,0.11352169525731584,(709.3050743200968-782.7296764801871j)
2026,0.11357775535373921,(472.9278933778582+198.94923196886037j)
2027,0.11363381545016257,(638.728967572042-593.4611778353443j)
2028,0.11368987554658594,(382.539332899277-273.0017004820329j)
2029,0.1137459356430093,(509.3261250025257+166.80964547906308j)
2030,0.11380199573943267,(-698.1449612974956-192.08052423539442j)
2031,0.11385805583585604,(-136.7579689526916+242.61368115221975j)
2032,0.1139141159322794,(-369.5816202627601-1130.920163869358j)
2033,0.11397017602870277,(-87.9343950674637-389.7416959057838j)
2034,0.11402623612512613,(119.16936504642631+436.89190405184866j)
2035,0.1140822962215495,(-687.2895831745518-242.92255566088096j)
2036,0.11413835631797287,(724.549003907028-162.46346318380438j)
2037,0.11419441641439623,(-77.05116310355268-676.274368087277j)
2038,0.1142504765108196,(155.4805043505985+107.49571102858295j)
2039,0.11430653660724296,(-514.2329049264656+344.7518987662421j)
2040,0.11436259670366633,(-360.286792727779+1116.4109643565994j)
2041,0.1144186568000897,(-546.9040578868071-392.3786412817218j)
2042,0.11447471689651306,(-330.0393773973986-962.1145104292044j)
2043,0.11453077699293643,(833.4415508845082-225.6930664446604j)
2044,0.1145868370893598,(-203.12990097803504+464.8224231107564j)
2045,0.11464289718578316,(36.55352156521084-965.0068920370258j)
2046,0.11469895728220653,(285.81588869719917+176.53301762335417j)
2047,0.11475501737862989,(-244.29060072791927-287.2756174280272j)
2048,0.11481107747505326,(-37.94458515388749+272.7571146806117j)
2049,0.11486713757147662,(22.619403295497705-738.5783937165627j)
2050,0.11492319766789999,(-910.4857330247294-512.574747919018j)
2051,0.11497925776432336,(20.689422804131965-188.46965923076255j)
2052,0.11503531786074672,(-268.9722528091708+789.5962845413859j)
2053,0.11509137795717009,(454.2830137438202+521.5836440281664j)
2054,0.11514743805359345,(306.98933178595996+241.00002529911706j)
2055,0.11520349815001682,(-386.21541352790865-247.20839222276072j)
2056,0.11525955824644019,(237.1269449669171-1330.0162915229494j)
2057,0.11531561834286355,(31.886871809725676-915.2295535088199j)
2058,0.11537167843928692,(-435.38447229281894-855.1372434547778j)
2059,0.11542773853571028,(300.3242457244548-616.3981426923606j)
2060,0.11548379863213365,(-1440.8319750644594-281.38093730937646j)
2061,0.11553985872855702,(547.8866705975536-802.0962859465309j)
2062,0.11559591882498038,(110.25455767228632+615.1335917936765j)
2063,0.11565197892140375,(-645.7319212206519-297.05610769363324j)
2064,0.11570803901782711,(-110.31416650933079+345.35470645358816j)
2065,0.11576409911425048,(-243.23253880509884+560.4075296276109j)
2066,0.11582015921067385,(-588.836740625264+405.7607188393634j)
2067,0.11587621930709721,(206.7522675623755-1302.6152764704068j)
2068,0.11593227940352058,(-140.85882591001487-100.32502402834001j)
2069,0.11598833949994394,(-351.52501923043866+1113.7908023625928j)
2070,0.11604439959636731,(80.63341136439897-529.2299749149188j)
2071,0.11610045969279068,(531.7215324745964-136.16427248539884j)
2072,0.11615651978921404,(334.9022827204942-278.46461319992574j)
2073,0.11621257988563741,(275.93279744348365-304.5403272929788j)
2074,0.11626863998206077,(1271.427582505166-729.6465749099535j)
2075,0.11632470007848414,(-886.2237323315289+346.7813506729232j)
2076,0.1163807601749075,(328.762415235748+654.4627123622003j)
2077,0.11643682027133087,(-438.94599169205145-498.570357930615j)
2078,0.11649288036775424,(255.73041174189885+762.1461266000307j)
2079,0.1165489404641776,(209.2713037508215-587.0019257780313j)
2080,0.11660500056060097,(83.21123158128283+1321.2462516341052j)
2081,0.11666106065702433,(71.2901995352085-859.912144711769j)
2082,0.1167171207534477,(280.72656072860605-584.5017847028761j)
2083,0.11677318084987107,(425.08306252008504-274.2058509296729j)
2084,0.11682924094629443,(-335.59097114468597+318.0721343403277j)
2085,0.1168853010427178,(618.8183301370755-325.0316135339295j)
2086,0.11694136113914116,(428.06172457739376-4.0758834646216116j)
2087,0.11699742123556453,(-137.2210619698489-6.821771832863753j)
2088,0.1170534813319879,(-101.7029472779025+666.8977217594477j)
2089,0.11710954142841126,(-967.828276536372+85.9874288951471j)
2090,0.11716560152483463,(705.3462233565256-545.794845025624j)
2091,0.117221661621258,(68.33221461899203+300.3534155715883j)
2092,0.11727772171768136,(358.71222699541636+491.7237740044078j)
2093,0.11733378181410473,(657.3029371690999+374.38435981427403j)
2094,0.11738984191052809,(-64.9829113145799-971.2433473698516j)
2095,0.11744590200695146,(-101.75981818036624-145.66346076090426j)
2096,0.11750196210337482,(-270.0650787352778+219.57347688818146j)
2097,0.11755802219979819,(-280.15892660140435+169.9265128334681j)
2098,0.11761408229622156,(135.08420499908615+193.35837681397365j)
2099,0.11767014239264492,(578.4765297601239-273.06022295184516j)
2100,0.11772620248906829,(350.26266494060593+79.1721122416971j)
2101,0.11778226258549165,(-867.4706000510895-433.1317906972994j)
2102,0.11783832268191502,(-208.46227893548956+805.3935991846203j)
2103,0.11789438277833839,(-309.3618331274008-508.4988870005935j)
2104,0.11795044287476175,(821.4417356468487-141.7097369142171j)
2105,0.11800650297118512,(-71.47372519126833-824.8507435987461j)
2106,0.11806256306760848,(599.8130801338768+810.7116366819797j)
2107,0.11811862316403185,(-204.3013523899926-839.3928413593907j)
2108,0.11817468326045522,(-370.4643042677234+907.0873036194889j)
2109,0.11823074335687858,(317.3679838408548+72.75516746864663j)
2110,0.11828680345330195,(598.5917675066801+780.59453156488j)
2111,0.11834286354972531,(-431.8785747303474+176.88742550688056j)
2112,0.11839892364614868,(-13.105739875492745+12.779119946039037j)
2113,0.11845498374257203,(-788.92062737696-249.05777271961713j)
2114,0.1185110438389954,(-570.2875666426986-533.199112649j)
2115,0.11856710393541876,(-583.7835277190575+276.3339924094797j)
2116,0.11862316403184213,(799.2171612559534-238.98887267214988j)
2117,0.1186792241282655,(479.5489059758186+353.35960455468575j)
2118,0.11873528422468886,(-82.52938618172848+1003.1507480207208j)
2119,0.11879134432111223,(-1387.9558195649506-143.36987352680603j)
2120,0.1188474044175356,(-132.222121849445+991.7433259229256j)
2121,0.11890346451395896,(-215.5020780721236+1154.2964350474945j)
2122,0.11895952461038233,(-269.59956456193754+226.8830662554001j)
2123,0.11901558470680569,(783.433519472433-885.0221794172442j)
2124,0.11907164480322906,(-462.7467863506734-277.1758416193344j)
2125,0.11912770489965242,(15.283990604375902+455.4191874492989j)
2126,0.11918376499607579,(736.867493230068-1288.4007822819797j)
2127,0.11923982509249915,(-359.07044621335524-405.77647846161375j)
2128,0.11929588518892252,(-54.02542303265359+270.2056267521491j)
2129,0.11935194528534589,(150.22075696668512-69.07683986849158j)
2130,0.11940800538176925,(424.5153185998514+268.70143796870207j)
2131,0.11946406547819262,(167.84224594877352+644.1543512534012j)
2132,0.11952012557461598,(-42.277881511277826+266.32251643159304j)
2133,0.11957618567103935,(-268.63299500863525+282.88422714458375j)
2134,0.11963224576746272,(-114.64190913103722+240.25618273718095j)
2135,0.11968830586388608,(-332.7771461675242+842.5398345036843j)
2136,0.11974436596030945,(-516.1230953572614+53.67049451808455j)
2137,0.11980042605673281,(383.0554342229799-462.59392996087j)
2138,0.11985648615315618,(-119.43789176854622-209.81247786435347j)
2139,0.11991254624957955,(-105.59701892587067+324.8679371821794j)
2140,0.11996860634600291,(810.6328819883722+383.9336643637654j)
2141,0.12002466644242628,(300.98859225369455-388.2952306706812j)
2142,0.12008072653884964,(-7.609201420862803+683.8382128441917j)
2143,0.12013678663527301,(160.2602664299768+626.9074637922774j)
2144,0.12019284673169638,(456.01407792566897+176.49821926271053j)
2145,0.12024890682811974,(-343.56122388101176+663.6967377926537j)
2146,0.12030496692454311,(537.9589651872599-93.36798533381798j)
2147,0.12036102702096647,(-867.2176462606731-1289.606326296572j)
2148,0.12041708711738984,(-294.4123148008567+346.8251461341424j)
2149,0.1204731472138132,(-425.0327942051094-48.087526504163634j)
2150,0.12052920731023657,(254.03700324835447+149.83429612394792j)
2151,0.12058526740665994,(427.9359260050667-222.73536464790257j)
2152,0.1206413275030833,(773.8280499774097+1358.3179990536494j)
2153,0.12069738759950667,(453.96453985277526-303.98254769973124j)
2154,0.12075344769593004,(-524.2880632084052-1272.1263568757663j)
2155,0.1208095077923534,(-408.692110800944+947.0617337375484j)
2156,0.12086556788877677,(4.5713380147121345-58.696109629444265j)
2157,0.12092162798520013,(-95.16080177793123+307.4183727591044j)
2158,0.1209776880816235,(177.93464988962006+204.611070780189j)
2159,0.12103374817804687,(270.48779883301904+468.67874462580266j)
2160,0.12108980827447023,(399.69235704889724+81.40696062317524j)
2161,0.1211458683708936,(-322.2508166014612+281.079238527831j)
2162,0.12120192846731696,(521.0574526744898+288.86017728764847j)
2163,0.12125798856374033,(668.6569871632364-1095.6675150683755j)
2164,0.1213140486601637,(47.22722637526718+682.9728998133018j)
2165,0.12137010875658706,(-256.84781743661637+522.2199182838108j)
2166,0.12142616885301043,(-354.144798858817-347.6211495100447j)
2167,0.1214822289494338,(-62.65396700334364+376.6857298875734j)
2168,0.12153828904585716,(-360.0734201645324-839.5514685545454j)
2169,0.12159434914228053,(264.15639152216755+270.9252828148645j)
2170,0.12165040923870389,(-716.0110320843794-287.2256532385155j)
2171,0.12170646933512726,(108.57734914273803+166.4214353529109j)
2172,0.12176252943155062,(-334.3964258603379-362.6579883311942j)
2173,0.12181858952797399,(-219.5336878527122+788.1049273681133j)
2174,0.12187464962439735,(115.17158243410788+163.2062518593705j)
2175,0.12193070972082072,(910.5587212116288-49.35590329230462j)
2176,0.12198676981724409,(-637.5572751543859+273.3571080799983j)
2177,0.12204282991366745,(-337.23578493627446+926.9229690391003j)
2178,0.12209889001009082,(476.84227873177855-306.8012733442085j)
2179,0.12215495010651418,(-634.1550950519066-721.1562717184437j)
2180,0.12221101020293755,(764.931575653954-164.29583692198185j)
2181,0.12226707029936092,(-273.6151290676088+568.2682118663477j)
2182,0.12232313039578428,(542.0178540727077+1168.185297262564j)
2183,0.12237919049220765,(-513.4135811366053+684.991814036783j)
2184,0.12243525058863101,(-584.5902827699573-513.9177878867945j)
2185,0.12249131068505438,(-1388.0066269708645+554.5624719924363j)
2186,0.12254737078147775,(401.6998563923161+274.6144485154839j)
2187,0.12260343087790111,(-820.1114962046857+936.1023401028497j)
2188,0.12265949097432448,(23.015954728474192-218.93674556403124j)
2189,0.12271555107074784,(-66.76438246353749-403.1418287219448j)
2190,0.12277161116717121,(-436.35539202770883-403.6048396992757j)
2191,0.12282767126359458,(-622.3700503872344-587.667447401803j)
2192,0.12288373136001794,(-49.35565682430099-122.85003463684512j)
2193,0.12293979145644131,(1062.982087513742-349.2673858458682j)
2194,0.12299585155286467,(-330.82182798616685+1200.2919418881115j)
2195,0.12305191164928804,(444.76160557390244+602.8593361705268j)
2196,0.1231079717457114,(736.5658222213524-1067.523725182712j)
2197,0.12316403184213477,(74.41975345710355+350.1262436701627j)
2198,0.12322009193855814,(-304.98754725116714-352.91366830770244j)
2199,0.1232761520349815,(-1630.653807958672-241.32290261762444j)
2200,0.12333221213140487,(379.46852107017037-786.633261942216j)
2201,0.12338827222782824,(56.62461375068361+904.6487333231996j)
2202,0.1234443323242516,(556.5533841221059+918.5944587843237j)
2203,0.12350039242067497,(271.88740392460903-936.4814172599339j)
2204,0.12355645251709833,(671.1589334633368-708.2651863120925j)
2205,0.1236125126135217,(41.3970479663618+247.36343021717173j)
2206,0.12366857270994507,(-47.40035288195509+87.14527494340754j)
2207,0.12372463280636843,(32.180556922493544-149.52399749575497j)
2208,0.1237806929027918,(596.6402166235372-331.9190196504075j)
2209,0.12383675299921516,(-264.18121945226454-351.4985986098347j)
2210,0.12389281309563853,(-275.66196784374523-186.14944416524986j)
2211,0.1239488731920619,(-584.1711358822281-239.3378920289967j)
2212,0.12400493328848526,(1121.168960783689+533.9791265463955j)
2213,0.12406099338490863,(-39.245443783168724+509.2103686123899j)
2214,0.124117053481332,(60.82135715078829+991.8150371413572j)
2215,0.12417311357775536,(1180.8141501610648-602.8437454624299j)
2216,0.12422917367417873,(151.49417105011247-265.0708142793079j)
2217,0.12428523377060209,(182.30690491013377-237.6400474619199j)
2218,0.12434129386702546,(28.24812031731868+228.21205650932808j)
2219,0.12439735396344882,(-91.76613570221888-116.2836688188772j)
2220,0.12445341405987219,(616.1415122894788+69.73929346144513j)
2221,0.12450947415629555,(-158.7777013812807+1.8450893143744j)
2222,0.12456553425271892,(-295.0610999734143+628.3265376837419j)
2223,0.12462159434914229,(358.4379024305358-11.537146208792596j)
2224,0.12467765444556565,(613.9045975066133+543.0104199063828j)
2225,0.12473371454198902,(13.435371198152701-398.0062715189971j)
2226,0.12478977463841238,(-811.7275641223553+241.87645331491274j)
2227,0.12484583473483575,(417.3009792068555+41.28470512884586j)
2228,0.12490189483125912,(-15.891460281523507-357.93204740899404j)
2229,0.12495795492768248,(538.2370853323812-435.12374742930047j)
2230,0.12501401502410583,(-766.8506461553411+231.36831001961616j)
2231,0.1250700751205292,(92.44154420251252+777.5831065839874j)
2232,0.12512613521695257,(422.63603017964044-354.7055999595764j)
2233,0.12518219531337593,(871.6501746274298+417.46020241963373j)
2234,0.1252382554097993,(27.263634520506628-242.8052642804695j)
2235,0.12529431550622266,(-1128.254185813555+18.617789547892215j)
2236,0.12535037560264603,(-599.8017943433447-311.9430863711043j)
2237,0.1254064356990694,(862.1937332550057+105.28201462305057j)
2238,0.12546249579549276,(-60.46472141507229-541.5081524491086j)
2239,0.12551855589191613,(-244.39566209528158+614.7829879560903j)
2240,0.1255746159883395,(124.27905480969878-758.4416290122274j)
2241,0.12563067608476286,(301.13275856884894-946.8841696282816j)
2242,0.12568673618118623,(2138.488995959352+14.856547999541817j)
2243,0.1257427962776096,(196.27388740415012-171.36709781436474j)
2244,0.12579885637403296,(-469.72211391969665+206.24806700147423j)
2245,0.12585491647045632,(747.6162918040648+564.2353193845875j)
2246,0.1259109765668797,(35.40204871358699+333.6380233380119j)
2247,0.12596703666330306,(2.8285043252142543+374.94431360990615j)
2248,0.12602309675972642,(-599.1083587423635-935.6332048134923j)
2249,0.1260791568561498,(-143.2634195655962-1000.682170338935j)
2250,0.12613521695257315,(338.8162890587546-354.636075656669j)
2251,0.12619127704899652,(-76.49545206416795+159.96190817131284j)
2252,0.12624733714541989,(-942.2359209788656+15.135130644493074j)
2253,0.12630339724184325,(-107.76464325060455-914.0627685418382j)
2254,0.12635945733826662,(37.09642138959358-161.70692614261452j)
2255,0.12641551743468998,(-450.907088517348-422.51881379229394j)
2256,0.12647157753111335,(983.24566716782-614.2173415737977j)
2257,0.12652763762753672,(305.48662448821904+1028.058724547233j)
2258,0.12658369772396008,(698.4652263070759-187.03741320832955j)
2259,0.12663975782038345,(868.2615606321601+276.24868998629063j)
2260,0.1266958179168068,(263.86837559714803-285.28022018532346j)
2261,0.12675187801323018,(-862.0921074147753+1224.4632896242656j)
2262,0.12680793810965355,(281.74048061075916+139.29529754467464j)
2263,0.1268639982060769,(30.77078619593678-428.91065705390685j)
2264,0.12692005830250028,(777.1664807333243-558.5410396366399j)
2265,0.12697611839892364,(-4.94550027091735+86.0739730523155j)
2266,0.127032178495347,(165.51929633167236-311.7255236726462j)
2267,0.12708823859177037,(-120.23933309241988+188.16395671041647j)
2268,0.12714429868819374,(439.4363976565345+636.7431492536248j)
2269,0.1272003587846171,(-59.80466849114248+1070.608958923639j)
2270,0.12725641888104047,(-1033.6770584959247-633.0042990010677j)
2271,0.12731247897746384,(46.787715491084754+768.9239955619616j)
2272,0.1273685390738872,(192.33675202874775-801.3354260287065j)
2273,0.12742459917031057,(-620.3638688097755+232.18696141925437j)
2274,0.12748065926673394,(-414.883231466366+4.11092496851731j)
2275,0.1275367193631573,(-106.91219943567903+115.70091216089847j)
2276,0.12759277945958067,(825.3483661135483-302.70711264926615j)
2277,0.12764883955600403,(-82.38031383195678-513.3618974538939j)
2278,0.1277048996524274,(340.36430158405847-296.1779586968588j)
2279,0.12776095974885077,(-1127.9944006157798-627.3188208421375j)
2280,0.12781701984527413,(-595.7946026255801-215.37335653486994j)
2281,0.1278730799416975,(1517.514455356301+131.0583846642254j)
2282,0.12792914003812086,(774.8228194714427-213.94122997487705j)
2283,0.12798520013454423,(-24.483537095023962+358.4911364067112j)
2284,0.1280412602309676,(607.9523046476784-90.63781986016758j)
2285,0.12809732032739096,(-693.6386037156294-83.18502244575865j)
2286,0.12815338042381433,(-472.4909215246144+591.4449117433113j)
2287,0.1282094405202377,(134.2252840398188-303.08793566025395j)
2288,0.12826550061666106,(-1210.8735405491095+212.00469084108727j)
2289,0.12832156071308443,(479.82411364432863-409.12376622847154j)
2290,0.1283776208095078,(260.5868240115535-445.79564750805844j)
2291,0.12843368090593116,(486.1243858134465+533.3375088110131j)
2292,0.12848974100235452,(-226.53090687061163-660.3468091744323j)
2293,0.1285458010987779,(-1420.6403293129263-1054.3707156300218j)
2294,0.12860186119520126,(48.05327345916344-9.027720841962381j)
2295,0.12865792129162462,(199.24488226978667-575.4332200404419j)
2296,0.128713981388048,(-861.2040342045691-158.20964049874544j)
2297,0.12877004148447135,(538.0065530049494+695.8405676470716j)
2298,0.12882610158089472,(-328.6271499348965+487.0646077244685j)
2299,0.12888216167731809,(1621.8225341491852+375.1489198382585j)
2300,0.12893822177374145,(393.41037433312215+11.903083348349426j)
2301,0.12899428187016482,(382.5016111083313+647.2443845177722j)
2302,0.12905034196658818,(-472.65942571881766+63.18656899199283j)
2303,0.12910640206301155,(406.8300670078295+37.04965018651953j)
2304,0.12916246215943492,(-630.7592731308316-409.9669302715338j)
2305,0.12921852225585828,(300.5661992421225+339.3440302196575j)
2306,0.12927458235228165,(-37.12880183152082-330.781316260939j)
2307,0.129330642448705,(-483.2260314369194+472.6313084419263j)
2308,0.12938670254512838,(113.42485829585611-41.1350501226722j)
2309,0.12944276264155175,(-382.00402280194993+202.20793763557378j)
2310,0.1294988227379751,(-1939.5855258566587+141.8306480295231j)
2311,0.12955488283439848,(585.9745550316879+41.5703704097092j)
2312,0.12961094293082184,(-759.9895203068036-869.7054182742459j)
2313,0.1296670030272452,(99.37100370016688-289.4742115434166j)
2314,0.12972306312366857,(82.29099129516163-113.88694586171327j)
2315,0.12977912322009194,(956.2170728580811-943.959655719167j)
2316,0.1298351833165153,(574.5029414457065-14.099528397051017j)
2317,0.12989124341293867,(-352.7648029560038+989.5255023839301j)
2318,0.12994730350936204,(-263.7052032887306+901.6115501775715j)
2319,0.1300033636057854,(597.2879629984584-486.56985420747225j)
2320,0.13005942370220877,(-1.3282828063178727-342.43438975749086j)
2321,0.13011548379863214,(457.39780280757543-53.22141007831592j)
2322,0.1301715438950555,(-131.99028839926473+184.44658910078607j)
2323,0.13022760399147887,(-232.9855963195331+14.94269002684645j)
2324,0.13028366408790223,(-139.17658160250056-323.25507494853275j)
2325,0.1303397241843256,(503.7945832940828-830.1746870770285j)
2326,0.13039578428074897,(-298.0598187897046-521.0515366598556j)
2327,0.13045184437717233,(-1336.7211615962024+251.41251002341127j)
2328,0.1305079044735957,(-162.21215850893114-192.86210610677497j)
2329,0.13056396457001906,(328.9012104678243-298.23422996275605j)
2330,0.13062002466644243,(367.29998383067357-300.3667318694156j)
2331,0.1306760847628658,(307.5217602049761+447.20008406669945j)
2332,0.13073214485928916,(363.4807814535353-1122.0242837567855j)
2333,0.13078820495571253,(-327.69502247401203+1104.1768347576196j)
2334,0.1308442650521359,(-21.585470979498325-1030.8632742244351j)
2335,0.13090032514855926,(1017.533682748484-579.4610544172466j)
2336,0.13095638524498263,(655.7149604722296+414.1314355308449j)
2337,0.131012445341406,(-232.25440793456738+252.0175087291484j)
2338,0.13106850543782936,(-736.1881856875029-343.4187455526403j)
2339,0.13112456553425272,(-358.2560982766963+483.53008397734584j)
2340,0.1311806256306761,(299.67236073158045-330.14319466608697j)
2341,0.13123668572709946,(361.6397186866177-652.5698243598132j)
2342,0.13129274582352282,(-194.15955539223302-579.540184885016j)
2343,0.1313488059199462,(-9.848412025443082+355.68618535752364j)
2344,0.13140486601636955,(333.19902671654495-813.9370740939455j)
2345,0.13146092611279292,(293.5252523021338-736.7916729336538j)
2346,0.13151698620921629,(714.2861377444061-68.40614437342526j)
2347,0.13157304630563965,(-632.9652201627957+76.85113942931247j)
2348,0.13162910640206302,(620.0898451499955-4.474597911284903j)
2349,0.13168516649848638,(-17.78922256029591+564.691182347945j)
2350,0.13174122659490975,(625.499846374187+1072.5789005345503j)
2351,0.13179728669133312,(-132.98349698900785+952.7753737620792j)
2352,0.13185334678775648,(294.5991134847136-630.7157804796477j)
2353,0.13190940688417985,(153.88681883215264-347.6292382937661j)
2354,0.1319654669806032,(290.63110687717847+31.350254700592686j)
2355,0.13202152707702658,(472.9120912730971+559.6543864175826j)
2356,0.13207758717344995,(-549.112798347082+71.67015269538766j)
2357,0.1321336472698733,(-352.4565685880045-128.80875968768513j)
2358,0.13218970736629668,(312.0098438643974+261.8342571268263j)
2359,0.13224576746272004,(-196.77519412701724-158.48317376611914j)
2360,0.1323018275591434,(252.55845786954166+60.45400848559501j)
2361,0.13235788765556677,(-1270.1793708924602-1757.688869431465j)
2362,0.13241394775199014,(-281.2883718241394-794.9330623394787j)
2363,0.1324700078484135,(-229.58556793468006-124.08347562420025j)
2364,0.13252606794483687,(59.06853623401901+401.44820219657333j)
2365,0.13258212804126024,(9.911157404282894+125.46135145392567j)
2366,0.1326381881376836,(-1680.1100670974959-208.21757618128743j)
2367,0.13269424823410697,(-503.5011489739898-201.2783212600561j)
2368,0.13275030833053034,(-255.12154945128526+948.0562639186096j)
2369,0.1328063684269537,(221.83774536908487-34.48951136990096j)
2370,0.13286242852337707,(-596.2629522436346+841.57993384294j)
2371,0.13291848861980043,(-316.4448904225916+325.9647677229655j)
2372,0.1329745487162238,(-448.7889023933194+491.0841005503051j)
2373,0.13303060881264717,(-305.3581915059915+213.8553809218148j)
2374,0.13308666890907053,(-1238.6927613648159+498.0089207952137j)
2375,0.1331427290054939,(637.5134159599783+10.332502739333052j)
2376,0.13319878910191726,(-721.9857480045252+454.32342839582174j)
2377,0.13325484919834063,(-1379.4215656479066+845.5548036275941j)
2378,0.133310909294764,(75.07424087547341+625.3153473453468j)
2379,0.13336696939118736,(-595.3193491963314+786.289991154097j)
2380,0.13342302948761073,(23.595125913168182+111.00936486326653j)
2381,0.1334790895840341,(1193.9170825654119-414.0570848369949j)
2382,0.13353514968045746,(-829.9947248881639-174.04326356704468j)
2383,0.13359120977688083,(766.3902528332031+664.2609393717125j)
2384,0.1336472698733042,(-474.8069647502674-547.70813234749j)
2385,0.13370332996972756,(401.745614576233+7.064136014992869j)
2386,0.13375939006615092,(-380.3541278799986+286.8053313048581j)
2387,0.1338154501625743,(-172.58351235952853-160.2995347799828j)
2388,0.13387151025899766,(-145.59900606085534-122.5947872562243j)
2389,0.13392757035542102,(-112.57357798561225-146.691357197787j)
2390,0.1339836304518444,(447.43281142304-312.31391762262734j)
2391,0.13403969054826775,(88.19064038251173-338.56809239914907j)
2392,0.13409575064469112,(8.635658153756982+17.98201574950751j)
2393,0.13415181074111449,(-25.87318774184663-273.72157400922185j)
2394,0.13420787083753785,(986.0323860178148+1079.6188611406096j)
2395,0.13426393093396122,(-509.3206075695876+1098.0649458216462j)
2396,0.13431999103038458,(1461.7010577440187+534.4309732413744j)
2397,0.13437605112680795,(-867.803184893221-137.3475546936255j)
2398,0.13443211122323132,(317.93169057457504+60.3898500133276j)
2399,0.13448817131965468,(-297.93134904526875-399.06569314631105j)
2400,0.13454423141607805,(-170.54968273855053+657.0516042256639j)
2401,0.1346002915125014,(-359.63268566854055-1171.613360035041j)
2402,0.13465635160892478,(-402.9375136018319-439.5520250281403j)
2403,0.13471241170534815,(260.3194050368717+633.549909386735j)
2404,0.1347684718017715,(-17.95245706433203+781.3094617689662j)
2405,0.13482453189819488,(-285.3124230907636+252.62036132753383j)
2406,0.13488059199461824,(30.148388216045298+85.74832670034105j)
2407,0.1349366520910416,(-1113.109670481439+429.00634476984897j)
2408,0.13499271218746497,(643.9579948983952-763.1890488959544j)
2409,0.13504877228388834,(-155.2312604565218+966.477365812023j)
2410,0.1351048323803117,(950.8418573765945-603.7077388709265j)
2411,0.13516089247673507,(-320.70732408142567-499.79952616233044j)
2412,0.13521695257315844,(397.9065122807386+359.76763578879695j)
2413,0.1352730126695818,(42.90178237849985+154.78046106557j)
2414,0.13532907276600517,(-238.59018537431905+296.4981069712499j)
2415,0.13538513286242854,(-940.2477575921357-325.1902677573102j)
2416,0.1354411929588519,(-418.09868979354343+997.9217364999541j)
2417,0.13549725305527527,(-969.0364054033706+666.6031306273492j)
2418,0.13555331315169863,(56.51836050064031+153.4044296855804j)
2419,0.135609373248122,(-403.3088170907759+260.30789163522996j)
2420,0.13566543334454537,(-1261.647403449287+412.78603591245184j)
2421,0.13572149344096873,(-540.7698897326928-116.07378194321173j)
2422,0.1357775535373921,(-78.83680544497173+113.7233309434513j)
2423,0.13583361363381546,(-1057.1427522701306+264.71893930280635j)
2424,0.13588967373023883,(108.77263718848377+439.22531707482483j)
2425,0.1359457338266622,(-405.64124208149076+33.09246313425567j)
2426,0.13600179392308556,(-521.0179145718016-593.8203676696762j)
2427,0.13605785401950893,(-552.8997962457436-284.426232353238j)
2428,0.1361139141159323,(-903.0543113396307-426.33753560294724j)
2429,0.13616997421235566,(820.483595576281+63.725946827045505j)
2430,0.13622603430877903,(-55.01258447184719+99.39960020857916j)
2431,0.1362820944052024,(161.3948012764219+595.0174390598957j)
2432,0.13633815450162573,(310.6482215710279+57.12941650221617j)
2433,0.1363942145980491,(54.02815911588954-628.1084831169564j)
2434,0.13645027469447246,(663.8973488519715+478.8008434462606j)
2435,0.13650633479089583,(-736.3627967021123+336.0865254589738j)
2436,0.1365623948873192,(868.2335060964804-718.9092481842574j)
2437,0.13661845498374256,(171.96211781412603-826.4124427688646j)
2438,0.13667451508016593,(113.16228367737915+359.98679828548313j)
2439,0.1367305751765893,(-1376.6995675413796-537.3771919605157j)
2440,0.13678663527301266,(536.2127853859456-706.8230150932922j)
2441,0.13684269536943602,(-57.28170386484892-175.26331821443938j)
2442,0.1368987554658594,(-436.11116959202445+330.2644379643001j)
2443,0.13695481556228276,(-507.72457685377617+965.7668504703266j)
2444,0.13701087565870612,(-93.23271637281964+56.875416852508124j)
2445,0.1370669357551295,(152.77040497205428+1157.4428277604736j)
2446,0.13712299585155285,(-313.0492522711276-199.16454498548978j)
2447,0.13717905594797622,(-570.6286997531465+1546.3098510623774j)
2448,0.13723511604439959,(186.72184940809856-126.0129927867077j)
2449,0.13729117614082295,(-162.97053897492327+442.1178868655236j)
2450,0.13734723623724632,(-81.64371205184374-379.0875902804154j)
2451,0.13740329633366968,(-221.09358856991363-193.05031490241308j)
2452,0.13745935643009305,(1552.0958715383822+494.2574423483699j)
2453,0.13751541652651642,(-148.1169707497041+289.63091587650246j)
2454,0.13757147662293978,(-107.17559024033164+800.9753627957729j)
2455,0.13762753671936315,(-627.3604179126203+39.74502613684237j)
2456,0.1376835968157865,(21.214220111755353-116.73834461928374j)
2457,0.13773965691220988,(1699.4440174576878-329.7615663201717j)
2458,0.13779571700863325,(-1173.5853867757494-722.0398073843053j)
2459,0.1378517771050566,(477.3221542290819+48.43686224003564j)
2460,0.13790783720147998,(229.13237138875812-696.8609449845121j)
2461,0.13796389729790334,(716.0004279619001+13.775031125981087j)
2462,0.1380199573943267,(189.55340363246364-444.23916045210336j)
2463,0.13807601749075007,(2.523656044252178+343.7452782542818j)
2464,0.13813207758717344,(794.5645921113529-208.17484246953643j)
2465,0.1381881376835968,(-425.0676648160935-411.01511037877344j)
2466,0.13824419778002017,(-711.2616140141168-21.84465325636549j)
2467,0.13830025787644354,(-43.51606265132892-591.3358007600913j)
2468,0.1383563179728669,(709.0776318873627-891.6863079163359j)
2469,0.13841237806929027,(355.4475956039971-436.6895789821743j)
2470,0.13846843816571364,(-1317.2630396877066-434.6268384042836j)
2471,0.138524498262137,(360.28215760761293+1068.1303134683403j)
2472,0.13858055835856037,(-56.52378681737744+412.462260235409j)
2473,0.13863661845498373,(-1164.5609607386766-792.1105278638084j)
2474,0.1386926785514071,(-386.47920219607414+305.9950931691148j)
2475,0.13874873864783047,(159.80859034671704+468.3494666217501j)
2476,0.13880479874425383,(-123.10005411373416-512.669610804587j)
2477,0.1388608588406772,(-624.0336088565664+808.0454525192123j)
2478,0.13891691893710056,(404.421425817472+595.4158008610773j)
2479,0.13897297903352393,(1641.7799465089106-103.54070866701524j)
2480,0.1390290391299473,(-465.3528325745808-450.9256008153246j)
2481,0.13908509922637066,(-97.78310448568298+106.94362585867589j)
2482,0.13914115932279403,(-65.15611710583971-1208.514025519374j)
2483,0.1391972194192174,(383.12783423070425+324.3970491501499j)
2484,0.13925327951564076,(-258.5405903139321+319.34155849643474j)
2485,0.13930933961206413,(572.1040978237286-1109.364332589541j)
2486,0.1393653997084875,(1299.385366607183+581.1064590211454j)
2487,0.13942145980491086,(674.5801875038612-205.79927771308616j)
2488,0.13947751990133422,(-642.4538952857555+43.85091026612364j)
2489,0.1395335799977576,(1847.945368394081-1445.3206019894812j)
2490,0.13958964009418096,(-595.4376444596625+367.56126499644927j)
2491,0.13964570019060432,(-882.2345948579498+96.4504037791923j)
2492,0.1397017602870277,(729.5276588445553+48.17229528088535j)
2493,0.13975782038345105,(363.481154714691+423.0668991540667j)
2494,0.13981388047987442,(173.24260034553228-130.33021627421118j)
2495,0.13986994057629779,(429.66580663992875+621.8479276674041j)
2496,0.13992600067272115,(-1105.4252366532298+165.99716733353245j)
2497,0.13998206076914452,(-195.9181127787939+628.1938050872889j)
2498,0.14003812086556788,(116.23986921675677-233.0406412038834j)
2499,0.14009418096199125,(-722.8973238883591-258.7030798962966j)
2500,0.14015024105841462,(-700.0695189605736+41.526576790412236j)
2501,0.14020630115483798,(120.37581207712475+1281.141578714366j)
2502,0.14026236125126135,(-102.34294619973787+54.37692904920332j)
2503,0.1403184213476847,(-260.1403414871574+190.1844833658055j)
2504,0.14037448144410808,(269.76891305414705+359.4529517282284j)
2505,0.14043054154053144,(272.411650466105+6.980788366016782j)
2506,0.1404866016369548,(961.4012468704658+391.4479720193359j)
2507,0.14054266173337818,(-312.7175043334694-514.807415099964j)
2508,0.14059872182980154,(-435.8340439729916-484.1194922425827j)
2509,0.1406547819262249,(-123.56388760728154-20.06477294183789j)
2510,0.14071084202264827,(483.818952986853+507.1900426482146j)
2511,0.14076690211907164,(148.68578799054004+58.40605472960512j)
2512,0.140822962215495,(-537.2426586577039+59.09643535546732j)
2513,0.14087902231191837,(307.4931414619016+1224.095290838755j)
2514,0.14093508240834174,(975.0288613819397-82.58882481453452j)
2515,0.1409911425047651,(296.4294563142406+103.23367575966621j)
2516,0.14104720260118847,(-620.8208121912088-961.384607921025j)
2517,0.14110326269761184,(641.4666764314061-801.8600407387589j)
2518,0.1411593227940352,(369.9579511370975-564.0121965402303j)
2519,0.14121538289045857,(-132.05145149360374+218.32298865150022j)
2520,0.14127144298688193,(218.5350794312021+158.36335307522347j)
2521,0.1413275030833053,(-392.245862192785-369.7179652843172j)
2522,0.14138356317972867,(310.8325434960368-1263.3089612210392j)
2523,0.14143962327615203,(-56.76858423441015+14.024999597827122j)
2524,0.1414956833725754,(753.5304181339056+935.3176565615099j)
2525,0.14155174346899876,(-242.06906442618572+244.58868706837364j)
2526,0.14160780356542213,(85.77513585939175-1390.585102039479j)
2527,0.1416638636618455,(-1243.3446089669644-115.86347162737145j)
2528,0.14171992375826886,(-119.02371960334867+425.6754128833121j)
2529,0.14177598385469223,(-154.88228746469457-387.1318121253773j)
2530,0.1418320439511156,(242.77405486739696-384.87671904663426j)
2531,0.14188810404753896,(-311.641122264209-116.2049506500986j)
2532,0.14194416414396233,(-349.0743263877149+813.1756366246585j)
2533,0.1420002242403857,(-393.0724374906054+226.35953651467872j)
2534,0.14205628433680906,(-246.75365475330986-293.95985542102494j)
2535,0.14211234443323242,(179.47154756421463-497.93332347630053j)
2536,0.1421684045296558,(268.4658757525853+522.3541473643985j)
2537,0.14222446462607916,(-866.127680231007-27.05818736458025j)
2538,0.14228052472250252,(169.89397294119345-642.6148660443381j)
2539,0.1423365848189259,(552.1193337013741-102.70876498286162j)
2540,0.14239264491534925,(764.7484681874679+393.8172325882342j)
2541,0.14244870501177262,(295.4653866972186+1641.5305082591492j)
2542,0.14250476510819599,(-146.02644669995473+170.19127802316618j)
2543,0.14256082520461935,(707.4839376469665+27.411567857619843j)
2544,0.14261688530104272,(-863.9993077720999-254.16319149768552j)
2545,0.14267294539746608,(-359.8744471262504-440.1009170486102j)
2546,0.14272900549388945,(-477.20777245359255-82.70315257289761j)
2547,0.14278506559031282,(-15.756907453068493+724.313159576321j)
2548,0.14284112568673618,(436.73170456634614-403.1543920909378j)
2549,0.14289718578315955,(1179.0532367197206+8.602300420679626j)
2550,0.1429532458795829,(-317.1299339263687-587.053138085652j)
2551,0.14300930597600628,(344.304807680015-567.6234024477117j)
2552,0.14306536607242964,(525.7308157348128-871.55780747252j)
2553,0.143121426168853,(1135.4334205132104+1257.2854855386952j)
2554,0.14317748626527638,(683.3812352407659+252.44300155870567j)
2555,0.14323354636169974,(-776.3172774734663-140.2127348547176j)
2556,0.1432896064581231,(-419.77064421996914+16.67061356792277j)
2557,0.14334566655454647,(567.8206149748306-121.23040415688087j)
2558,0.14340172665096984,(-539.8198354310647-455.00592058072954j)
2559,0.1434577867473932,(-143.61853870687207+739.6303478612602j)
2560,0.14351384684381657,(50.712872122363045+1.9226116806417721j)
2561,0.14356990694023994,(-218.98280461540907-1011.2748874382546j)
2562,0.1436259670366633,(367.803983906935-31.68268297158037j)
2563,0.14368202713308667,(438.37387598407673-256.2066105324134j)
2564,0.14373808722951004,(511.10906554559074-443.3568395048387j)
2565,0.1437941473259334,(108.56999061140434-658.6161915139332j)
2566,0.14385020742235677,(631.9877243067612-285.98011953695743j)
2567,0.14390626751878013,(-371.9386458855142+181.48678447250117j)
2568,0.1439623276152035,(-308.0193520777753-215.60786566446748j)
2569,0.14401838771162687,(158.33976913370049-121.07653639317644j)
2570,0.14407444780805023,(-852.08694095112-680.3715408433275j)
2571,0.1441305079044736,(493.8831607945238-141.62108532019082j)
2572,0.14418656800089696,(274.59604100198175+759.3896665921143j)
2573,0.14424262809732033,(1574.7090320708837-380.03884272557366j)
2574,0.1442986881937437,(-466.15687358053646-222.0671293388736j)
2575,0.14435474829016706,(128.25788583273095+542.1345038748368j)
2576,0.14441080838659043,(135.7331196941152+706.200817085052j)
2577,0.1444668684830138,(20.621591226646864-59.164982458297146j)
2578,0.14452292857943716,(-531.512800592832-332.18609077674364j)
2579,0.14457898867586053,(-189.71615922073858+741.0785921904885j)
2580,0.1446350487722839,(-743.5173340550498+561.1260110806822j)
2581,0.14469110886870726,(273.3207530414571+1279.3700674668876j)
2582,0.14474716896513062,(78.84919676673383-334.8788587477011j)
2583,0.144803229061554,(220.54791507868597+652.6787570012352j)
2584,0.14485928915797736,(-28.944083632425475-919.4848509485818j)
2585,0.14491534925440072,(-411.47010449557797+708.0242620211664j)
2586,0.1449714093508241,(-259.81307927768444-803.8817630901353j)
2587,0.14502746944724745,(319.67677060920147-78.73993466745605j)
2588,0.14508352954367082,(-536.147334669178+545.9315265252416j)
2589,0.14513958964009419,(-294.31168348405356+1405.0674285609018j)
2590,0.14519564973651755,(-112.05674884213924+565.791192088162j)
2591,0.14525170983294092,(-632.9993714138391-234.95216626091036j)
2592,0.14530776992936428,(500.78359789654314+690.6478938960039j)
2593,0.14536383002578765,(-176.32112625603568-1196.1723537659586j)
2594,0.14541989012221102,(254.53180147312673+75.8575298725136j)
2595,0.14547595021863438,(-945.6875778528766-545.7602798863511j)
2596,0.14553201031505775,(-1181.7725747963757+753.9763283782465j)
2597,0.1455880704114811,(-876.3232027488896+868.4677475286672j)
2598,0.14564413050790448,(-175.18079255825302+247.30617089336016j)
2599,0.14570019060432784,(-271.8250773023922+777.1479698340319j)
2600,0.1457562507007512,(-342.167775386824-179.28832579511845j)
2601,0.14581231079717458,(-1022.3722528750385+759.4518549968418j)
2602,0.14586837089359794,(-474.29254519163715+622.4854600106236j)
2603,0.1459244309900213,(-464.79375797394493+92.62400837851078j)
2604,0.14598049108644467,(1463.903603651872-233.39631823976265j)
2605,0.14603655118286804,(-444.2971772774482+707.0106631534353j)
2606,0.1460926112792914,(-992.2152740912647-26.860906240036968j)
2607,0.14614867137571477,(293.9596267583719-433.17333031349995j)
2608,0.14620473147213814,(-1448.9456897870161+219.1039356881961j)
2609,0.1462607915685615,(-55.32024070501696-111.86307944034473j)
2610,0.14631685166498487,(252.58564349998807-428.160279898373j)
2611,0.14637291176140824,(-206.62701763361378+1133.0566992453435j)
2612,0.1464289718578316,(149.0712141278483+249.89933508536413j)
2613,0.14648503195425497,(778.1233842049448+387.8673795358643j)
2614,0.14654109205067833,(91.80833698636383-86.20632912780874j)
2615,0.1465971521471017,(573.7218888724998-682.5785625145166j)
2616,0.14665321224352507,(-413.49030027679623-134.40667409777924j)
2617,0.14670927233994843,(-95.89977780817603-480.09567052660543j)
2618,0.1467653324363718,(-77.47790544427986+260.13642770158253j)
2619,0.14682139253279516,(79.96877547501944-937.0407682443986j)
2620,0.14687745262921853,(584.0278440289225-372.7963065015527j)
2621,0.1469335127256419,(90.53992498553515+368.44136798138584j)
2622,0.14698957282206526,(607.176136888154+370.97611902128136j)
2623,0.14704563291848863,(-64.34537294204108-31.941127409197858j)
2624,0.147101693014912,(-137.5208948115112+697.1334220282733j)
2625,0.14715775311133536,(-7.379083563223006-167.90179730555707j)
2626,0.14721381320775873,(132.70765722181423+422.29333152639373j)
2627,0.1472698733041821,(-159.55368612263786+135.02553590560063j)
2628,0.14732593340060546,(-852.1070764237245-401.6758247558535j)
2629,0.14738199349702882,(530.1972667691022+591.2285645150716j)
2630,0.1474380535934522,(-354.57021232446897+276.83050363978407j)
2631,0.14749411368987556,(-400.557131009426-519.2636333437456j)
2632,0.14755017378629892,(-699.1720917866264+149.3718445265421j)
2633,0.1476062338827223,(622.5624765851508+232.30812220392923j)
2634,0.14766229397914565,(15.078929093773922-293.70611378035164j)
2635,0.14771835407556902,(182.701302836322-377.0378989034376j)
2636,0.14777441417199239,(226.12054259026883+571.1352825383369j)
2637,0.14783047426841575,(-164.66244801229973-374.2499690318858j)
2638,0.14788653436483912,(-228.66033517131766-707.9011041516641j)
2639,0.14794259446126248,(-375.64763983923683+880.8222406841784j)
2640,0.14799865455768585,(394.99597024271685-129.45489879758298j)
2641,0.14805471465410922,(-169.4583237441679+19.457734244129245j)
2642,0.14811077475053258,(222.14367962688138-428.2207831112303j)
2643,0.14816683484695595,(239.52569875585752+521.487508609675j)
2644,0.1482228949433793,(-191.85282601732695-425.2837081794993j)
2645,0.14827895503980268,(-1026.2889225121132-453.10691482551397j)
2646,0.14833501513622604,(-1174.3717806237344-26.489646813102492j)
2647,0.1483910752326494,(423.0102267784051+364.794475560859j)
2648,0.14844713532907278,(212.7742223085245+269.1425708508541j)
2649,0.14850319542549614,(-747.634668669954-404.9578562606484j)
2650,0.1485592555219195,(-856.7647492598599-239.34966971326378j)
2651,0.14861531561834287,(-553.0810195423669+714.6766230731677j)
2652,0.14867137571476624,(1301.5838941478855-578.6694335669578j)
2653,0.1487274358111896,(234.04898914075943+215.27469445482166j)
2654,0.14878349590761297,(-747.0655761934038+74.36193364361759j)
2655,0.14883955600403634,(-69.21858070697866-457.34613783766974j)
2656,0.1488956161004597,(980.7405363449086-1398.4105091304773j)
2657,0.14895167619688307,(286.50007276799045+34.84485056126097j)
2658,0.14900773629330644,(271.15637221349596+213.9149523990403j)
2659,0.1490637963897298,(-325.45258513671655+150.5415132495496j)
2660,0.14911985648615317,(55.3262731700667-179.524011148341j)
2661,0.14917591658257653,(-549.1767235239136+149.42596310796148j)
2662,0.1492319766789999,(398.79934432786905+184.1527333976308j)
2663,0.14928803677542327,(-997.0626965984369+1125.1621845305676j)
2664,0.14934409687184663,(648.9862545833522-431.1570385129495j)
2665,0.14940015696827,(745.687227263989-144.4623199891652j)
2666,0.14945621706469336,(478.8927202910518+189.79324450990123j)
2667,0.14951227716111673,(258.8381875450922-237.86366031972284j)
2668,0.1495683372575401,(56.66083068353545+822.546479756546j)
2669,0.14962439735396346,(203.03421316123956+514.6374587118612j)
2670,0.14968045745038683,(-544.6035051113171+172.2751318393644j)
2671,0.1497365175468102,(242.50673045824922+7.691056517689596j)
2672,0.14979257764323356,(-616.9355580782914+96.8309299234956j)
2673,0.14984863773965693,(-39.05187356684295+134.38776029225988j)
2674,0.1499046978360803,(-89.4767574292797-684.4490316961053j)
2675,0.14996075793250366,(502.8205744304231+645.2371625112424j)
2676,0.15001681802892702,(-368.20848831350327-1032.2097123812678j)
2677,0.1500728781253504,(-395.15453433577864-495.87666983241854j)
2678,0.15012893822177376,(610.4318680394839+849.0079908661851j)
2679,0.15018499831819712,(-629.701137698094+324.8007413014591j)
2680,0.1502410584146205,(-23.513861320672618+1031.7524890134316j)
2681,0.15029711851104385,(-807.9231528595956-194.52412574373383j)
2682,0.15035317860746722,(557.5535571543461-353.19361113258475j)
2683,0.15040923870389059,(855.7193282423641-855.1217101176943j)
2684,0.15046529880031395,(-463.4067960790375-979.7161794846834j)
2685,0.15052135889673732,(295.3960308438874+462.09958420943303j)
2686,0.15057741899316068,(71.4986775179112+92.21498506713449j)
2687,0.15063347908958405,(1619.5916200383924+24.840705739032046j)
2688,0.15068953918600742,(-274.406556044704+170.4601815175704j)
2689,0.15074559928243075,(-358.5331930214385+825.1564851486518j)
2690,0.15080165937885412,(-74.0540789405814+97.51700609684562j)
2691,0.15085771947527749,(-327.8486280528719-252.76205430900492j)
2692,0.15091377957170085,(-174.17084651519545+144.792215173304j)
2693,0.15096983966812422,(-948.9359441416464+92.60887116040473j)
2694,0.15102589976454758,(536.7514856860655+523.1428604907791j)
2695,0.15108195986097095,(-19.56936183068568-260.8163189189131j)
2696,0.15113801995739432,(147.05618480393662+1126.9424365357672j)
2697,0.15119408005381768,(-482.59470708582586-444.74294992575966j)
2698,0.15125014015024105,(21.339653748417334+133.92349919849485j)
2699,0.1513062002466644,(-526.1047195775436+1105.5211080605216j)
2700,0.15136226034308778,(-288.78375574719087-113.51382723703797j)
2701,0.15141832043951114,(880.7030266435344+408.3094759421108j)
2702,0.1514743805359345,(-389.66173280803696+284.9762740285221j)
2703,0.15153044063235788,(89.83967334270164-78.20896666466341j)
2704,0.15158650072878124,(131.50325062334414-79.50355519041722j)
2705,0.1516425608252046,(1293.8590813884962-452.5706229260031j)
2706,0.15169862092162797,(472.4971970919769+228.3435927705988j)
2707,0.15175468101805134,(95.17080347258263+794.022151011359j)
2708,0.1518107411144747,(78.9046738793042+473.3629409127322j)
2709,0.15186680121089807,(129.44999018536407+903.9879267880254j)
2710,0.15192286130732144,(-271.8777341055876-372.2730905948968j)
2711,0.1519789214037448,(-3.6686138201641967+826.0322651825306j)
2712,0.15203498150016817,(-351.6371415200514-489.6275219660288j)
2713,0.15209104159659154,(175.91617529591963+246.30596718210663j)
2714,0.1521471016930149,(9.250170996872662-295.18853434061873j)
2715,0.15220316178943827,(-45.70618656672855+1525.7694090657574j)
2716,0.15225922188586163,(287.31636174169205+173.31049820388418j)
2717,0.152315281982285,(50.905303466719545+1200.7576661214662j)
2718,0.15237134207870837,(-398.67991026643267-364.7952830256253j)
2719,0.15242740217513173,(-239.9796593447449-473.0559455487453j)
2720,0.1524834622715551,(-346.80324074086315+187.59265569804256j)
2721,0.15253952236797846,(-233.11650080582154-337.69822306971395j)
2722,0.15259558246440183,(-201.62657949265872+188.61595613127716j)
2723,0.1526516425608252,(502.38181357418904-108.83727979514788j)
2724,0.15270770265724856,(173.7080986392113+836.7026452327854j)
2725,0.15276376275367193,(-342.9222555702842+328.864908212062j)
2726,0.1528198228500953,(183.07696304541508-203.02104610528897j)
2727,0.15287588294651866,(617.3302937240001+621.7698187640023j)
2728,0.15293194304294203,(-930.1370668851832+3.975699770833728j)
2729,0.1529880031393654,(-509.6916837650696-148.5296606149733j)
2730,0.15304406323578876,(-417.63413552785437+479.4689323559288j)
2731,0.15310012333221212,(-539.5853730040918-329.8536626425973j)
2732,0.1531561834286355,(913.7861860058567-170.77920276350596j)
2733,0.15321224352505886,(-233.90933213205435-685.5748653537884j)
2734,0.15326830362148222,(-31.997822645359058-259.26637446059976j)
2735,0.1533243637179056,(-82.7878775981149-156.36197843111563j)
2736,0.15338042381432895,(437.8419811649074+1108.0331329364694j)
2737,0.15343648391075232,(300.55387919178884+1185.2257797098257j)
2738,0.15349254400717569,(0.0146658229512866+18.564855847256055j)
2739,0.15354860410359905,(-142.13818426264226+154.96104988227512j)
2740,0.15360466420002242,(-762.9871644655307+277.8646143219575j)
2741,0.15366072429644578,(237.61661460404844+58.72571253165633j)
2742,0.15371678439286915,(-1074.5111817957388+253.30632135498155j)
2743,0.15377284448929252,(-475.0553699377803+297.44957970180906j)
2744,0.15382890458571588,(-119.50592065003683+142.07187208955813j)
2745,0.15388496468213925,(203.29561175496724-496.92211715030345j)
2746,0.1539410247785626,(508.63398087136534-691.5205739557828j)
2747,0.15399708487498598,(703.266647901637-677.110977766706j)
2748,0.15405314497140934,(-165.10507123425649+379.86145966504444j)
2749,0.1541092050678327,(435.2844696780854+6.540866550151435j)
2750,0.15416526516425608,(326.5950496101614+826.2107298667934j)
2751,0.15422132526067944,(-443.89082601254034+292.37496174954595j)
2752,0.1542773853571028,(-735.8944473252882+827.6315112045378j)
2753,0.15433344545352617,(1140.84559031435+676.5372310358825j)
2754,0.15438950554994954,(-173.69308132182925+397.3088532167581j)
2755,0.1544455656463729,(252.03531508105476-566.1726915476158j)
2756,0.15450162574279627,(-324.81759791111085-578.8425383332135j)
2757,0.15455768583921964,(-193.41722012361197-266.47604449616614j)
2758,0.154613745935643,(171.0693504681529+610.8641529841635j)
2759,0.15466980603206637,(-548.7152813617834+159.95664258654315j)
2760,0.15472586612848974,(-417.4106070351503-720.482806850987j)
2761,0.1547819262249131,(416.9595926843719-91.62082965271463j)
2762,0.15483798632133647,(460.4118494729578+244.47579847628583j)
2763,0.15489404641775983,(251.02085351068476-578.431210118791j)
2764,0.1549501065141832,(263.69868957009066+12.037642283501711j)
2765,0.15500616661060657,(-104.22898805228007-211.93240004430106j)
2766,0.15506222670702993,(-803.2630021252264+877.7160764811869j)
2767,0.1551182868034533,(630.138711824131-1441.8027849371792j)
2768,0.15517434689987666,(253.12064150524907+55.49470875808532j)
2769,0.15523040699630003,(-148.57326807229776-117.03666315876218j)
2770,0.1552864670927234,(514.0458154381123+147.3096592048841j)
2771,0.15534252718914676,(-217.19628814831455-71.70085518287884j)
2772,0.15539858728557013,(-246.63285065636327+682.06604742464j)
2773,0.1554546473819935,(-595.9108147435835-317.09523051163427j)
2774,0.15551070747841686,(333.1286716233826+18.642442738649237j)
2775,0.15556676757484023,(518.1076671916182-113.39248971989895j)
2776,0.1556228276712636,(557.8241572470575+170.1930160623111j)
2777,0.15567888776768696,(-310.7617849189811+226.15300891624076j)
2778,0.15573494786411032,(174.10774782756118-809.7732487538262j)
2779,0.1557910079605337,(-289.82799118784794-335.32799702600335j)
2780,0.15584706805695706,(-270.963432857211-37.074289514542684j)
2781,0.15590312815338042,(205.56671217493525-250.5313989010883j)
2782,0.1559591882498038,(-597.8497271155829-229.54544520162284j)
2783,0.15601524834622715,(424.66113605100753-987.8953290864142j)
2784,0.15607130844265052,(320.39608903415564-123.80559568667006j)
2785,0.15612736853907389,(-28.30767664647363-130.60164246747186j)
2786,0.15618342863549725,(-178.1693219606916-44.798209951784806j)
2787,0.15623948873192062,(578.0611714239683-834.5066458075814j)
2788,0.15629554882834398,(660.8337255052384-236.9077391104877j)
2789,0.15635160892476735,(-136.6511259177626+153.31269051528798j)
2790,0.15640766902119072,(687.0850102934586+633.1738969952571j)
2791,0.15646372911761408,(-318.9536845390269-229.79874048996356j)
2792,0.15651978921403745,(-1049.2476974565916-345.6701826565274j)
2793,0.1565758493104608,(-502.4409696097161-318.34666339056065j)
2794,0.15663190940688418,(632.0886261419894-813.2038994940419j)
2795,0.15668796950330754,(-96.69181205280793+351.25956471644605j)
2796,0.1567440295997309,(-175.37851138497732-412.8034620500697j)
2797,0.15680008969615428,(-432.2390996783707+67.83359485829992j)
2798,0.15685614979257764,(829.8110716684125+344.5651212085676j)
2799,0.156912209889001,(386.0539126240804+246.98928146170687j)
2800,0.15696826998542437,(-610.6917833765295-79.7051432345135j)
2801,0.15702433008184774,(-1017.8512745040821+612.0888988530721j)
2802,0.1570803901782711,(-167.00626275254666+505.8106660315542j)
2803,0.15713645027469447,(-381.8935848166328+12.006829889023862j)
2804,0.15719251037111784,(110.26293587415194-220.7854387952291j)
2805,0.1572485704675412,(877.7599587878789-947.6488656827885j)
2806,0.15730463056396457,(-40.61241267099831-599.4659664908495j)
2807,0.15736069066038794,(-848.4934980957287-160.17322712696176j)
2808,0.1574167507568113,(-734.5313498509469+521.9739800980883j)
2809,0.15747281085323467,(391.97563837458796+162.6441881005079j)
2810,0.15752887094965803,(-570.0149168729442+487.38227138327125j)
2811,0.1575849310460814,(635.5748565109196-107.54246416523942j)
2812,0.15764099114250477,(87.80108411041675-997.0391356820767j)
2813,0.15769705123892813,(-106.57335337920875-492.90100602447933j)
2814,0.1577531113353515,(-584.6344400732228-406.9031028198257j)
2815,0.15780917143177486,(-656.4754456042612-865.9800115529225j)
2816,0.15786523152819823,(-153.49261941577083+470.04973697724563j)
2817,0.1579212916246216,(-739.1580475292735+870.3654064970106j)
2818,0.15797735172104496,(16.099212105701895-433.3825785893641j)
2819,0.15803341181746833,(112.12953734767515+132.07281964155064j)
2820,0.1580894719138917,(-348.6130609276349-811.6623998850389j)
2821,0.15814553201031506,(-15.889860016399252+11.979197745973345j)
2822,0.15820159210673843,(554.3937542654127-95.09243430895427j)
2823,0.1582576522031618,(881.8003433828806-150.54355280596445j)
2824,0.15831371229958516,(348.5176096061678+187.82152950349726j)
2825,0.15836977239600852,(-16.88517782644046-35.344936158562675j)
2826,0.1584258324924319,(30.151304637381784-276.1106960472928j)
2827,0.15848189258885526,(940.3628848119723-243.97832276964647j)
2828,0.15853795268527862,(61.384663501690625+127.4799524937138j)
2829,0.158594012781702,(-26.28145865497092-519.444755842185j)
2830,0.15865007287812535,(505.2699478485025+750.469971650068j)
2831,0.15870613297454872,(62.48461812036915+101.84175447265417j)
2832,0.15876219307097209,(996.1075446549311-313.9782799594959j)
2833,0.15881825316739545,(-221.36269339527416+1101.960848228821j)
2834,0.15887431326381882,(397.0242936802267-189.49025796188457j)
2835,0.15893037336024218,(-377.03354909154467+534.7169398259841j)
2836,0.15898643345666555,(279.2511287269164-761.8588895408063j)
2837,0.15904249355308892,(815.051752662892-315.4945411299791j)
2838,0.15909855364951228,(-498.44479593545526+163.109458139624j)
2839,0.15915461374593565,(756.9837822378009+719.1146475809595j)
2840,0.159210673842359,(-481.86967254158037-122.28493182235991j)
2841,0.15926673393878238,(38.83691340492619-184.66871047579738j)
2842,0.15932279403520574,(-8.587541254741177+22.245221886785064j)
2843,0.1593788541316291,(1025.3271565145342+257.5908373666897j)
2844,0.15943491422805248,(66.55914482504878+919.7844842296226j)
2845,0.15949097432447584,(174.10998121134384-200.6393064709812j)
2846,0.1595470344208992,(-1132.9694280747146-242.65189913188388j)
2847,0.15960309451732257,(324.31630416751034-436.5488756184808j)
2848,0.15965915461374594,(29.66324502439602+358.85853898769744j)
2849,0.1597152147101693,(-21.06421344225999+415.285723789339j)
2850,0.15977127480659267,(-521.0759476290684+404.1905445327988j)
2851,0.15982733490301604,(-265.7826462569043-23.524347621983765j)
2852,0.1598833949994394,(655.7984825844372-833.2162421029153j)
2853,0.15993945509586277,(-607.4347523036784+52.582310357575295j)
2854,0.15999551519228614,(425.53241558401123-3.2251559485373775j)
2855,0.1600515752887095,(462.4124925354453+443.6322243823803j)
2856,0.16010763538513287,(-27.081615178778748-1063.666027817887j)
2857,0.16016369548155623,(-113.29468870413413-255.10410916239073j)
2858,0.1602197555779796,(-975.4219537160684+466.01313468093826j)
2859,0.16027581567440297,(-448.8427663069744+538.0507295224281j)
2860,0.16033187577082633,(-679.0029989582154-160.2330701270942j)
2861,0.1603879358672497,(-117.647133201124+46.03225942981419j)
2862,0.16044399596367306,(276.5311064482354-360.5434120156889j)
2863,0.16050005606009643,(-1003.4943575758243-369.846645916721j)
2864,0.1605561161565198,(-500.86511872028063-51.699882346525044j)
2865,0.16061217625294316,(-989.8466209381547-1092.0029427525612j)
2866,0.16066823634936653,(-924.3222968160442-871.43203697834j)
2867,0.1607242964457899,(201.5427850953198-487.01990969560126j)
2868,0.16078035654221326,(412.5425204609993-80.34809010747959j)
2869,0.16083641663863663,(194.44856662165597-622.6601869627005j)
2870,0.16089247673506,(96.63465223706186-858.9269810399467j)
2871,0.16094853683148336,(909.4419365709018-66.24153504854331j)
2872,0.16100459692790672,(279.2136830341199+757.9161738364023j)
2873,0.1610606570243301,(118.36990958954658+627.0808078958407j)
2874,0.16111671712075346,(-226.5962814526431-594.166945203264j)
2875,0.16117277721717682,(250.49506939022024-152.0216057223913j)
2876,0.1612288373136002,(-49.488526750077085+530.9290316806375j)
2877,0.16128489741002355,(5.038523919081676-149.8109511586279j)
2878,0.16134095750644692,(599.2518837799023-712.4292373201782j)
2879,0.16139701760287029,(807.6156435856285+30.114243662501167j)
2880,0.16145307769929365,(-56.57409941982325+354.97006813899503j)
2881,0.16150913779571702,(599.8728193175311+393.41034312297967j)
2882,0.16156519789214038,(-1887.2136683985561+181.41467641506483j)
2883,0.16162125798856375,(255.52307043606007-781.1614825916971j)
2884,0.16167731808498711,(-344.7535156799372-916.417265908219j)
2885,0.16173337818141048,(-65.62340903504654+234.12541001319437j)
2886,0.16178943827783385,(891.2559862141093-151.09442802464392j)
2887,0.1618454983742572,(263.25415455461246+361.9992910424238j)
2888,0.16190155847068058,(588.171469023437+677.671032544127j)
2889,0.16195761856710394,(-26.449378352619192+200.78395283220092j)
2890,0.1620136786635273,(-658.2332936050701+151.28511400499687j)
2891,0.16206973875995068,(240.45512907132823-190.79385594679079j)
2892,0.16212579885637404,(860.4596066679711+426.2997197725531j)
2893,0.1621818589527974,(-492.99485181092933+401.8553257763261j)
2894,0.16223791904922077,(38.926878348413496+227.03896277050814j)
2895,0.16229397914564414,(-630.3156822765318-298.04866807837146j)
2896,0.1623500392420675,(133.53956972272056-623.8199805134337j)
2897,0.16240609933849087,(-498.7349186139184-90.56455085180139j)
2898,0.16246215943491424,(68.84230630741406-340.2994766217187j)
2899,0.1625182195313376,(516.2379867472971-523.6873031185958j)
2900,0.16257427962776097,(-176.35631266301777+264.6575719745573j)
2901,0.16263033972418434,(179.69908879495605+87.08737359905075j)
2902,0.1626863998206077,(-50.54865011848358-235.54834491296356j)
2903,0.16274245991703107,(-349.85964447186734+374.9373567954604j)
2904,0.16279852001345443,(639.4369581641699+1274.2774130673506j)
2905,0.1628545801098778,(245.24480471940905-940.4809221027407j)
2906,0.16291064020630117,(641.9370322301721+569.6742093099817j)
2907,0.16296670030272453,(226.35966588158976+1255.1105705864156j)
2908,0.1630227603991479,(-63.02575172146142+76.34476701882684j)
2909,0.16307882049557126,(525.9503587452111-681.611736438081j)
2910,0.16313488059199463,(330.51499079722004+408.3854276778761j)
2911,0.163190940688418,(109.37394881174563+370.601683526949j)
2912,0.16324700078484136,(-1045.8727629387238-546.488182613021j)
2913,0.16330306088126473,(-873.3371772924697-380.28447950249813j)
2914,0.1633591209776881,(-647.189014286427-77.14606886299583j)
2915,0.16341518107411146,(717.8291627661647-276.11110973622647j)
2916,0.16347124117053483,(133.11913151150608+459.2211006573652j)
2917,0.1635273012669582,(-744.2675154402737-200.03817253088843j)
2918,0.16358336136338156,(-378.7705288813609+1093.553942547833j)
2919,0.16363942145980492,(193.70756577086814-1211.5687629911465j)
2920,0.1636954815562283,(879.1306978054698-1578.5443940166874j)
2921,0.16375154165265166,(-75.87989878814048+563.5034881476885j)
2922,0.16380760174907502,(-114.6435503647646+24.514499374022797j)
2923,0.1638636618454984,(-178.7820382076249-569.9532089171263j)
2924,0.16391972194192175,(-282.6448526627347+256.46087994316304j)
2925,0.16397578203834512,(620.7482805764241+290.8131097830343j)
2926,0.16403184213476849,(488.236690937011-113.70819160513577j)
2927,0.16408790223119185,(419.6904244403339-362.5550539841072j)
2928,0.16414396232761522,(-401.1426834442702-173.7167561252292j)
2929,0.16420002242403858,(443.07362155457105-532.3967981852438j)
2930,0.16425608252046195,(-126.45301745415262-88.19590593875922j)
2931,0.16431214261688531,(-670.3425294745108-610.9157164003088j)
2932,0.16436820271330868,(-697.8405965194737-1003.676174365806j)
2933,0.16442426280973205,(259.07369944470895-483.12942951708476j)
2934,0.1644803229061554,(139.09441756110454-1000.7486804546962j)
2935,0.16453638300257878,(665.7243162435444+361.3281686541478j)
2936,0.16459244309900214,(-316.7048601770091+832.081174878045j)
2937,0.1646485031954255,(167.59353748806484+809.6773882567276j)
2938,0.16470456329184888,(705.8591762241053-85.47428669972555j)
2939,0.16476062338827224,(-451.76043639575295-935.926573183905j)
2940,0.1648166834846956,(-371.6406644509179+15.505581838721262j)
2941,0.16487274358111897,(249.86013661288246-112.7329141159481j)
2942,0.16492880367754234,(-482.8866627090715+301.69089462702254j)
2943,0.1649848637739657,(-1339.1241481101658+385.07153302299696j)
2944,0.16504092387038904,(-292.0268063942408-947.8840032012016j)
2945,0.1650969839668124,(134.62150436023603-418.06201609658945j)
2946,0.16515304406323578,(-727.8352603465706-13.046384529445362j)
2947,0.16520910415965914,(-156.58797056934242-169.8077573476308j)
2948,0.1652651642560825,(461.64206976733243+85.41598065255619j)
2949,0.16532122435250587,(-213.25118417448124+81.69793464594932j)
2950,0.16537728444892924,(-180.8300404061525-87.42272209118269j)
2951,0.1654333445453526,(-168.0119687117637+676.9853888352995j)
2952,0.16548940464177597,(-384.8356124859992-304.2887026100298j)
2953,0.16554546473819934,(-451.1061449566712+1087.6466569575982j)
2954,0.1656015248346227,(542.4734622037973-510.98038381254185j)
2955,0.16565758493104607,(-144.60940199008513-376.18818945336074j)
2956,0.16571364502746944,(-809.9444712190533+1246.3754291017608j)
2957,0.1657697051238928,(367.7794979816527-240.70878820954619j)
2958,0.16582576522031617,(318.22169902288636+60.59351975950692j)
2959,0.16588182531673953,(51.52684556462086+332.1521443361149j)
2960,0.1659378854131629,(656.7442844386804+428.1296411508867j)
2961,0.16599394550958627,(-1110.37937084687-757.62008443865j)
2962,0.16605000560600963,(170.83923703701953-834.1727213128984j)
2963,0.166106065702433,(-185.14479137491548+2.748981657454337j)
2964,0.16616212579885636,(914.3418000613476-199.478953279798j)
2965,0.16621818589527973,(879.8526521111359+562.0110570830866j)
2966,0.1662742459917031,(47.80401879084252-1086.494602721154j)
2967,0.16633030608812646,(-701.1746652108216+1728.5903610034989j)
2968,0.16638636618454983,(291.0764579585259-144.8721363069149j)
2969,0.1664424262809732,(1076.2977803508688-91.66726442301513j)
2970,0.16649848637739656,(320.29522591196417+347.62377577713096j)
2971,0.16655454647381993,(-192.6294009395453-36.49279156757038j)
2972,0.1666106065702433,(-1433.0168578613502-839.0635138090013j)
2973,0.16666666666666666,(-1195.6499999999996-23.122878281043484j)
2974,0.16672272676309002,(543.7362059687199+134.04237812514955j)
2975,0.1667787868595134,(454.09111316822964-551.6251882780953j)
2976,0.16683484695593676,(310.9815287616737+541.999197701394j)
2977,0.16689090705236012,(745.2716296946265-324.19291788511066j)
2978,0.1669469671487835,(386.868151446136+21.52164553980657j)
2979,0.16700302724520685,(-213.28236987213413+489.4188496900516j)
2980,0.16705908734163022,(-451.34183914559196-118.55384863195515j)
2981,0.16711514743805359,(157.19710425861692-645.4487477430944j)
2982,0.16717120753447695,(-296.7484287275116-423.75582685059874j)
2983,0.16722726763090032,(819.557917104254+228.74762847939596j)
2984,0.16728332772732368,(430.53916186070086+584.7132712220513j)
2985,0.16733938782374705,(-621.02778135894+475.3308626354433j)
2986,0.16739544792017041,(-42.87612330679508+598.4393172070023j)
2987,0.16745150801659378,(-65.2871089336092+426.82511506681533j)
2988,0.16750756811301715,(567.2890389791506-677.7893654020324j)
2989,0.1675636282094405,(-830.7988555486822-548.37190743987j)
2990,0.16761968830586388,(634.5849224023257-1154.1731054764073j)
2991,0.16767574840228724,(55.076941424472196-76.61197565691535j)
2992,0.1677318084987106,(-90.18533522112386-470.0762517769882j)
2993,0.16778786859513398,(134.1828072658102-936.3055519334287j)
2994,0.16784392869155734,(546.2724927544045-338.46418137080036j)
2995,0.1678999887879807,(62.61946387455049+876.3902344738229j)
2996,0.16795604888440407,(-345.4760106249497-793.4291340618977j)
2997,0.16801210898082744,(70.80717582844653+436.6862776810036j)
2998,0.1680681690772508,(-170.28195668497477+31.31929355599417j)
2999,0.16812422917367417,(-655.3364688595905+361.5356705616838j)
3000,0.16818028927009754,(-500.8111342441383+707.6849636577499j)
3001,0.1682363493665209,(-292.212432073895+286.2007239387403j)
3002,0.16829240946294427,(-517.9772691077974+307.7944345222637j)
3003,0.16834846955936764,(684.9666509591474-194.74789003758843j)
3004,0.168404529655791,(175.0978152361993-939.5397470404487j)
3005,0.16846058975221437,(350.49735501596706-467.68676719109266j)
3006,0.16851664984863773,(-79.37825880217862+48.207601384973984j)
3007,0.1685727099450611,(-375.5706392474508-47.547736106644294j)
3008,0.16862877004148447,(-161.5567878783183-960.9976424247966j)
3009,0.16868483013790783,(472.20673483745213+478.5034304722228j)
3010,0.1687408902343312,(-359.1070342456635+110.18837777271212j)
3011,0.16879695033075456,(643.3877204247981-133.10397505029908j)
3012,0.16885301042717793,(441.3056813503747+737.2054059666234j)
3013,0.1689090705236013,(1011.5668934866275-167.25122909390066j)
3014,0.16896513062002466,(309.1900035710233+854.2394697511227j)
3015,0.16902119071644803,(976.4768383606038-459.34722700390984j)
3016,0.1690772508128714,(-245.48978871458465+111.42739708779905j)
3017,0.16913331090929476,(-330.3604541051835-564.4986768191166j)
3018,0.16918937100571813,(-86.44771228257602+562.8494283255998j)
3019,0.1692454311021415,(285.8723330306974+379.10225054895j)
3020,0.16930149119856486,(-308.4884519931861-582.1961727674717j)
3021,0.16935755129498822,(-98.55087912057678+450.4183436870058j)
3022,0.1694136113914116,(138.59592790117892-947.5539873087699j)
3023,0.16946967148783496,(-601.4229204458629-34.158437972324634j)
3024,0.16952573158425832,(96.20497235887265+659.8846714160672j)
3025,0.1695817916806817,(209.71781653142293-288.8402820778232j)
3026,0.16963785177710505,(316.69131261072164+96.3746071646654j)
3027,0.16969391187352842,(-426.98972512580076+390.78321514567244j)
3028,0.16974997196995179,(-593.0179561254549-257.12045576008006j)
3029,0.16980603206637515,(120.19693024979993-236.95337245594385j)
3030,0.16986209216279852,(-73.48498724423554+16.755226756031316j)
3031,0.16991815225922188,(397.27721367920526-851.8713590232198j)
3032,0.16997421235564525,(-20.47389964360795+240.80557858496408j)
3033,0.17003027245206861,(551.0770007269421+622.2306063963701j)
3034,0.17008633254849198,(297.55321665156634-446.3291223909683j)
3035,0.17014239264491535,(237.67752736935103+842.4327651618516j)
3036,0.1701984527413387,(-594.1748559120962-55.77305415560801j)
3037,0.17025451283776208,(549.4416475605017+309.8227967959663j)
3038,0.17031057293418544,(385.5799551846603-773.1758930844487j)
3039,0.1703666330306088,(1350.5597984184853-72.51097397601757j)
3040,0.17042269312703218,(837.5988557019532+558.5656949865688j)
3041,0.17047875322345554,(529.4002674561136-493.85393977783724j)
3042,0.1705348133198789,(450.06778254287934+528.3500628690867j)
3043,0.17059087341630227,(-452.84111672939264+734.097875519119j)
3044,0.17064693351272564,(513.7169469356592+726.6988979292388j)
3045,0.170702993609149,(198.71437514554276+200.00017215178303j)
3046,0.17075905370557237,(-697.5272131804134+987.6634313603188j)
3047,0.17081511380199574,(95.40869261293392-263.49451190699585j)
3048,0.1708711738984191,(-562.0988729443549-346.70371646406585j)
3049,0.17092723399484247,(-112.0774213052328-305.68062841507054j)
3050,0.17098329409126584,(-524.8171419453-245.23070647762012j)
3051,0.1710393541876892,(-577.2033483271643+490.5542603763936j)
3052,0.17109541428411257,(-223.73600831637026+802.9396228701712j)
3053,0.17115147438053593,(88.83295642050656-674.23150053048j)
3054,0.1712075344769593,(512.7430974009974+29.359880393874562j)
3055,0.17126359457338267,(220.86949705964855-85.15815872573712j)
3056,0.17131965466980603,(-16.387548129116965-1255.03048749701j)
3057,0.1713757147662294,(-329.97615943551295-326.0891308604638j)
3058,0.17143177486265276,(747.4744857094188-154.89447225046297j)
3059,0.17148783495907613,(-151.20227747209597-244.8175832900967j)
3060,0.1715438950554995,(170.72301778348063-618.3177135485585j)
3061,0.17159995515192286,(53.8015106244286+162.22172699747085j)
3062,0.17165601524834623,(333.62280425503286+426.17410862044187j)
3063,0.1717120753447696,(-926.7730215947546-230.8690494689107j)
3064,0.17176813544119296,(-387.3198431810064+67.21791432041488j)
3065,0.17182419553761633,(134.62755352298151+639.5875217977036j)
3066,0.1718802556340397,(-236.71474334759753+165.02449614124166j)
3067,0.17193631573046306,(240.9044804649534-69.18422038698554j)
3068,0.17199237582688642,(20.268745100219917+475.38739298448513j)
3069,0.1720484359233098,(-413.63459035399916-608.1453325779781j)
3070,0.17210449601973316,(184.78840564692155+782.6845751479597j)
3071,0.17216055611615652,(-322.837816973076-221.8856220813665j)
3072,0.1722166162125799,(-169.74675589798255-35.27063908599848j)
3073,0.17227267630900325,(-139.6703764503443+310.61108521595156j)
3074,0.17232873640542662,(803.256691035557+284.70796691348227j)
3075,0.17238479650184999,(-31.296420997501357+486.17343520288335j)
3076,0.17244085659827335,(484.12162318429205+1054.0303340281225j)
3077,0.17249691669469672,(-451.98854035193744-149.30702183380467j)
3078,0.17255297679112008,(550.5957248823961-21.061919990167553j)
3079,0.17260903688754345,(321.9829578854531-71.83271618547863j)
3080,0.17266509698396681,(672.7176258892174+855.9304990303162j)
3081,0.17272115708039018,(-94.7525987985156-101.59877810842146j)
3082,0.17277721717681355,(60.6959028745034+325.03214645488276j)
3083,0.1728332772732369,(567.1406485714247+280.6412054060154j)
3084,0.17288933736966028,(-31.525354485314722+693.2658495883763j)
3085,0.17294539746608364,(-140.43237672243936+416.84825861301135j)
3086,0.173001457562507,(-580.0835671971289+528.8236242522598j)
3087,0.17305751765893038,(445.3920240543994-380.49610524104224j)
3088,0.17311357775535374,(348.72184208393236-75.593700249501j)
3089,0.1731696378517771,(123.91111552894314+155.33636520947377j)
3090,0.17322569794820047,(833.135599507784-52.261118554545476j)
3091,0.17328175804462384,(398.3033411697744+1096.8295111609305j)
3092,0.1733378181410472,(-788.351715460899-90.40380745662041j)
3093,0.17339387823747057,(-215.59175146047042+398.98425358311584j)
3094,0.17344993833389394,(-1110.2328727679446+776.7883821095808j)
3095,0.1735059984303173,(26.781518668945612-358.39801311376704j)
3096,0.17356205852674067,(-768.5273920123414-106.28597877765299j)
3097,0.17361811862316404,(-688.4943965867053-228.75554150428292j)
3098,0.1736741787195874,(-522.0205631128383+159.36483496766607j)
3099,0.17373023881601077,(129.26194544042835-1322.3524017745492j)
3100,0.17378629891243413,(-916.2338482485718+601.7222454612844j)
3101,0.1738423590088575,(-1094.03140853552+59.07725067679553j)
3102,0.17389841910528087,(-170.11650784887854-1077.0402828091617j)
3103,0.17395447920170423,(642.538310559404+190.10446253405104j)
3104,0.1740105392981276,(590.5488904958045+535.814684167692j)
3105,0.17406659939455096,(746.9155638720757-247.91802621519912j)
3106,0.17412265949097433,(-343.37090736011737-680.8526799534933j)
3107,0.1741787195873977,(270.53357429247694-60.21030636141482j)
3108,0.17423477968382106,(437.1485563436295-0.6547938911715114j)
3109,0.17429083978024443,(648.0439641353585-279.06116352665356j)
3110,0.1743468998766678,(271.26222721179556-12.005830534655487j)
3111,0.17440295997309116,(-376.5382862607539-566.4850782373857j)
3112,0.17445902006951453,(206.09731062607455-59.39237654959751j)
3113,0.1745150801659379,(-131.66258195991094-736.8351673069797j)
3114,0.17457114026236126,(147.5717305429733+468.5463208325752j)
3115,0.17462720035878462,(-29.38430991878259+346.26699342002627j)
3116,0.174683260455208,(402.1966156209436+352.67080380648014j)
3117,0.17473932055163136,(193.4867770894454+118.44238109613062j)
3118,0.17479538064805472,(24.96925936183747-484.47277784044593j)
3119,0.1748514407444781,(-368.353913212874+833.3710528016861j)
3120,0.17490750084090145,(26.414916577059813-321.9366808122977j)
3121,0.17496356093732482,(-67.023985211019+683.1418833701329j)
3122,0.17501962103374819,(-927.2547497231056-328.08313824296727j)
3123,0.17507568113017155,(75.82768738438057-388.52786696607575j)
3124,0.17513174122659492,(-777.8035700074922-225.02506317869813j)
3125,0.17518780132301828,(-517.8050302136613+378.49492241163955j)
3126,0.17524386141944165,(274.84281657427096+13.71006999467457j)
3127,0.17529992151586501,(986.3294398038552+410.64681204330384j)
3128,0.17535598161228838,(-254.4333933681539+188.75380629611357j)
3129,0.17541204170871175,(736.9712561996475+586.9953664444713j)
3130,0.1754681018051351,(-535.638897816937-50.60727690435954j)
3131,0.17552416190155848,(288.50616255960824-380.3106675290836j)
3132,0.17558022199798184,(290.76266030547345+324.43578144253274j)
3133,0.1756362820944052,(83.50184038296504+656.9131674168441j)
3134,0.17569234219082858,(525.4872715481029-247.74263892876502j)
3135,0.17574840228725194,(17.443770072431185+567.4894485422597j)
3136,0.1758044623836753,(40.42824926386231-886.9240580350902j)
3137,0.17586052248009867,(488.57054594888973+186.78962946784316j)
3138,0.17591658257652204,(539.3960144815907+595.9903246070747j)
3139,0.1759726426729454,(252.65498393801374+353.7400167399339j)
3140,0.17602870276936877,(-392.2586764643335+164.300015249459j)
3141,0.17608476286579214,(25.63307404020588+14.452279661210266j)
3142,0.1761408229622155,(163.8206872490722+78.61311326574963j)
3143,0.17619688305863887,(-1082.0061129208616+315.90782587498j)
3144,0.17625294315506224,(1176.5151565704966-411.446779956997j)
3145,0.1763090032514856,(498.42883392525135-274.4335635486957j)
3146,0.17636506334790897,(-66.33563778678948+274.5830040727146j)
3147,0.17642112344433233,(-371.42018974263857-108.11872347189063j)
3148,0.1764771835407557,(162.01233087253846+464.0223195309735j)
3149,0.17653324363717907,(-912.2685057199998+480.8979505340461j)
3150,0.17658930373360243,(-822.6460651026939+303.25027946815896j)
3151,0.1766453638300258,(368.7231748547896-1181.2996373645908j)
3152,0.17670142392644916,(703.9717769704187-31.556447461974145j)
3153,0.17675748402287253,(510.7180694777598+65.88536035807695j)
3154,0.1768135441192959,(458.47118089372236+130.87578818420033j)
3155,0.17686960421571926,(-216.8804703639872-653.4595714502296j)
3156,0.17692566431214263,(-1163.5669156208114-177.55261795344086j)
3157,0.176981724408566,(460.9360760214651+335.56828221644275j)
3158,0.17703778450498936,(908.4365799674748-706.5275401055162j)
3159,0.17709384460141273,(-12.891671020679638-508.30629618839373j)
3160,0.1771499046978361,(-447.16076970938957+298.5214276219815j)
3161,0.17720596479425946,(-126.44694968376609+4.738056889165875j)
3162,0.17726202489068282,(-19.069845127709605-100.23640821547569j)
3163,0.1773180849871062,(-969.2104057858577-909.8233045023568j)
3164,0.17737414508352956,(-70.81031640098712+340.8455222641837j)
3165,0.17743020517995292,(-955.5283056473216-263.21560953640903j)
3166,0.1774862652763763,(861.4538705686878-139.67740714232687j)
3167,0.17754232537279965,(154.95791362381226-127.10966553808285j)
3168,0.17759838546922302,(-267.43768423093-155.24263416759862j)
3169,0.17765444556564639,(-273.1279199754338+143.15246770213162j)
3170,0.17771050566206975,(-731.7553467707081+852.6430987784611j)
3171,0.17776656575849312,(-545.3981511866554-167.65848860989726j)
3172,0.17782262585491648,(-802.934125355627-576.9377907221104j)
3173,0.17787868595133985,(32.014647396050805-1177.4694705337854j)
3174,0.17793474604776321,(-423.5155494477281-824.4106760118941j)
3175,0.17799080614418658,(560.175799454512+27.12886627363909j)
3176,0.17804686624060995,(-298.4645155814449+116.85913930936741j)
3177,0.1781029263370333,(-16.95120440960406-439.7914812052539j)
3178,0.17815898643345668,(-240.24708206307022+11.669586081809854j)
3179,0.17821504652988004,(-197.93283453547647+322.7388734159184j)
3180,0.1782711066263034,(-333.91645427607517-217.81907586571742j)
3181,0.17832716672272678,(462.6618882519177-101.30225395245125j)
3182,0.17838322681915014,(-106.05244549871614+749.1115447198681j)
3183,0.1784392869155735,(-132.44951207294272+475.1161955942686j)
3184,0.17849534701199687,(219.66607308086063+671.1154563293913j)
3185,0.17855140710842024,(-4.7631951459955815-443.8061546574599j)
3186,0.1786074672048436,(-29.766034898848083+291.5132490521569j)
3187,0.17866352730126697,(251.51041796549745+528.3175361066691j)
3188,0.17871958739769034,(331.31026849949143+296.47373321234284j)
3189,0.1787756474941137,(-25.32840907146317-856.3060690901025j)
3190,0.17883170759053707,(562.478438398169-238.46027963978955j)
3191,0.17888776768696044,(-478.88884759390436+620.0055927713252j)
3192,0.1789438277833838,(-251.95285340542222+771.6852860821793j)
3193,0.17899988787980717,(422.4877136217069+36.66114496496548j)
3194,0.17905594797623053,(-183.1329435727133+692.0621262125761j)
3195,0.1791120080726539,(484.9574087205534+217.95258768309083j)
3196,0.17916806816907727,(526.1724033141811+235.60450602024164j)
3197,0.17922412826550063,(-115.65815663962681-633.9714793481398j)
3198,0.179280188361924,(10.916756936557675+241.59578496340646j)
3199,0.17933624845834736,(-796.8944832149014+701.5825357013528j)
3200,0.17939230855477073,(452.241707878515+292.35274567493366j)
3201,0.17944836865119407,(-158.1425246834994-331.4877587928169j)
3202,0.17950442874761743,(705.5790975050802+212.01624949286426j)
3203,0.1795604888440408,(-295.6805294821894-112.63005382591082j)
3204,0.17961654894046417,(350.07010953529306-179.7193125211272j)
3205,0.17967260903688753,(-195.4181661482377-423.08469560524577j)
3206,0.1797286691333109,(551.6981458163443-638.7369255181555j)
3207,0.17978472922973426,(141.4172606125361+351.7105877005739j)
3208,0.17984078932615763,(66.13741567269376-219.8029017409991j)
3209,0.179896849422581,(-822.4191356907405-180.64057973707168j)
3210,0.17995290951900436,(-391.33189383994693+524.820186095265j)
3211,0.18000896961542773,(-346.6898519174954+2.800353518165039j)
3212,0.1800650297118511,(503.0467861312585-603.8929747930889j)
3213,0.18012108980827446,(296.6204103155852-341.2914536076502j)
3214,0.18017714990469783,(603.7511210141158-328.9203375460783j)
3215,0.1802332100011212,(58.76692282340698+290.10833592244654j)
3216,0.18028927009754456,(1293.2824311699308-1350.3186302353745j)
3217,0.18034533019396792,(490.9020398211489-227.7703560212072j)
3218,0.1804013902903913,(-185.7456054580127-285.25429186600263j)
3219,0.18045745038681466,(436.5246346534898+621.7361241207931j)
3220,0.18051351048323802,(319.7809500229272-853.4633498573578j)
3221,0.1805695705796614,(495.4870178869715-1270.0659119301465j)
3222,0.18062563067608475,(274.1988435670999+350.79782914301813j)
3223,0.18068169077250812,(144.56083938863932-131.71568806325652j)
3224,0.18073775086893148,(25.6628888350929-460.4970546892039j)
3225,0.18079381096535485,(-379.5658003239114-98.18389286500594j)
3226,0.18084987106177822,(-19.475593251412306-371.1296918031859j)
3227,0.18090593115820158,(-7.853892416485593+200.11539850739962j)
3228,0.18096199125462495,(-70.3444118356281+332.11501286005796j)
3229,0.18101805135104831,(-278.4890319108219+44.26269322479272j)
3230,0.18107411144747168,(27.31373583642221+1156.1624294626808j)
3231,0.18113017154389505,(-90.33022758958073-294.4419550816617j)
3232,0.1811862316403184,(-394.15541053547616-456.72902146335866j)
3233,0.18124229173674178,(43.52936814822135-687.8605784419873j)
3234,0.18129835183316514,(932.7929530425077+75.73827383435037j)
3235,0.1813544119295885,(-209.46724465959403-86.2091761047022j)
3236,0.18141047202601188,(-500.01483962427096+498.5015556272965j)
3237,0.18146653212243524,(-12.121317441519068+898.9512229240736j)
3238,0.1815225922188586,(542.5026848175615+491.22582408987023j)
3239,0.18157865231528197,(426.80464442823114-307.48170177336135j)
3240,0.18163471241170534,(-321.26204478895323+1000.600645657907j)
3241,0.1816907725081287,(-220.70329549163978+455.27509731343775j)
3242,0.18174683260455207,(531.5826339371594-144.12593947828188j)
3243,0.18180289270097544,(-1227.7008868837777-227.4978360205203j)
3244,0.1818589527973988,(-262.59051130377856+738.5743000587125j)
3245,0.18191501289382217,(366.90795388918207+703.1366503553917j)
3246,0.18197107299024554,(339.82072555449764-1064.5109535710062j)
3247,0.1820271330866689,(666.2357717421305-128.33824569242861j)
3248,0.18208319318309227,(-82.11411967862347+294.9481993596464j)
3249,0.18213925327951563,(-633.4734104346244+273.15693897059236j)
3250,0.182195313375939,(317.94044328273696+85.30541771612099j)
3251,0.18225137347236237,(840.930664020198-191.12987465911704j)
3252,0.18230743356878573,(-464.4678893546485-1167.6432304627426j)
3253,0.1823634936652091,(-35.672981296033356+914.186124883284j)
3254,0.18241955376163246,(-826.44506189896+444.6506649482494j)
3255,0.18247561385805583,(919.5863777051189-975.707657326817j)
3256,0.1825316739544792,(767.2795030350522+146.94852326750132j)
3257,0.18258773405090256,(-285.8664847397141+55.804142880872746j)
3258,0.18264379414732593,(308.8221800073498+196.2591023858205j)
3259,0.1826998542437493,(-398.936951946032-561.539543417687j)
3260,0.18275591434017266,(419.30541601466405-278.8916333105226j)
3261,0.18281197443659603,(-373.5684960018741+300.8287551953762j)
3262,0.1828680345330194,(366.29211533897313-141.06543092854216j)
3263,0.18292409462944276,(180.63984244686606+321.76689332213897j)
3264,0.18298015472586612,(617.8669042110679-67.88826318483291j)
3265,0.1830362148222895,(971.4485028262218-146.99277146855235j)
3266,0.18309227491871286,(58.02378667097266+25.120647653115064j)
3267,0.18314833501513622,(-1066.7152110133204-528.5731022346848j)
3268,0.1832043951115596,(-125.1897765448989+470.29244931765714j)
3269,0.18326045520798295,(640.2747695085733+189.81250502351793j)
3270,0.18331651530440632,(785.5771009459381+381.2586762019566j)
3271,0.18337257540082968,(265.6558494497012+400.3249193686769j)
3272,0.18342863549725305,(-71.34074708698165+236.3946169224813j)
3273,0.18348469559367642,(299.53103418198384-718.9292300580245j)
3274,0.18354075569009978,(330.67745625623763-62.48147307098317j)
3275,0.18359681578652315,(-600.3888194322745+271.73582619081867j)
3276,0.18365287588294651,(-240.19748772004485+597.512001431527j)
3277,0.18370893597936988,(-377.47350419822226+896.0514482891313j)
3278,0.18376499607579325,(-570.0835279259202+248.9727379680093j)
3279,0.1838210561722166,(-506.740307734495+281.41107572223376j)
3280,0.18387711626863998,(489.93487724589033-83.14160971524727j)
3281,0.18393317636506334,(-171.76988972080258+225.1963881953121j)
3282,0.1839892364614867,(976.082255157349-534.722888638742j)
3283,0.18404529655791008,(-284.93312499890976+111.74810332767166j)
3284,0.18410135665433344,(1228.6719778443944+314.2534127279408j)
3285,0.1841574167507568,(-4.423404529552997-553.5486048533968j)
3286,0.18421347684718017,(-175.82056828230853-316.8213195669582j)
3287,0.18426953694360354,(-556.1223893646803-654.7949017358293j)
3288,0.1843255970400269,(56.377535137722916-308.30593120259124j)
3289,0.18438165713645027,(29.813055345934345+639.3876509314575j)
3290,0.18443771723287364,(529.3429375164079+215.69963391235873j)
3291,0.184493777329297,(279.17695464140684-448.4000990514836j)
3292,0.18454983742572037,(-391.2527893836656-788.353796926083j)
3293,0.18460589752214374,(-697.7584879951689-11.35322033553254j)
3294,0.1846619576185671,(-323.0271651059043-279.307016650886j)
3295,0.18471801771499047,(-264.8891977369317-666.1087693435179j)
3296,0.18477407781141383,(350.9509604218588+121.74251516015963j)
3297,0.1848301379078372,(1.6858986992344285+250.20500807868078j)
3298,0.18488619800426057,(-420.98421867436286-607.7204603165525j)
3299,0.18494225810068393,(-667.3327706356283-175.72073670052413j)
3300,0.1849983181971073,(560.7676677192795+649.307961358307j)
3301,0.18505437829353066,(780.0728709708374-602.7723910199102j)
3302,0.18511043838995403,(317.4212885772854-154.31500204664263j)
3303,0.1851664984863774,(-494.87158576232537+3.8100646857348863j)
3304,0.18522255858280076,(1049.2526862114369-752.5673406169572j)
3305,0.18527861867922413,(318.8178030328129+872.4664496007906j)
3306,0.1853346787756475,(-456.798677519895+44.17099706399824j)
3307,0.18539073887207086,(-153.49522606331587-242.17564788355213j)
3308,0.18544679896849423,(246.16728215619793-204.93189556937443j)
3309,0.1855028590649176,(285.5482489354556-91.21049475615548j)
3310,0.18555891916134096,(450.5432245129258+154.61536744826213j)
3311,0.18561497925776432,(332.54441786790585+23.04585771322283j)
3312,0.1856710393541877,(353.2145388754429+325.0607875580753j)
3313,0.18572709945061106,(114.80365298840492+350.80746920281564j)
3314,0.18578315954703442,(261.2049580149902+161.97289739518095j)
3315,0.1858392196434578,(268.23703446169105+975.3496172145626j)
3316,0.18589527973988115,(-701.0510090118023+431.3723469108792j)
3317,0.18595133983630452,(-512.184621852739-146.03481419149495j)
3318,0.18600739993272788,(277.5023735597281-165.16798072836175j)
3319,0.18606346002915125,(129.46456264692262-410.801463794325j)
3320,0.18611952012557462,(381.009637409791-69.38759242624728j)
3321,0.18617558022199798,(-326.31897973644936+78.81017571502406j)
3322,0.18623164031842135,(435.9211672420438+228.4173628861604j)
3323,0.18628770041484471,(1106.197322795053+615.7244139545678j)
3324,0.18634376051126808,(-331.54663708848034+527.7082633683159j)
3325,0.18639982060769145,(533.5029911473092+979.0077093382881j)
3326,0.1864558807041148,(-515.1456812777849+462.27896817857106j)
3327,0.18651194080053818,(-397.91557210986326+85.45935570514415j)
3328,0.18656800089696154,(-109.83321789848483-227.3559344382769j)
3329,0.1866240609933849,(212.33603497007834+332.9222887823148j)
3330,0.18668012108980828,(483.737359898339-644.580807066172j)
3331,0.18673618118623164,(448.19299674160345+497.15287941280764j)
3332,0.186792241282655,(-1083.353207715667+221.16456648640906j)
3333,0.18684830137907837,(-156.9644098813715-596.7579648981878j)
3334,0.18690436147550174,(132.35437734604375-168.0944038869273j)
3335,0.1869604215719251,(75.26263088809587-184.24822690568715j)
3336,0.18701648166834847,(161.18779965518405-1124.3401045880032j)
3337,0.18707254176477184,(576.2614062790449-213.81264190593942j)
3338,0.1871286018611952,(928.7778233583412+91.6138389360517j)
3339,0.18718466195761857,(423.27533330510164+302.1873330683492j)
3340,0.18724072205404194,(-667.4155336661336+598.1295944535437j)
3341,0.1872967821504653,(24.189009756775306-320.23555556389124j)
3342,0.18735284224688867,(-698.927029148795+627.1534950779347j)
3343,0.18740890234331203,(535.1689986122251+125.24559762680617j)
3344,0.1874649624397354,(929.3351747240406-201.5358349838878j)
3345,0.18752102253615877,(-168.11194100561247-186.5474103644631j)
3346,0.18757708263258213,(-363.596101836233+124.72547003258407j)
3347,0.1876331427290055,(-682.304077431974-268.50865664502464j)
3348,0.18768920282542886,(-206.27097030723235-462.01097959225103j)
3349,0.18774526292185223,(175.1071649072134-232.59649567191025j)
3350,0.1878013230182756,(125.43118551483408+816.9791450420238j)
3351,0.18785738311469896,(754.3049105372088-991.2456558464186j)
3352,0.18791344321112233,(381.3929644276809+521.8830642044671j)
3353,0.1879695033075457,(656.5354384165771+898.6429357397196j)
3354,0.18802556340396906,(-185.4123759913258-236.24789853958836j)
3355,0.18808162350039243,(-286.6985020598342-15.569200675042188j)
3356,0.1881376835968158,(328.95601866754544-683.508998582953j)
3357,0.18819374369323916,(-174.50914944501778+1149.6463759284381j)
3358,0.18824980378966252,(338.9184569330232-341.16818796402606j)
3359,0.1883058638860859,(-370.5929600018055-170.53871847832855j)
3360,0.18836192398250926,(652.2551139259638-34.59736604831056j)
3361,0.18841798407893262,(714.0791652779646-569.3978927736462j)
3362,0.188474044175356,(-353.3708318612951+51.39050798836743j)
3363,0.18853010427177935,(374.696544268676+344.77335799203405j)
3364,0.18858616436820272,(948.1641040381687-108.32200779494661j)
3365,0.18864222446462608,(270.51015874252033-264.0183805680648j)
3366,0.18869828456104945,(581.1511856282793-210.8770036327926j)
3367,0.18875434465747282,(-512.8696818811528+803.8129358061786j)
3368,0.18881040475389618,(995.8886843134399-891.2680524315654j)
3369,0.18886646485031955,(548.9746013663748-498.628497370149j)
3370,0.18892252494674291,(-172.85512706609614-621.3277898513966j)
3371,0.18897858504316628,(-745.1845342872119+432.106444119463j)
3372,0.18903464513958965,(54.189321953086846+293.49449724698263j)
3373,0.189090705236013,(-351.8442606828934+457.93241012734075j)
3374,0.18914676533243638,(-84.70030977593768+35.99057628719072j)
3375,0.18920282542885974,(-37.02626715269993+679.0648994186172j)
3376,0.1892588855252831,(-851.521987252949+1489.1235224340794j)
3377,0.18931494562170648,(-135.063549085701+116.00441036738361j)
3378,0.18937100571812984,(197.1706225202058+240.12900349041695j)
3379,0.1894270658145532,(1142.7324824674445+210.81541301934146j)
3380,0.18948312591097657,(807.6172897300978-442.91607151710485j)
3381,0.18953918600739994,(-575.460355950178-706.102472439864j)
3382,0.1895952461038233,(-113.18170466225848-1114.2446688964562j)
3383,0.18965130620024667,(589.2857380709296-585.8963652245759j)
3384,0.18970736629667004,(73.73308939083022+186.93418501258597j)
3385,0.1897634263930934,(211.8056276470224+19.347293855770346j)
3386,0.18981948648951677,(765.1211368106094-259.8281446970245j)
3387,0.18987554658594014,(129.16881602790824+199.87862456838778j)
3388,0.1899316066823635,(-506.0878664610568-233.40362630479837j)
3389,0.18998766677878687,(302.655800364407+707.0531088740134j)
3390,0.19004372687521023,(-77.69822336473871-113.22577329700705j)
3391,0.1900997869716336,(-280.0292083550279-37.7407253438348j)
3392,0.19015584706805697,(-396.6309950199351-116.10943522490182j)
3393,0.19021190716448033,(243.8989302360273-200.01167284581925j)
3394,0.1902679672609037,(-47.55972715753617-476.6647616466642j)
3395,0.19032402735732706,(-341.45737748199264+266.7207067314927j)
3396,0.19038008745375043,(108.21335789776276-520.9728484863555j)
3397,0.1904361475501738,(808.9650894706749-210.81362579641777j)
3398,0.19049220764659716,(597.2924311131187-127.53556696197609j)
3399,0.19054826774302053,(-147.57666981050423+189.23914304792913j)
3400,0.1906043278394439,(579.1578697698206-358.4199126622973j)
3401,0.19066038793586726,(306.0016716479675-489.3829061243066j)
3402,0.19071644803229063,(-347.6166796148339+457.56422288837996j)
3403,0.190772508128714,(25.94233964873814+94.40754085354453j)
3404,0.19082856822513736,(-203.63961696712283+270.4375820844971j)
3405,0.19088462832156072,(578.8427978153442-361.7649567765559j)
3406,0.1909406884179841,(-543.7085413804812+2.6792781047019787j)
3407,0.19099674851440746,(-722.9741989385999-526.7730788705866j)
3408,0.19105280861083082,(-171.21120660056886-343.9685641072407j)
3409,0.1911088687072542,(436.3209905535987+119.19620532976346j)
3410,0.19116492880367755,(629.7185160688581+263.8666841461176j)
3411,0.19122098890010092,(-437.7037203624254+524.6947255605384j)
3412,0.19127704899652428,(525.0831582434032+269.5651825292582j)
3413,0.19133310909294765,(50.742439427873876+427.4998317304314j)
3414,0.19138916918937102,(-222.45657417189437-331.0169586184528j)
3415,0.19144522928579438,(65.99835950213748+499.84872990579663j)
3416,0.19150128938221775,(-1293.3146491062016-248.09889459838922j)
3417,0.19155734947864111,(884.6840186056827+113.7184859052172j)
3418,0.19161340957506448,(-84.81714965030588+438.9338343018827j)
3419,0.19166946967148785,(921.3361353963968-392.8730701312837j)
3420,0.1917255297679112,(-116.08938116509165+961.4464461747932j)
3421,0.19178158986433458,(27.357325137800323+8.323233611920566j)
3422,0.19183764996075794,(24.426880066810767+590.248852195583j)
3423,0.1918937100571813,(360.7544468459038-489.741485863113j)
3424,0.19194977015360468,(197.47239914036942+31.688094370214543j)
3425,0.19200583025002804,(-873.3714527074376+328.89824678644436j)
3426,0.1920618903464514,(390.3637351975365-172.0330244147515j)
3427,0.19211795044287477,(-603.6415748777351+437.00209752311565j)
3428,0.19217401053929814,(346.69698591423435+383.62012630967996j)
3429,0.1922300706357215,(1154.8415733308382+860.2643105319703j)
3430,0.19228613073214487,(89.83260762130737+780.6886276764308j)
3431,0.19234219082856824,(33.2910462438371-73.68259741045213j)
3432,0.1923982509249916,(499.74948424877493+414.2751979742313j)
3433,0.19245431102141497,(32.178436762046545+1136.106854836082j)
3434,0.19251037111783834,(93.09010785608862+574.3388123905596j)
3435,0.1925664312142617,(20.3538223235474-136.44235375193824j)
3436,0.19262249131068507,(222.43928569250266-647.6218182955455j)
3437,0.19267855140710843,(-524.316252463881-504.8344018028204j)
3438,0.1927346115035318,(33.92131886901338+11.60824520890869j)
3439,0.19279067159995517,(-642.5948457523863-682.0329858009076j)
3440,0.19284673169637853,(48.9988383551059+694.6954175974663j)
3441,0.1929027917928019,(-1016.5686814114604-64.32952878477164j)
3442,0.19295885188922526,(479.61137947040527-819.6383540626186j)
3443,0.19301491198564863,(118.01340015616991+2.078226775104966j)
3444,0.193070972082072,(-188.726013010656-678.9048878403939j)
3445,0.19312703217849536,(18.523223418491426+240.62981777770344j)
3446,0.19318309227491873,(-334.54775492790264+39.55766155093323j)
3447,0.1932391523713421,(428.9637052982319-205.45463319599915j)
3448,0.19329521246776546,(663.0656591206773-104.03627292191175j)
3449,0.19335127256418883,(985.0349574441274+229.9866994982628j)
3450,0.1934073326606122,(-692.6150359069799-247.14795252216592j)
3451,0.19346339275703556,(-180.6210755063306-1081.6010213066002j)
3452,0.19351945285345892,(187.78035798126763-224.57979795626267j)
3453,0.1935755129498823,(-666.6061556633665-180.16791081425302j)
3454,0.19363157304630566,(651.1522913184981-159.502675704824j)
3455,0.19368763314272902,(-1015.6252149252259-535.384507539435j)
3456,0.19374369323915236,(152.0342482641149-797.408479967592j)
3457,0.19379975333557573,(-563.0470260113616-173.1159197096947j)
3458,0.1938558134319991,(627.4430000712855-124.0794920771691j)
3459,0.19391187352842246,(-495.38799338035926-229.29407992471337j)
3460,0.19396793362484582,(88.90572974263767-53.98532497380057j)
3461,0.1940239937212692,(266.0877111365745-308.51881468974733j)
3462,0.19408005381769255,(-152.7856589714642+320.24954511598025j)
3463,0.19413611391411592,(986.5306707194796-356.40492721763405j)
3464,0.1941921740105393,(-174.3408412103411+403.52441772804275j)
3465,0.19424823410696265,(-228.99858676084756-20.91668511925048j)
3466,0.19430429420338602,(-594.5607080967972-531.7770003688523j)
3467,0.19436035429980938,(-305.2329622395882+259.24055288803527j)
3468,0.19441641439623275,(678.5058503864778-563.2622353956215j)
3469,0.19447247449265612,(-294.6746147115927-123.51841632280552j)
3470,0.19452853458907948,(-231.51405366068448+1267.49558274319j)
3471,0.19458459468550285,(79.4196919571462+739.9769237717634j)
3472,0.19464065478192621,(-444.4217458303285+397.33589651538864j)
3473,0.19469671487834958,(249.51804411324116-59.060130221907755j)
3474,0.19475277497477295,(18.474484172125507+262.4264870862039j)
3475,0.1948088350711963,(249.13217516745271-380.85252853404336j)
3476,0.19486489516761968,(501.9946275494195-912.2491896440021j)
3477,0.19492095526404304,(374.17483991524523+20.622840896528828j)
3478,0.1949770153604664,(-385.118825038361+843.9911935710261j)
3479,0.19503307545688978,(-779.8060973424364+661.5220202300707j)
3480,0.19508913555331314,(-94.8802186960954-320.57798939604254j)
3481,0.1951451956497365,(-435.065425070994-173.679414241701j)
3482,0.19520125574615987,(-498.6209802275385+102.61954152601686j)
3483,0.19525731584258324,(284.2963458703126+35.484567222298j)
3484,0.1953133759390066,(-390.06267251446957+252.88738101303005j)
3485,0.19536943603542997,(731.1330005377365+307.5632937839108j)
3486,0.19542549613185334,(228.68822012886065+307.18028819240783j)
3487,0.1954815562282767,(80.08359655009588-852.6864755444739j)
3488,0.19553761632470007,(-65.8356075921545+213.10280359244888j)
3489,0.19559367642112344,(330.469502515444+696.9485880295633j)
3490,0.1956497365175468,(-377.97790171099484-824.015696106684j)
3491,0.19570579661397017,(731.0445286932622+602.7725816455824j)
3492,0.19576185671039353,(-199.83815330279373-377.5238115797519j)
3493,0.1958179168068169,(661.9806329035765-442.55929347179284j)
3494,0.19587397690324027,(-76.16726882757142+154.11839162470685j)
3495,0.19593003699966363,(-296.4852759968262-462.751449112938j)
3496,0.195986097096087,(652.821599939874+553.2582634990468j)
3497,0.19604215719251036,(287.58306786806224-75.47846516845928j)
3498,0.19609821728893373,(125.75491616716648+660.4684937954361j)
3499,0.1961542773853571,(-163.44598835808483+115.84850170263584j)
3500,0.19621033748178046,(506.94897520081815-707.7239390098609j)
3501,0.19626639757820383,(1033.0130983365675-54.81842197492523j)
3502,0.1963224576746272,(-508.2331003863789-11.846241371936479j)
3503,0.19637851777105056,(-161.02517467185584+200.7768664744848j)
3504,0.19643457786747393,(-246.18670606232462-542.9120270371302j)
3505,0.1964906379638973,(-481.2876346035307-355.9362773686512j)
3506,0.19654669806032066,(-300.28072250994023-780.555891683251j)
3507,0.19660275815674402,(-65.64394720038555+770.4090203107759j)
3508,0.1966588182531674,(970.7725455937215-479.3138154446419j)
3509,0.19671487834959075,(1393.8213129951769+49.77146797789044j)
3510,0.19677093844601412,(27.70519926828041-603.8812695919139j)
3511,0.1968269985424375,(366.2475509929678-694.3449589593347j)
3512,0.19688305863886085,(347.9377509744497-705.9590069745443j)
3513,0.19693911873528422,(-537.4525090549804+647.0836159032477j)
3514,0.19699517883170758,(-29.005314675947943+543.922806404072j)
3515,0.19705123892813095,(-73.08474698200637-213.3540347929526j)
3516,0.19710729902455432,(250.5523980284775+295.24903506708137j)
3517,0.19716335912097768,(414.5741048675154-2.7415613053865115j)
3518,0.19721941921740105,(1592.2639421456377+82.55222539621877j)
3519,0.19727547931382441,(-317.6856511887147-66.5665903028382j)
3520,0.19733153941024778,(61.96432047498277+601.7909184309515j)
3521,0.19738759950667115,(386.2209873827978+29.719757544310667j)
3522,0.1974436596030945,(-27.164843784418082-462.6283671286474j)
3523,0.19749971969951788,(-362.37237061335543-290.1523330764062j)
3524,0.19755577979594124,(10.465684594140484+264.7119010327359j)
3525,0.1976118398923646,(342.6382858176082+115.31918462053541j)
3526,0.19766789998878798,(60.826519954960546-310.6500786280462j)
3527,0.19772396008521134,(150.75729564404483+540.7090510165723j)
3528,0.1977800201816347,(-503.87417850804593-218.75630886351567j)
3529,0.19783608027805807,(236.14246393031988-425.5860379470297j)
3530,0.19789214037448144,(791.5400297713959-92.26933711802184j)
3531,0.1979482004709048,(362.08754831406264-157.07479374693423j)
3532,0.19800426056732817,(1048.1527505450788-971.4494262013229j)
3533,0.19806032066375154,(-452.2903184569367-282.5875811388815j)
3534,0.1981163807601749,(163.33605278999812-326.9512699919537j)
3535,0.19817244085659827,(-250.58196907177927-239.42575922564248j)
3536,0.19822850095302164,(-352.34554745590725-215.46107484447055j)
3537,0.198284561049445,(-340.5503465603934-19.716938531245574j)
3538,0.19834062114586837,(-438.8515361050722+89.6704589163169j)
3539,0.19839668124229173,(-258.45342829265815+127.26146488912482j)
3540,0.1984527413387151,(-727.3693208940047-238.10648658156245j)
3541,0.19850880143513847,(320.88266823659137+201.36779796244303j)
3542,0.19856486153156183,(16.36304255116302+120.17486876839996j)
3543,0.1986209216279852,(-97.85804947688342+713.9842545433878j)
3544,0.19867698172440856,(-300.4474375056752+161.1180226481936j)
3545,0.19873304182083193,(459.9287865148247+338.48281328966897j)
3546,0.1987891019172553,(591.139796325061+114.60875464945984j)
3547,0.19884516201367866,(-328.086522647688-265.7981447028489j)
3548,0.19890122211010203,(97.3822422360561+193.1527293235598j)
3549,0.1989572822065254,(332.1865043534703+460.5901869658937j)
3550,0.19901334230294876,(596.3729440548194+61.28040616866027j)
3551,0.19906940239937213,(-12.31845008795078-307.6763932064224j)
3552,0.1991254624957955,(130.78688169286784+46.330276568611474j)
3553,0.19918152259221886,(-30.293798402238707+16.108601201148286j)
3554,0.19923758268864222,(-87.11339794577697-37.5709260560021j)
3555,0.1992936427850656,(-467.5924684921092-501.2600741995777j)
3556,0.19934970288148895,(71.81185851228874-237.99013207489753j)
3557,0.19940576297791232,(70.26173328233858+759.2582014236064j)
3558,0.1994618230743357,(1228.2329320845697+559.116971253937j)
3559,0.19951788317075905,(46.31732401579046+203.12187203645414j)
3560,0.19957394326718242,(416.74188380440535-142.7223705746952j)
3561,0.19963000336360578,(692.1478408247282-84.71657801650483j)
3562,0.19968606346002915,(-663.9487551816627+597.6891948634672j)
3563,0.19974212355645252,(-245.51279285688943-279.06754822565176j)
3564,0.19979818365287588,(-314.74844424557114-596.3079171001167j)
3565,0.19985424374929925,(-29.15579741769691+761.443927773246j)
3566,0.19991030384572261,(200.08926756428903-142.85822536367564j)
3567,0.19996636394214598,(613.7891746673344+447.327219916583j)
3568,0.20002242403856935,(-233.1868520929387-58.13863249706702j)
3569,0.2000784841349927,(-721.1671792016875-346.87297758044895j)
3570,0.20013454423141608,(-230.21821027975938+272.04083310852167j)
3571,0.20019060432783944,(227.46777073688475-82.70901885870926j)
3572,0.2002466644242628,(597.5229636541945-215.55590702585613j)
3573,0.20030272452068618,(-412.8330516069927+928.9205891118942j)
3574,0.20035878461710954,(-18.381871655849437-484.29796203308325j)
3575,0.2004148447135329,(-430.82150645803307-63.71257858376562j)
3576,0.20047090480995627,(-213.88669808422708-229.32434244870305j)
3577,0.20052696490637964,(-459.8681587368327+194.066822369314j)
3578,0.200583025002803,(238.62816431089303+149.62073956949922j)
3579,0.20063908509922637,(614.1937076970427+425.04394978878366j)
3580,0.20069514519564974,(99.05114253613428+183.46900568908086j)
3581,0.2007512052920731,(1020.6319417048408+585.5341463303328j)
3582,0.20080726538849647,(245.21453923709913-29.41933085888563j)
3583,0.20086332548491984,(132.56580922860502+338.50290408765306j)
3584,0.2009193855813432,(324.23878987206945-293.81295672300166j)
3585,0.20097544567776657,(513.1422614645431-549.8982473922831j)
3586,0.20103150577418993,(-459.5386383773062-363.81892910545116j)
3587,0.2010875658706133,(-19.255907215567234-230.7790962408866j)
3588,0.20114362596703667,(285.5419085366816+94.93838285541044j)
3589,0.20119968606346003,(735.445223222469-411.9874448449396j)
3590,0.2012557461598834,(448.77365030867026+595.8180220985457j)
3591,0.20131180625630676,(161.69395442972865-372.10060422549617j)
3592,0.20136786635273013,(-258.3991066410797+535.3099285701134j)
3593,0.2014239264491535,(-121.85035294655842+754.5391707040822j)
3594,0.20147998654557686,(196.58465332043093+551.2785218000034j)
3595,0.20153604664200023,(-214.2715891617868-237.8051150637665j)
3596,0.2015921067384236,(593.0124741213409-168.58902671688315j)
3597,0.20164816683484696,(103.68960692463624-197.15653641590288j)
3598,0.20170422693127033,(-523.3688531119993+627.5593347273312j)
3599,0.2017602870276937,(-286.76574547263886-332.9282158367276j)
3600,0.20181634712411706,(558.4788105838172-81.49219259059836j)
3601,0.20187240722054042,(153.84828542250588-564.2189591864083j)
3602,0.2019284673169638,(522.5773529846113-821.2533927903561j)
3603,0.20198452741338715,(676.0821266563494-386.1469625149806j)
3604,0.20204058750981052,(-585.1829964051724-619.7982862228152j)
3605,0.2020966476062339,(-97.8530984301649+163.20217948546116j)
3606,0.20215270770265725,(-34.27966345456208-597.056464017113j)
3607,0.20220876779908062,(504.5994820841066+493.2276123151297j)
3608,0.20226482789550398,(-357.5260113341728-206.72877909696868j)
3609,0.20232088799192735,(578.2544817479552-495.7802523857958j)
3610,0.20237694808835072,(-81.93825450249561+460.8959780235592j)
3611,0.20243300818477408,(-517.0086989334986+283.1227711441468j)
3612,0.20248906828119745,(-25.48967656338081-740.5876869999977j)
3613,0.20254512837762081,(331.2096735138151+3.6216201481889243j)
3614,0.20260118847404418,(-478.9784697000268+243.18205433230452j)
3615,0.20265724857046755,(238.63382161877982-492.60907777049704j)
3616,0.2027133086668909,(-155.40267740840713+791.0547565964039j)
3617,0.20276936876331428,(370.80814506226426-101.01021905457365j)
3618,0.20282542885973764,(548.7444245680936-45.41500666430795j)
3619,0.202881488956161,(-67.21113082292823-570.5855821955824j)
3620,0.20293754905258438,(-113.08463020076294+435.0509644967764j)
3621,0.20299360914900774,(114.22122576324163+234.62942319322178j)
3622,0.2030496692454311,(341.6830247579725+319.6375930658883j)
3623,0.20310572934185447,(-50.6535915570592+103.53433658005747j)
3624,0.20316178943827784,(189.52667309283015-58.20237980499648j)
3625,0.2032178495347012,(139.00155831721233+8.586507794438653j)
3626,0.20327390963112457,(-696.1326068011041-749.6749024514407j)
3627,0.20332996972754794,(-149.15242359756616-255.80280535868238j)
3628,0.2033860298239713,(-10.431659364550548-152.59309555018527j)
3629,0.20344208992039467,(932.6196982547123+541.9657978362636j)
3630,0.20349815001681804,(-246.3661931881091+314.39237036012037j)
3631,0.2035542101132414,(327.9006773050174-264.16058220956995j)
3632,0.20361027020966477,(138.02717518196022+273.45983054633876j)
3633,0.20366633030608813,(-163.69966269975458+692.951399731898j)
3634,0.2037223904025115,(578.7548222428773-224.56147759160675j)
3635,0.20377845049893487,(-649.6320552123149-539.535810105725j)
3636,0.20383451059535823,(289.14554846727674-352.7155669904098j)
3637,0.2038905706917816,(133.79817525369918-374.8095688161315j)
3638,0.20394663078820496,(-330.80615559484875+384.9220966678999j)
3639,0.20400269088462833,(37.65089725824842+91.90786050912902j)
3640,0.2040587509810517,(112.21603127052126-611.8094450690395j)
3641,0.20411481107747506,(677.2310488637834+193.4054535404926j)
3642,0.20417087117389843,(213.20279952945475+181.35943406522216j)
3643,0.2042269312703218,(-82.31232121984252+856.0284514681147j)
3644,0.20428299136674516,(237.83958221623007-829.33671546268j)
3645,0.20433905146316853,(-221.64310177067696+232.7072174134799j)
3646,0.2043951115595919,(722.3604939369334+72.7742266758168j)
3647,0.20445117165601526,(31.640034950689085-289.2246565075558j)
3648,0.20450723175243862,(-349.4932543161459-237.96567435601418j)
3649,0.204563291848862,(360.8889455518317+204.89378375669833j)
3650,0.20461935194528535,(178.10044333343018+388.2728954226942j)
3651,0.20467541204170872,(430.0143788514466-233.87354019801012j)
3652,0.2047314721381321,(623.7186165616223-401.1410165525319j)
3653,0.20478753223455545,(167.84237872248033-626.1809579024788j)
3654,0.20484359233097882,(-201.5830900225813-671.3674256634833j)
3655,0.20489965242740218,(522.5287708955995-412.42501635418245j)
3656,0.20495571252382555,(-493.5947296387127+685.9090486755281j)
3657,0.20501177262024892,(-587.6349479102391-744.043328253117j)
3658,0.20506783271667228,(450.56937004833867+430.44470593949666j)
3659,0.20512389281309565,(26.76265412793181+405.8655908571268j)
3660,0.20517995290951901,(193.67027064513374-326.47501899785027j)
3661,0.20523601300594238,(-191.11565950120567-446.0785747605728j)
3662,0.20529207310236575,(671.2724118628514-457.2584416651059j)
3663,0.2053481331987891,(-43.3341297564418-222.45857680531395j)
3664,0.20540419329521248,(476.40768913882664+100.18810030787631j)
3665,0.20546025339163584,(96.73515017418495-162.2760735911161j)
3666,0.2055163134880592,(-151.31445282524413+300.54098989069723j)
3667,0.20557237358448258,(-133.67411160483385+61.44044905099932j)
3668,0.20562843368090594,(262.98105208048537-62.764960379168514j)
3669,0.2056844937773293,(552.5940847833963+366.7606408309488j)
3670,0.20574055387375267,(-28.015845550097595+452.49968697532546j)
3671,0.20579661397017604,(54.07411875790235+215.1424331895427j)
3672,0.2058526740665994,(-641.4292064876187+132.8466846797664j)
3673,0.20590873416302277,(5.337465445753708+527.930605196791j)
3674,0.20596479425944614,(-484.8156855918498-577.6273925270871j)
3675,0.2060208543558695,(284.28442367220515-55.50553027354219j)
3676,0.20607691445229287,(849.2699049520587-331.1186522668557j)
3677,0.20613297454871624,(94.20011891561819+14.793444295500121j)
3678,0.2061890346451396,(-113.06274242577916+404.8359883432256j)
3679,0.20624509474156297,(-180.05419512199768+642.0947635412925j)
3680,0.20630115483798633,(127.45312964186218+757.3545382855144j)
3681,0.2063572149344097,(427.90313954358334+558.4959226867022j)
3682,0.20641327503083307,(-503.63509537817527+102.73840582387339j)
3683,0.20646933512725643,(151.20298137077077-205.28706936297198j)
3684,0.2065253952236798,(114.95129714089708-289.4381671883425j)
3685,0.20658145532010316,(-280.4216089722971-446.58764863366366j)
3686,0.20663751541652653,(558.1569827403728+670.3700815932397j)
3687,0.2066935755129499,(-297.2856296150038+44.03751546275463j)
3688,0.20674963560937326,(-77.50816394604958+508.56807181300087j)
3689,0.20680569570579663,(-17.333726797700336-621.0416856735283j)
3690,0.20686175580222,(428.38047523059765+417.7642061756063j)
3691,0.20691781589864336,(622.3222250551113+103.25436979848052j)
3692,0.20697387599506673,(-520.8131046874555+585.6801369365558j)
3693,0.2070299360914901,(-110.96255270486985-22.1264703139021j)
3694,0.20708599618791346,(11.445151904997829+66.27352200142236j)
3695,0.20714205628433682,(19.00142772740492-32.466369771014556j)
3696,0.2071981163807602,(514.8535273347343+448.7611912068217j)
3697,0.20725417647718355,(363.0147278482097-20.664037577341873j)
3698,0.20731023657360692,(34.01732956095421+367.5263399201309j)
3699,0.2073662966700303,(293.5770259451801-235.68992960709045j)
3700,0.20742235676645365,(54.06588043160404-523.1497569048832j)
3701,0.20747841686287702,(767.7362241293563+53.3296209685511j)
3702,0.20753447695930038,(739.6138656236194-629.6289471068574j)
3703,0.20759053705572375,(313.63253061623936-667.5678805336554j)
3704,0.20764659715214712,(405.38768928019374+448.3907786602802j)
3705,0.20770265724857048,(-53.10748393052607+102.35372588610109j)
3706,0.20775871734499385,(1.754107016023191+206.63579996513187j)
3707,0.20781477744141721,(252.32816290919868-314.95445891864176j)
3708,0.20787083753784058,(-341.62526245870333-261.29502396241463j)
3709,0.20792689763426395,(112.44794973007613-282.0236769820607j)
3710,0.2079829577306873,(-220.8086125186495-735.0993962439279j)
3711,0.20803901782711068,(680.4138190711186-319.22208947905204j)
3712,0.20809507792353404,(50.96849627769146-158.49604111866458j)
3713,0.20815113801995738,(-747.9023861235179-458.7348153595509j)
3714,0.20820719811638075,(-25.63807666293566-153.61624506339547j)
3715,0.20826325821280411,(-1140.8090781313927+534.3593797549489j)
3716,0.20831931830922748,(-696.5474208704825-451.89803561426305j)
3717,0.20837537840565085,(493.3977112909318+380.68558681657925j)
3718,0.2084314385020742,(218.32633335836337-152.94781972699232j)
3719,0.20848749859849758,(-728.9646036440632-321.35409089270627j)
3720,0.20854355869492094,(997.6035448304128-256.75038020227015j)
3721,0.2085996187913443,(462.97187865954294-330.171579615206j)
3722,0.20865567888776768,(-622.7462085523562+171.01651900576402j)
3723,0.20871173898419104,(513.2950917504637-1252.9705236788332j)
3724,0.2087677990806144,(-42.98627089507599-28.91143175317846j)
3725,0.20882385917703777,(745.4025025605179-229.6503108442061j)
3726,0.20887991927346114,(831.5044111529002-884.1392914411102j)
3727,0.2089359793698845,(106.30515199394694+496.7189759415504j)
3728,0.20899203946630787,(-438.96001924925895+591.4020414507046j)
3729,0.20904809956273124,(434.95786388749724-168.87452340197405j)
3730,0.2091041596591546,(155.9264179906743+201.0918656774184j)
3731,0.20916021975557797,(-235.61586592445497-921.1350760760301j)
3732,0.20921627985200134,(338.5355721383369+638.1711261791795j)
3733,0.2092723399484247,(-363.08473820847377-162.38369557798904j)
3734,0.20932840004484807,(210.8633908984129-161.7281391879915j)
3735,0.20938446014127143,(-744.5215842993972-60.62282162748252j)
3736,0.2094405202376948,(-130.56032188981015+420.43258728111584j)
3737,0.20949658033411817,(378.9801618106377+847.5826850307262j)
3738,0.20955264043054153,(-334.7070173189038-12.69090505355851j)
3739,0.2096087005269649,(242.52594123920244+16.53517348840819j)
3740,0.20966476062338826,(-745.3578628405311+116.13425846574793j)
3741,0.20972082071981163,(361.8927783797545-418.6717452271699j)
3742,0.209776880816235,(-331.5314597812612+19.2566545579009j)
3743,0.20983294091265836,(-233.46862409557485+429.58672003721904j)
3744,0.20988900100908173,(534.9633664387388-52.13569967788547j)
3745,0.2099450611055051,(-1133.721026053785-66.79506267398403j)
3746,0.21000112120192846,(-268.8240216632867+87.13012173745672j)
3747,0.21005718129835182,(-118.98860209383417-176.332522831244j)
3748,0.2101132413947752,(350.2243823350054-246.79913625621373j)
3749,0.21016930149119856,(648.3590253703006-156.83549186727953j)
3750,0.21022536158762192,(360.86761878808403+816.636831868907j)
3751,0.2102814216840453,(275.8796633736223+584.4163643330908j)
3752,0.21033748178046865,(-320.49642719404324+769.3876897854338j)
3753,0.21039354187689202,(-3.386627826867951+185.71927094765735j)
3754,0.2104496019733154,(-43.344049993879054+251.55372253059264j)
3755,0.21050566206973875,(347.40579666532136+155.0095542813709j)
3756,0.21056172216616212,(367.60814283934405+587.3920975144142j)
3757,0.21061778226258548,(122.30834586039914-219.25760745237537j)
3758,0.21067384235900885,(312.7325585107094+1112.1594418976667j)
3759,0.21072990245543222,(-181.63115676517936-310.3738807190277j)
3760,0.21078596255185558,(920.6943245958196+353.94795010081293j)
3761,0.21084202264827895,(493.75860436394635-103.32569194379127j)
3762,0.21089808274470231,(722.826174654274-488.0066226732221j)
3763,0.21095414284112568,(-63.633768434760725-634.9683318416699j)
3764,0.21101020293754905,(-664.4545310931876+86.44268451392327j)
3765,0.2110662630339724,(88.02686569314301-422.3719712830381j)
3766,0.21112232313039578,(-86.38415457166468+407.23684179783714j)
3767,0.21117838322681914,(375.5412204452178+358.092768860356j)
3768,0.2112344433232425,(219.8958662341887-754.073317343978j)
3769,0.21129050341966588,(475.3696950789003+357.9995292507168j)
3770,0.21134656351608924,(174.8619224220164+40.373086876464285j)
3771,0.2114026236125126,(4.378619322334647+12.797353515805897j)
3772,0.21145868370893597,(1094.6431067537333-275.22679451678164j)
3773,0.21151474380535934,(48.593021545605424-36.62935597695674j)
3774,0.2115708039017827,(264.44136776365815-118.12170924932397j)
3775,0.21162686399820607,(502.00191308688335+222.02434646626898j)
3776,0.21168292409462944,(-365.3186450528361+27.126557205671418j)
3777,0.2117389841910528,(608.2890403087871-189.75953697805045j)
3778,0.21179504428747617,(136.83195858496623+385.29819522211153j)
3779,0.21185110438389954,(552.1514859101569+656.0421104393865j)
3780,0.2119071644803229,(212.1966682114928-207.81288527653993j)
3781,0.21196322457674627,(54.485511632774724+228.30176002948758j)
3782,0.21201928467316963,(566.2591040450144-115.38597222010114j)
3783,0.212075344769593,(545.2272068486792-300.49764566738196j)
3784,0.21213140486601637,(124.68675124047354-175.52771433786006j)
3785,0.21218746496243973,(483.3623379541946-303.1891216734202j)
3786,0.2122435250588631,(-141.11866531237013+1627.922319729534j)
3787,0.21229958515528646,(159.9654927980853+607.6441631766513j)
3788,0.21235564525170983,(-228.20159815724338-428.4103222024047j)
3789,0.2124117053481332,(27.08498405948349-145.22440425570943j)
3790,0.21246776544455656,(-127.80975024595472+466.38906355475217j)
3791,0.21252382554097993,(258.55333478225464-975.1977763619632j)
3792,0.2125798856374033,(206.21070488952213-75.72745341111462j)
3793,0.21263594573382666,(-321.96109774965885+77.76194540609207j)
3794,0.21269200583025002,(-434.98370660580235-190.34996545754365j)
3795,0.2127480659266734,(-18.71442465992152-758.8205755863148j)
3796,0.21280412602309676,(87.4943174161555-164.86331304840093j)
3797,0.21286018611952012,(-0.034534373690121356-539.0506173583501j)
3798,0.2129162462159435,(786.2957496838052+170.18398294164422j)
3799,0.21297230631236685,(-588.9644344768512-516.8540480896543j)
3800,0.21302836640879022,(74.97466502307128+18.008035319261833j)
3801,0.2130844265052136,(-814.5610888038499+528.1374049317707j)
3802,0.21314048660163695,(137.29825123728136-120.0375575146619j)
3803,0.21319654669806032,(293.1549331762452+101.30652806688717j)
3804,0.21325260679448368,(352.0561521584939-477.144708439299j)
3805,0.21330866689090705,(-463.7935304135727+53.138513278667006j)
3806,0.21336472698733042,(155.0952128272253+10.78370265939013j)
3807,0.21342078708375378,(-788.3396281426686+128.70945225738436j)
3808,0.21347684718017715,(25.440486645841602-506.85036483101334j)
3809,0.21353290727660051,(-14.635293421209504+50.32177877816255j)
3810,0.21358896737302388,(683.0642041166063+783.5807975252283j)
3811,0.21364502746944725,(-107.14139760161302+117.92828609743191j)
3812,0.2137010875658706,(-355.5260571123534+281.6470299839423j)
3813,0.21375714766229398,(27.091975378892656-460.4669877045977j)
3814,0.21381320775871734,(228.60287724195587+241.51052097680105j)
3815,0.2138692678551407,(-298.5656725538183-828.13540695157j)
3816,0.21392532795156408,(-856.2298188336879+275.0631697110359j)
3817,0.21398138804798744,(391.48470542978964+149.82978849560857j)
3818,0.2140374481444108,(-171.5054345977806+360.1747332784955j)
3819,0.21409350824083417,(-607.884186703793+302.99454828015143j)
3820,0.21414956833725754,(-406.16940233467284+209.95763575021783j)
3821,0.2142056284336809,(-11.765818541308825+110.54472338357739j)
3822,0.21426168853010427,(384.4395031617438-504.53627996000955j)
3823,0.21431774862652764,(76.76003063869823-92.31067427781278j)
3824,0.214373808722951,(339.54797471315777+227.2044197694978j)
3825,0.21442986881937437,(363.23912645231957-448.1357269559096j)
3826,0.21448592891579774,(470.92480692043307-623.6428247886669j)
3827,0.2145419890122211,(517.0617416509917-6.021893621265406j)
3828,0.21459804910864447,(-11.348585802114592+1232.3043498046954j)
3829,0.21465410920506783,(-63.837272122241224+52.2509078724738j)
3830,0.2147101693014912,(472.28115337199677+392.8187948124673j)
3831,0.21476622939791457,(-50.28234839703795-137.07100131298725j)
3832,0.21482228949433793,(652.0176026175142-337.275166044977j)
3833,0.2148783495907613,(431.88202686912007+139.69323459941856j)
3834,0.21493440968718466,(178.50792009364937+151.92403082556828j)
3835,0.21499046978360803,(-494.68355569099305+500.76273836089507j)
3836,0.2150465298800314,(511.25151941205354-207.0777779866577j)
3837,0.21510258997645476,(312.21424029011706-292.24985071373055j)
3838,0.21515865007287813,(239.5238389392659+11.191410280067558j)
3839,0.2152147101693015,(-201.32275726748588+1093.7592918624257j)
3840,0.21527077026572486,(874.7761608195974+934.1851239366366j)
3841,0.21532683036214822,(7.127734764766444+678.2304211922782j)
3842,0.2153828904585716,(593.3992344137239-98.7010428803987j)
3843,0.21543895055499496,(138.80621664707334+275.4942766480769j)
3844,0.21549501065141832,(912.2411904581078-374.6948110415591j)
3845,0.2155510707478417,(-410.57080479482295+729.5281996853289j)
3846,0.21560713084426505,(628.9332102680919-173.57943965355636j)
3847,0.21566319094068842,(584.0023577217905+436.9685513519704j)
3848,0.2157192510371118,(-716.4507258492206-709.0323877575323j)
3849,0.21577531113353515,(57.504731810861216+465.38606376112136j)
3850,0.21583137122995852,(-367.3582210545984-146.67023306871798j)
3851,0.21588743132638188,(-641.7571253733956-464.41694724902123j)
3852,0.21594349142280525,(101.14716438024864-175.72299964866j)
3853,0.21599955151922862,(210.81516171186422-354.5451047611681j)
3854,0.21605561161565198,(190.42525941599908-347.35071758831566j)
3855,0.21611167171207535,(-54.27982724690165+762.9863696145824j)
3856,0.21616773180849871,(-290.3014139975773-73.50383889366185j)
3857,0.21622379190492208,(385.5257266697119+107.15886592595555j)
3858,0.21627985200134545,(241.25574265149532-76.55368666125219j)
3859,0.2163359120977688,(-525.2777401826792+661.888687896305j)
3860,0.21639197219419218,(123.9484832263386+27.195960153464853j)
3861,0.21644803229061554,(96.99116010575364-637.2095383310956j)
3862,0.2165040923870389,(-507.71489164280274+443.0585949614873j)
3863,0.21656015248346228,(164.05215218286148-291.72922218875465j)
3864,0.21661621257988564,(222.76041857974414-570.1839116410381j)
3865,0.216672272676309,(53.87660875872335+586.7252258816826j)
3866,0.21672833277273237,(541.773592405021-12.524508118493486j)
3867,0.21678439286915574,(-151.0391547701352+293.9078972237042j)
3868,0.2168404529655791,(-454.27191844743294+146.65493527533172j)
3869,0.21689651306200247,(-625.9249014440642-91.87075281060251j)
3870,0.21695257315842584,(-43.79476795615173+208.58676553529352j)
3871,0.2170086332548492,(226.6827445176558+132.35412615842284j)
3872,0.21706469335127257,(249.22063801251755+613.9390295858503j)
3873,0.21712075344769594,(135.28792225020595+1025.5499936751294j)
3874,0.2171768135441193,(112.85510473063302+204.61252322844803j)
3875,0.21723287364054267,(241.4682524317203+287.9129642826171j)
3876,0.21728893373696603,(-282.6905120449202+263.0682747265316j)
3877,0.2173449938333894,(-22.489366673766597+735.5388404887525j)
3878,0.21740105392981277,(-94.44496938072166+554.7758153667485j)
3879,0.21745711402623613,(275.6176150597293+366.0038077241231j)
3880,0.2175131741226595,(-120.0304253570812-268.14315628356997j)
3881,0.21756923421908286,(440.85264368907485+793.5869119044752j)
3882,0.21762529431550623,(-224.0784352478936+705.9324914608796j)
3883,0.2176813544119296,(-1023.9026656724325-428.21389210073113j)
3884,0.21773741450835296,(-335.2578184832254-161.16388937526943j)
3885,0.21779347460477633,(-170.27331512561122+27.98134856593613j)
3886,0.2178495347011997,(629.9146413002416+288.9600480445291j)
3887,0.21790559479762306,(258.05567531148836-138.9424603890309j)
3888,0.21796165489404642,(85.60853460880995+275.0411925921637j)
3889,0.2180177149904698,(-64.07511433446231+539.5188244545282j)
3890,0.21807377508689316,(-479.1947492883758+24.892565553001845j)
3891,0.21812983518331652,(515.396534378074-797.9482140032657j)
3892,0.2181858952797399,(-815.2897930403774+381.988088926728j)
3893,0.21824195537616325,(603.8557380655022+810.0303974886417j)
3894,0.21829801547258662,(-93.09470801730932-257.642820004558j)
3895,0.21835407556901,(-23.842428148017092-240.4469778303783j)
3896,0.21841013566543335,(613.1408773131485-192.05777815800172j)
3897,0.21846619576185672,(-243.20620223058953-619.326648015077j)
3898,0.21852225585828008,(-204.50331654191083-38.77170425865438j)
3899,0.21857831595470345,(-560.9355147353031-258.10249733853436j)
3900,0.21863437605112682,(-376.099271196834-482.3915692914255j)
3901,0.21869043614755018,(-97.61011653829667+544.1054038438725j)
3902,0.21874649624397355,(-559.8907592714883+184.740253029075j)
3903,0.21880255634039691,(-499.7941891691199-197.6812829668213j)
3904,0.21885861643682028,(-251.42747877050837-97.64489936785046j)
3905,0.21891467653324365,(-295.1353919599375+95.16716780655615j)
3906,0.218970736629667,(426.0226281300464+22.323204425306216j)
3907,0.21902679672609038,(-233.06656414068863-163.52032117891088j)
3908,0.21908285682251374,(-497.0375893996354-239.46983242130923j)
3909,0.2191389169189371,(-555.7086417852814+370.2894051513206j)
3910,0.21919497701536048,(-142.88027028061293-216.9129022169496j)
3911,0.21925103711178384,(-173.53706181733742-266.37172288716346j)
3912,0.2193070972082072,(210.06124753523648+435.2529296650963j)
3913,0.21936315730463057,(-271.5695151206458-123.44062040642082j)
3914,0.21941921740105394,(-485.1780850214161+236.58722147985776j)
3915,0.2194752774974773,(40.17501177569592+171.83009070304539j)
3916,0.21953133759390067,(218.61542001943454-24.012163599159535j)
3917,0.21958739769032404,(-583.671788363343+309.02328675194497j)
3918,0.2196434577867474,(44.33271406052282-75.09943818186856j)
3919,0.21969951788317077,(-203.8223349533129+304.9404322776849j)
3920,0.21975557797959414,(263.2871910062598+4.068315191337426j)
3921,0.2198116380760175,(-358.22175942580253-365.77075842339025j)
3922,0.21986769817244087,(158.37794103370368+121.29226077851536j)
3923,0.21992375826886423,(-171.88690300754757+5.046726005288065j)
3924,0.2199798183652876,(-553.9690041924149-518.2715183066247j)
3925,0.22003587846171097,(-388.96313075978907+311.8979379195931j)
3926,0.22009193855813433,(-383.5791310153772-379.9376554866196j)
3927,0.2201479986545577,(-122.37138356743984-49.68613922870558j)
3928,0.22020405875098106,(-75.58628784843455+227.05790628473193j)
3929,0.22026011884740443,(-19.775894966183458-64.9219378556227j)
3930,0.2203161789438278,(-513.7311847954011+563.7625957259897j)
3931,0.22037223904025116,(-847.7069802854298-188.34744554474372j)
3932,0.22042829913667453,(510.2433498657732-412.4965767449229j)
3933,0.2204843592330979,(-476.3612681962486+366.4347211899422j)
3934,0.22054041932952126,(-653.6153981728526-450.0129910420706j)
3935,0.22059647942594462,(446.0276987981733-159.649239920289j)
3936,0.220652539522368,(399.42943455919567+419.96747349403677j)
3937,0.22070859961879136,(233.49983373610178+459.40879310558273j)
3938,0.22076465971521472,(-483.1180457859217+453.8642648782625j)
3939,0.2208207198116381,(-12.241076567010758-79.57552682502921j)
3940,0.22087677990806145,(793.2434130464762+331.5221772965257j)
3941,0.22093284000448482,(-335.79862606814027+139.50511714906725j)
3942,0.2209889001009082,(-53.23145823956068+269.1898480036098j)
3943,0.22104496019733155,(251.49582699684862-108.27549720649151j)
3944,0.22110102029375492,(-112.87903805329918-803.3371494153536j)
3945,0.22115708039017828,(-103.20183718550948-36.297285033252166j)
3946,0.22121314048660165,(555.0880439908613-9.147293233879765j)
3947,0.22126920058302502,(252.01821055951288-3.165285900386678j)
3948,0.22132526067944838,(105.25680177862546+579.5549822907965j)
3949,0.22138132077587175,(110.7055028134674-143.95942388678907j)
3950,0.22143738087229511,(-260.9071123042004+751.1995244301279j)
3951,0.22149344096871848,(-361.1941132621938-553.4736088613726j)
3952,0.22154950106514185,(-270.3593672251093-301.43641219311087j)
3953,0.2216055611615652,(-320.01005006706043-869.4285166188328j)
3954,0.22166162125798858,(-188.49792907522087+784.2238798655658j)
3955,0.22171768135441194,(95.5254453583547+430.7980568569602j)
3956,0.2217737414508353,(213.9247996520393+631.5943906516115j)
3957,0.22182980154725868,(448.3284274184073-152.6734653605226j)
3958,0.22188586164368204,(211.63017989607852-161.9115638671833j)
3959,0.2219419217401054,(10.958737635476151+85.87314426221445j)
3960,0.22199798183652877,(-142.84271692492987-742.7803260965541j)
3961,0.22205404193295214,(13.763999652769137+227.1337109686462j)
3962,0.2221101020293755,(-144.3176940502844-209.18965466002064j)
3963,0.22216616212579887,(-941.1888910169986-187.52711475481632j)
3964,0.22222222222222224,(-347.8559434022835-243.26273343140676j)
3965,0.2222782823186456,(-500.68054002853694-317.03184602570036j)
3966,0.22233434241506897,(-453.46224992358987-339.05234457376616j)
3967,0.22239040251149234,(159.81101995163849-181.70415093876517j)
3968,0.22244646260791567,(-323.2345959736173-398.4636108015611j)
3969,0.22250252270433904,(1.306279958289963+1039.2526900762357j)
3970,0.2225585828007624,(508.6584801650162-369.7118978525412j)
3971,0.22261464289718577,(962.7745892650789-1372.1285182435824j)
3972,0.22267070299360914,(-524.0902863356608+707.9735636193976j)
3973,0.2227267630900325,(376.3625249330674+107.9115545375597j)
3974,0.22278282318645587,(-625.6559959856107+277.36068333925834j)
3975,0.22283888328287924,(-125.45101980600697-712.9621251412871j)
3976,0.2228949433793026,(-154.86200568558502+971.841105561471j)
3977,0.22295100347572597,(-163.9620210514936-29.695889314315238j)
3978,0.22300706357214933,(148.39346048201784+383.6865655405058j)
3979,0.2230631236685727,(-459.55807149949123-1224.4854749943488j)
3980,0.22311918376499607,(-33.349383553583856-1054.3113987802087j)
3981,0.22317524386141943,(-352.5986490269656+618.0453920516949j)
3982,0.2232313039578428,(-471.145259639111-565.3056861362032j)
3983,0.22328736405426616,(-639.5251782364317-313.5883261480773j)
3984,0.22334342415068953,(-327.7815420552753+65.44489773439696j)
3985,0.2233994842471129,(192.5299285794798-195.64511160223034j)
3986,0.22345554434353626,(550.2053764878931+232.55419887303663j)
3987,0.22351160443995963,(876.128815959498+5.823581016317348j)
3988,0.223567664536383,(-426.7833165577797+170.67711068569002j)
3989,0.22362372463280636,(401.49570170189077+499.89194208326063j)
3990,0.22367978472922972,(-469.3082447896773+924.8009432820757j)
3991,0.2237358448256531,(-119.57016607653327+217.39876322043884j)
3992,0.22379190492207646,(-281.0222117564405-115.81870304277703j)
3993,0.22384796501849982,(-487.3993966903963-947.324015971877j)
3994,0.2239040251149232,(137.6247044101495-841.1993217895786j)
3995,0.22396008521134655,(450.167323655039+182.0234369064282j)
3996,0.22401614530776992,(10.207545643098861-150.9011694799396j)
3997,0.2240722054041933,(801.2104524282889+888.8489123581596j)
3998,0.22412826550061665,(216.60037468504854-538.6382446350799j)
3999,0.22418432559704002,(-505.9320512297573+558.8368985099713j)
4000,0.22424038569346338,(672.8187652069049-120.63642153206591j)
4001,0.22429644578988675,(521.8203283385658+272.22320092518294j)
4002,0.22435250588631012,(-192.2981738107286+378.5635740959355j)
4003,0.22440856598273348,(-611.2390027122606-123.33190639209207j)
4004,0.22446462607915685,(-753.4507934326009-583.6113917912286j)
4005,0.22452068617558021,(-215.70683079840046+575.8505340336981j)
4006,0.22457674627200358,(-12.426006915808372+154.84370795446142j)
4007,0.22463280636842695,(12.072928276818402+753.3514723165448j)
4008,0.2246888664648503,(-27.888862264020418+931.6369496415059j)
4009,0.22474492656127368,(383.7684999505162-76.7636297899972j)
4010,0.22480098665769704,(650.5013755387467+923.1200015986963j)
4011,0.2248570467541204,(-51.8430471564549+117.20926905301235j)
4012,0.22491310685054378,(-608.9297463633524-143.3276120118481j)
4013,0.22496916694696714,(-423.9340606104523+158.37605677582056j)
4014,0.2250252270433905,(49.21552727634702-716.2745038945732j)
4015,0.22508128713981387,(-218.6213940753614+265.80503312317086j)
4016,0.22513734723623724,(-124.7983771050453-244.1517119626929j)
4017,0.2251934073326606,(369.1527284121052+693.0576229701473j)
4018,0.22524946742908397,(-264.11817852572256+189.51655499858754j)
4019,0.22530552752550734,(350.0371999624606-590.5933761528357j)
4020,0.2253615876219307,(656.3899532902263-374.1041589677211j)
4021,0.22541764771835407,(-154.03344108967772+363.6381331401598j)
4022,0.22547370781477744,(591.4202556072039+1033.574144711407j)
4023,0.2255297679112008,(-139.92924332297875+140.45656060234387j)
4024,0.22558582800762417,(145.47846016746087-296.2256073200992j)
4025,0.22564188810404753,(-523.2540149045376+551.1187816516288j)
4026,0.2256979482004709,(-470.7218248932346-65.88331008918286j)
4027,0.22575400829689427,(-238.68556812316896+591.181407462657j)
4028,0.22581006839331763,(378.70392002642456-168.33482197695946j)
4029,0.225866128489741,(427.09101784021925-145.74219427614992j)
4030,0.22592218858616436,(149.56632922652824-359.3809476834549j)
4031,0.22597824868258773,(-159.2984696635542+205.93788625003495j)
4032,0.2260343087790111,(328.2910119869466+156.53756534121672j)
4033,0.22609036887543446,(-611.3687209592031-1055.1462625644635j)
4034,0.22614642897185783,(598.7427842005811+79.1542724845367j)
4035,0.2262024890682812,(680.6327226483895+91.4935082045289j)
4036,0.22625854916470456,(-0.2906377209889399+485.8132418467853j)
4037,0.22631460926112792,(311.66628771205217+446.96755689924174j)
4038,0.2263706693575513,(380.0659003066929+58.78512251874703j)
4039,0.22642672945397466,(-1018.1652767640437+331.20831652704834j)
4040,0.22648278955039802,(-292.95959150074617+297.33111061125743j)
4041,0.2265388496468214,(-565.4110411588716-12.474572699249592j)
4042,0.22659490974324475,(101.06357052481583-268.00241926233775j)
4043,0.22665096983966812,(355.7289939150559+271.1525812494886j)
4044,0.2267070299360915,(267.2380800755504-30.725382203894597j)
4045,0.22676309003251485,(-325.4331824688427+30.030037647029673j)
4046,0.22681915012893822,(-676.4964614847305+294.3807564370473j)
4047,0.22687521022536158,(-10.104484241801202-113.91227329013051j)
4048,0.22693127032178495,(-498.85888886860266+557.6701818199881j)
4049,0.22698733041820832,(-284.7679094617875+551.2527093384542j)
4050,0.22704339051463168,(213.10140150080582-139.04835395939284j)
4051,0.22709945061105505,(307.34100188272026-455.1587634141614j)
4052,0.22715551070747841,(570.1430657621133-616.105387188223j)
4053,0.22721157080390178,(130.04938666305387-729.7222404242794j)
4054,0.22726763090032515,(-335.5437171699881+355.4908454529234j)
4055,0.2273236909967485,(-64.53817701330323-373.73503312532273j)
4056,0.22737975109317188,(-131.41510876915046+69.35928835587272j)
4057,0.22743581118959524,(210.5033348311391-224.3579840806599j)
4058,0.2274918712860186,(-53.841257063457846-346.3566807149535j)
4059,0.22754793138244198,(-678.1613963239288+1252.456449793699j)
4060,0.22760399147886534,(-55.397939760649834-165.1228916095725j)
4061,0.2276600515752887,(240.11304793612166-497.9975374593016j)
4062,0.22771611167171207,(-751.1548761262799-244.35677631275556j)
4063,0.22777217176813544,(207.5865952958694-314.58996181907946j)
4064,0.2278282318645588,(-225.75607745485584-146.8693411900839j)
4065,0.22788429196098217,(545.5732435907056-132.18738761480475j)
4066,0.22794035205740554,(-335.1486895927187+812.519388454332j)
4067,0.2279964121538289,(-566.9621065197947+207.84470287807656j)
4068,0.22805247225025227,(697.1584449910266-810.0002993791813j)
4069,0.22810853234667564,(-95.38144243346167-383.87371337437037j)
4070,0.228164592443099,(-86.45247481909391-250.56655724543063j)
4071,0.22822065253952237,(-179.9001172153707-201.33585374970187j)
4072,0.22827671263594573,(473.0094046841061+188.72787566978045j)
4073,0.2283327727323691,(-407.5862965667117+119.6443390636695j)
4074,0.22838883282879247,(-219.23967668864404-80.0148548253571j)
4075,0.22844489292521583,(390.5001898243066-324.43304841880024j)
4076,0.2285009530216392,(-141.85377189707359-220.23122619897634j)
4077,0.22855701311806256,(292.5123168609557-249.34752220099213j)
4078,0.22861307321448593,(169.25939750362886+333.0689152982235j)
4079,0.2286691333109093,(-35.392879431744944+294.7996390426612j)
4080,0.22872519340733266,(7.86137695833861+157.1965803748j)
4081,0.22878125350375603,(-552.2815584453446+412.4949842039849j)
4082,0.2288373136001794,(-22.720100047031934-529.8151114154382j)
4083,0.22889337369660276,(-992.9210617000846+678.3833562167574j)
4084,0.22894943379302612,(865.4564227502578+40.1980640440206j)
4085,0.2290054938894495,(-278.12944487685604-375.21177473686953j)
4086,0.22906155398587286,(-35.42310897898177+98.34322547131761j)
4087,0.22911761408229622,(340.76763251817914+370.0973553399841j)
4088,0.2291736741787196,(-51.94061254212875-1236.6106771689201j)
4089,0.22922973427514295,(-301.8105625104109+354.11117782725006j)
4090,0.22928579437156632,(543.3040828283234-12.84062216604866j)
4091,0.2293418544679897,(-369.43878803883126+1.9849804956228638j)
4092,0.22939791456441305,(-155.62144368000895+899.6286003045346j)
4093,0.22945397466083642,(897.9767036860735+755.483851579326j)
4094,0.22951003475725978,(-184.13032906222793+277.2821542777018j)
4095,0.22956609485368315,(-727.3512833863145+292.50541171752633j)
4096,0.22962215495010652,(207.18686119918567+56.63145764402035j)
4097,0.22967821504652988,(-168.52244539767767-327.4261059185714j)
4098,0.22973427514295325,(305.15726653266614-819.828121516775j)
4099,0.22979033523937661,(226.40927286235433+435.140173405697j)
4100,0.22984639533579998,(944.9745141736123-134.91356133561504j)
4101,0.22990245543222335,(92.9934239241253+264.14335095967j)
4102,0.2299585155286467,(355.6989774430309+154.91496445828898j)
4103,0.23001457562507008,(-49.125452541455104+629.0044654666805j)
4104,0.23007063572149344,(645.2917865286038-290.15812164997j)
4105,0.2301266958179168,(-195.97516832538548+474.42203309500803j)
4106,0.23018275591434018,(75.18754695279574+184.8620087060366j)
4107,0.23023881601076354,(214.08216921740592+283.21996831507664j)
4108,0.2302948761071869,(-821.2924359576087+185.83991532941684j)
4109,0.23035093620361027,(-212.76482843983865-427.3601432951943j)
4110,0.23040699630003364,(410.499910255026+426.0595457752422j)
4111,0.230463056396457,(-93.96971299234951-62.41944721467911j)
4112,0.23051911649288037,(580.3510009963505-608.5666358429655j)
4113,0.23057517658930374,(-174.9123107049317-393.215557376448j)
4114,0.2306312366857271,(-656.7279944654163-381.38819847158175j)
4115,0.23068729678215047,(-571.6081472140602-633.5070230271299j)
4116,0.23074335687857384,(-790.3555588513968-73.20414324569407j)
4117,0.2307994169749972,(695.9655526938743+289.4360245779051j)
4118,0.23085547707142057,(452.4246621788319+91.08771792126888j)
4119,0.23091153716784393,(102.23345308798415+494.28034986176505j)
4120,0.2309675972642673,(751.9006014408842+41.04431559808222j)
4121,0.23102365736069067,(48.08829788831047+263.0959819354974j)
4122,0.23107971745711403,(592.839824522095-349.87913350292354j)
4123,0.2311357775535374,(19.71781911605536-26.600627771384186j)
4124,0.23119183764996076,(41.915150602290105-105.11384415156157j)
4125,0.23124789774638413,(259.14453959016157-286.6204426950488j)
4126,0.2313039578428075,(805.7875657421625+515.0039107073721j)
4127,0.23136001793923086,(-295.4946554697211+532.5918251601997j)
4128,0.23141607803565423,(-694.7564172940001+263.2406965838855j)
4129,0.2314721381320776,(46.19787376399292-93.53043747942132j)
4130,0.23152819822850096,(-465.65295124707495-126.33191233274067j)
4131,0.23158425832492432,(-453.46716695750087+505.8699728084369j)
4132,0.2316403184213477,(-480.3751312762329-32.37115269987143j)
4133,0.23169637851777106,(-42.570648239408754+271.37016794747797j)
4134,0.23175243861419442,(335.5173799566903+382.61829768418585j)
4135,0.2318084987106178,(-445.43027388884036+154.98633971054437j)
4136,0.23186455880704115,(269.4260462471363+115.80219974952271j)
4137,0.23192061890346452,(634.855992113328+372.3535511721331j)
4138,0.2319766789998879,(-456.3257018276863+463.01880951300814j)
4139,0.23203273909631125,(-385.94442088999244+330.69896354617276j)
4140,0.23208879919273462,(-64.05386142449001+150.07601108246814j)
4141,0.23214485928915798,(-301.7439382092324+40.72614572640393j)
4142,0.23220091938558135,(-30.798831304531866-131.30124051646675j)
4143,0.23225697948200472,(221.03898705168808-156.45574776553633j)
4144,0.23231303957842808,(318.46171780144954+155.9586642280878j)
4145,0.23236909967485145,(-212.103590687962+587.9096618876011j)
4146,0.23242515977127481,(246.8092297345069-148.07276809513684j)
4147,0.23248121986769818,(516.5118351588378-253.925241878497j)
4148,0.23253727996412155,(-581.8994242942603+535.9775395227146j)
4149,0.2325933400605449,(281.23378005418937+335.8110800208747j)
4150,0.23264940015696828,(-501.510003387023-335.73758246284j)
4151,0.23270546025339164,(111.13916411726086+467.63468838829124j)
4152,0.232761520349815,(30.11569921356738+648.8598886655607j)
4153,0.23281758044623838,(97.46534994263843+707.9113611286316j)
4154,0.23287364054266174,(-90.4081795359925+703.0082333665208j)
4155,0.2329297006390851,(-187.6429278291776+242.7221365788342j)
4156,0.23298576073550847,(-366.9164576617759-177.14042222556856j)
4157,0.23304182083193184,(397.2792961281666+67.5860100934893j)
4158,0.2330978809283552,(-49.24458209172681-319.91508194584947j)
4159,0.23315394102477857,(-58.11054010888728-342.5552713138984j)
4160,0.23321000112120194,(-807.1145748747421-579.8939761622764j)
4161,0.2332660612176253,(564.4447619677413+71.45201700071209j)
4162,0.23332212131404867,(373.652896760097-58.214265702012185j)
4163,0.23337818141047204,(-388.3355843021904-917.8792959610003j)
4164,0.2334342415068954,(-234.40369004296525+102.56829938064043j)
4165,0.23349030160331877,(402.32680838755317+517.1912249496314j)
4166,0.23354636169974213,(413.0658242154273+176.04545601213968j)
4167,0.2336024217961655,(444.2712205339556-80.7164376727406j)
4168,0.23365848189258887,(-135.4586848094056-182.15043383894732j)
4169,0.23371454198901223,(36.27469566400757+541.1456581036139j)
4170,0.2337706020854356,(-720.1625135206891+263.94070821871566j)
4171,0.23382666218185896,(192.29529411312745+917.5686274835867j)
4172,0.23388272227828233,(21.426953106724795-769.8919546483739j)
4173,0.2339387823747057,(-526.04198737741-163.47925651189612j)
4174,0.23399484247112906,(45.593555593858085-296.25885218474747j)
4175,0.23405090256755243,(-18.869620124792192+451.5550468953188j)
4176,0.2341069626639758,(-337.88379586989106+493.7544043803428j)
4177,0.23416302276039916,(143.18357691470007-231.09203557549455j)
4178,0.23421908285682252,(295.9843466233308-125.14756172088752j)
4179,0.2342751429532459,(-58.624744282105596-403.04220213740865j)
4180,0.23433120304966926,(-278.90138769388375+569.142108946992j)
4181,0.23438726314609262,(62.80731002825973+693.4923363853206j)
4182,0.234443323242516,(-583.5733160016802+99.98909723774757j)
4183,0.23449938333893935,(315.9776739064063-235.72377959400262j)
4184,0.23455544343536272,(-234.62421655825312-333.5974540078227j)
4185,0.2346115035317861,(609.9211358386758-212.12760040103024j)
4186,0.23466756362820945,(-806.8304548032577+1133.1786413406655j)
4187,0.23472362372463282,(-1007.0430605817883-417.70257068576325j)
4188,0.23477968382105618,(208.47102704736022-126.69266287434237j)
4189,0.23483574391747955,(-1079.143142129425-16.53423304610601j)
4190,0.23489180401390292,(-241.84675250713565+365.0573601226902j)
4191,0.23494786411032628,(-628.2634816234374-313.66672441432j)
4192,0.23500392420674965,(-154.50641283236592-331.33541605956833j)
4193,0.23505998430317301,(-246.3293317005036-272.4756405366218j)
4194,0.23511604439959638,(60.449283004387134+137.65744620421597j)
4195,0.23517210449601975,(-81.37718358774137-131.34555458215922j)
4196,0.2352281645924431,(385.2216862626016-76.08557454630741j)
4197,0.23528422468886648,(-291.5690883185746+342.5472518975762j)
4198,0.23534028478528984,(-118.2304472194639+568.3089256301231j)
4199,0.2353963448817132,(256.7151152376708+497.54484498560197j)
4200,0.23545240497813658,(-165.5509540330561-454.7283524642126j)
4201,0.23550846507455994,(63.70309427094122+456.76173477705845j)
4202,0.2355645251709833,(-857.9512101078877+793.5548055947794j)
4203,0.23562058526740667,(-190.48347028304642+120.37896458927213j)
4204,0.23567664536383004,(-135.87832099183294-44.016291327713546j)
4205,0.2357327054602534,(-334.72564873720523-250.0823394083881j)
4206,0.23578876555667677,(-26.999653003750094-24.025550743460194j)
4207,0.23584482565310014,(-43.629803505058085-182.22658912107417j)
4208,0.2359008857495235,(510.06669327878546-316.4957100399559j)
4209,0.23595694584594687,(808.5530810093555-190.66940624007253j)
4210,0.23601300594237024,(-145.01140677294075+353.9970151691449j)
4211,0.2360690660387936,(-144.5837190102896+423.5710379543054j)
4212,0.23612512613521697,(34.58452052008448-68.8807843614272j)
4213,0.23618118623164033,(-265.69595733814833-565.2886308598559j)
4214,0.2362372463280637,(322.665932513521+867.6783765623023j)
4215,0.23629330642448707,(258.6699002616929+50.663741799195165j)
4216,0.23634936652091043,(-689.8483445547423-42.77532684160829j)
4217,0.2364054266173338,(-225.74389161109534-330.72444714763077j)
4218,0.23646148671375716,(-100.70277030978792-120.88887120581262j)
4219,0.23651754681018053,(-399.60292180752873-372.6403799383808j)
4220,0.2365736069066039,(122.58875474562772-240.43473006307133j)
4221,0.23662966700302726,(12.547241452892886+12.503863946534917j)
4222,0.23668572709945063,(163.9390223658616-834.953882982048j)
4223,0.236741787195874,(411.4659735117522-410.355772798453j)
4224,0.23679784729229736,(-30.254940095169108-21.172676742651234j)
4225,0.2368539073887207,(-44.7303520550869+260.94806493667846j)
4226,0.23690996748514406,(-80.17414700344357-63.96778031707392j)
4227,0.23696602758156743,(469.4200931676638-149.15515704489127j)
4228,0.2370220876779908,(274.31179473519643-183.17676724121242j)
4229,0.23707814777441416,(262.5082751910055-47.47034456501997j)
4230,0.23713420787083753,(-125.08094072080243+922.8326134253253j)
4231,0.2371902679672609,(-374.8389861235641-147.60085261444067j)
4232,0.23724632806368426,(60.709718365739434+469.70606291584915j)
4233,0.23730238816010762,(838.8459717000969-394.21302678642667j)
4234,0.237358448256531,(-516.0012311872828-78.48649998543571j)
4235,0.23741450835295436,(-45.45886705360376-277.7116416510184j)
4236,0.23747056844937772,(186.6298463093232-668.2361662665596j)
4237,0.2375266285458011,(552.1955379354732+276.9933677647698j)
4238,0.23758268864222445,(281.73701711098056-73.10376977463655j)
4239,0.23763874873864782,(-232.32517327906857-47.902662260130754j)
4240,0.2376948088350712,(-779.0480434384133-249.45964161002794j)
4241,0.23775086893149455,(-66.17376550074843+498.56633667555576j)
4242,0.23780692902791792,(-149.45968792922088+61.73051237346844j)
4243,0.23786298912434128,(296.87292622151597+147.66834847561813j)
4244,0.23791904922076465,(400.73610330295884-149.08130565737684j)
4245,0.23797510931718802,(649.3128799370342+132.06016719118873j)
4246,0.23803116941361138,(-284.3237424995264-635.5527454337254j)
4247,0.23808722951003475,(11.222814710331939-149.2978048322612j)
4248,0.23814328960645811,(-165.99474366948067+369.8157177124353j)
4249,0.23819934970288148,(442.14725196958256-194.7646811585339j)
4250,0.23825540979930485,(99.98326987216706-12.377637851088439j)
4251,0.2383114698957282,(110.57632763949174+76.44263940848448j)
4252,0.23836752999215158,(250.1747251785873+392.2328978724747j)
4253,0.23842359008857494,(415.8637391768775+81.33968942776731j)
4254,0.2384796501849983,(248.47891240948994-470.1744438076713j)
4255,0.23853571028142168,(166.4950337407217-40.42582873877989j)
4256,0.23859177037784504,(446.5303084060037-35.12594784352952j)
4257,0.2386478304742684,(56.42202638967965-166.84694685083738j)
4258,0.23870389057069177,(513.2896211321538+607.8188385031644j)
4259,0.23875995066711514,(-397.1832815483226+291.33998158562633j)
4260,0.2388160107635385,(-7.163178342755764+120.83143080955432j)
4261,0.23887207085996187,(281.3229199941419+395.98569230234807j)
4262,0.23892813095638524,(-93.28408161628343+430.15836515175823j)
4263,0.2389841910528086,(-584.9402462625192+263.9301656877475j)
4264,0.23904025114923197,(430.5888826104532+24.281511983924645j)
4265,0.23909631124565534,(-446.1752227361386-559.366876759629j)
4266,0.2391523713420787,(-133.63817607132853+81.33761710679201j)
4267,0.23920843143850207,(-685.4511370249808-735.2617080742411j)
4268,0.23926449153492543,(-304.65287039945974-169.02873740825265j)
4269,0.2393205516313488,(837.8218365510205-514.803769297353j)
4270,0.23937661172777217,(-107.2560049548303-137.48640329284257j)
4271,0.23943267182419553,(286.35105648939447+247.5218335929198j)
4272,0.2394887319206189,(200.99963989484115+304.5669407402088j)
4273,0.23954479201704226,(60.36822944966273+3.0898597005031405j)
4274,0.23960085211346563,(690.0151059368718+632.9183507702064j)
4275,0.239656912209889,(45.95266507144785-718.4776847304103j)
4276,0.23971297230631236,(261.8488900167131+329.6630259575036j)
4277,0.23976903240273573,(-129.10624012480343+24.67926234036846j)
4278,0.2398250924991591,(524.5427960394626-68.76293859244876j)
4279,0.23988115259558246,(201.962375914507+311.6519009827277j)
4280,0.23993721269200582,(481.87723533367364+140.6631449944023j)
4281,0.2399932727884292,(-165.7012578054192-194.99358558361035j)
4282,0.24004933288485256,(-269.3986997116557-198.46907188076835j)
4283,0.24010539298127592,(-495.1823772401325-601.9596244417037j)
4284,0.2401614530776993,(1056.748789950669-52.75590855862049j)
4285,0.24021751317412265,(485.67637987173646+478.5114392498472j)
4286,0.24027357327054602,(-155.60877072993765-111.56329101285957j)
4287,0.2403296333669694,(308.00365538695564+525.8743660415729j)
4288,0.24038569346339275,(-452.2997446863973+355.8292202842116j)
4289,0.24044175355981612,(52.18084891177418+161.03104760302259j)
4290,0.24049781365623948,(-35.54472692274865+265.97667573745645j)
4291,0.24055387375266285,(111.78800101785392+334.04009619267754j)
4292,0.24060993384908622,(320.4571000510729-329.0252908886033j)
4293,0.24066599394550958,(-345.774718281633+144.98140234189032j)
4294,0.24072205404193295,(134.73467855603158-116.61679450149302j)
4295,0.24077811413835631,(614.6333144210671-20.683120208208322j)
4296,0.24083417423477968,(350.89409223842193-404.22600393796995j)
4297,0.24089023433120305,(-201.9068908021525+101.67509843629152j)
4298,0.2409462944276264,(-180.57015271214846+155.67526901354506j)
4299,0.24100235452404978,(520.2565272985993+39.18617671477293j)
4300,0.24105841462047314,(-134.57377852476122+759.3010800550344j)
4301,0.2411144747168965,(119.24060046623704+216.48567931571432j)
4302,0.24117053481331988,(339.800954768248+352.1322011636765j)
4303,0.24122659490974324,(-639.6406064673321+117.15279555998657j)
4304,0.2412826550061666,(-295.34122002237933-58.4784558968436j)
4305,0.24133871510258997,(81.17425813557075+165.77897883446164j)
4306,0.24139477519901334,(-249.59945818073177-39.86470928101429j)
4307,0.2414508352954367,(-569.8327197551416+413.5530285044661j)
4308,0.24150689539186007,(-432.41611293521794+130.13714444781493j)
4309,0.24156295548828344,(-167.03956472869243+55.378232551322455j)
4310,0.2416190155847068,(7.181208744179301+206.0907819626792j)
4311,0.24167507568113017,(-612.016099245915+746.9249200832496j)
4312,0.24173113577755354,(-525.5579225129668+192.17426405119383j)
4313,0.2417871958739769,(-324.46101731087435+84.62755751505637j)
4314,0.24184325597040027,(-513.4822362095991+4.687006726402473j)
4315,0.24189931606682363,(-36.95598434655798+554.4070757480113j)
4316,0.241955376163247,(537.4788525819392+125.8845364566769j)
4317,0.24201143625967036,(-157.00947918488376+337.78383506776555j)
4318,0.24206749635609373,(163.3588109035934-29.51125638977213j)
4319,0.2421235564525171,(785.9553637557976-113.65852482179264j)
4320,0.24217961654894046,(-375.3439021449741+54.162730670329864j)
4321,0.24223567664536383,(18.797454694870282-778.0237112783138j)
4322,0.2422917367417872,(765.1483249282031-448.67527012044155j)
4323,0.24234779683821056,(51.25222003486908+642.3066085908943j)
4324,0.24240385693463393,(339.30985425684764-130.05094607613867j)
4325,0.2424599170310573,(251.3371654064597+110.18260934173591j)
4326,0.24251597712748066,(-184.5149832542443-104.43742610463063j)
4327,0.24257203722390402,(258.41334383409867-434.11654571910844j)
4328,0.2426280973203274,(97.8210361966166+325.90646103146776j)
4329,0.24268415741675076,(-131.934858983769+175.3822557748585j)
4330,0.24274021751317412,(246.2926213054827+419.78873515188815j)
4331,0.2427962776095975,(-674.5412752127097-279.713201000405j)
4332,0.24285233770602085,(282.1504695732118+193.7042813485655j)
4333,0.24290839780244422,(550.7771036026863+728.9558367598742j)
4334,0.2429644578988676,(-206.1907220089688+576.7063258952338j)
4335,0.24302051799529095,(581.0609564781189-884.0988549300359j)
4336,0.24307657809171432,(305.3129550752253-501.8933623368029j)
4337,0.24313263818813768,(-398.9800011796792-470.9930878819017j)
4338,0.24318869828456105,(571.9147129999525+303.73211792277954j)
4339,0.24324475838098442,(680.3448017051356-165.0158696979629j)
4340,0.24330081847740778,(-116.10623613763929-254.47571512712085j)
4341,0.24335687857383115,(493.21769921232533+122.90974422652016j)
4342,0.24341293867025451,(-359.7723221511966+474.14419121280383j)
4343,0.24346899876667788,(178.60677978750067-209.8294792558947j)
4344,0.24352505886310125,(595.9698442129385+81.67231666224521j)
4345,0.2435811189595246,(211.07354353477723-225.50017836486705j)
4346,0.24363717905594798,(-510.33704770616816+58.020827494062814j)
4347,0.24369323915237134,(405.26929214184923-545.042965925289j)
4348,0.2437492992487947,(-112.4193533486827-148.7316620417622j)
4349,0.24380535934521808,(-429.61304785829856-503.19511520345554j)
4350,0.24386141944164144,(-342.9307634112719+320.3950719371234j)
4351,0.2439174795380648,(334.7918143384529+73.65561934062927j)
4352,0.24397353963448817,(-207.19833121717215+131.92427143477818j)
4353,0.24402959973091154,(-40.78819262879621+180.8647385030255j)
4354,0.2440856598273349,(800.3967835381281-679.6839499838915j)
4355,0.24414171992375827,(204.2761389455086+453.1624924272072j)
4356,0.24419778002018164,(-326.2502547233404-299.436263715773j)
4357,0.244253840116605,(228.23871131460555-228.2169249864979j)
4358,0.24430990021302837,(-424.9906132919185-367.8933000033378j)
4359,0.24436596030945174,(-71.69897872747279-86.87260362627926j)
4360,0.2444220204058751,(558.592162144038-28.610619208068755j)
4361,0.24447808050229847,(-400.61414324078476-58.51223788556328j)
4362,0.24453414059872183,(-104.90443293729757+453.40610802076185j)
4363,0.2445902006951452,(-427.11117144939305-530.6722376907468j)
4364,0.24464626079156856,(-243.81080732470517+432.1420969136749j)
4365,0.24470232088799193,(-650.2670718404189-331.31381665306833j)
4366,0.2447583809844153,(-248.4102081810787-119.92573429723697j)
4367,0.24481444108083866,(-590.2616745201341+566.5406074567587j)
4368,0.24487050117726203,(515.3170881394791+909.9911079698422j)
4369,0.2449265612736854,(401.01858460859023+587.1493225249386j)
4370,0.24498262137010876,(911.9785706045784+24.891708301918044j)
4371,0.24503868146653213,(729.5810389459314+383.7339139245373j)
4372,0.2450947415629555,(-191.77999110968946-62.021408314250685j)
4373,0.24515080165937886,(-4.067751039395574+75.99622356846452j)
4374,0.24520686175580222,(-72.06079116493102-243.46621403670486j)
4375,0.2452629218522256,(47.08418523844604-718.3352157479009j)
4376,0.24531898194864896,(11.815599250398346+108.37137208816925j)
4377,0.24537504204507232,(-165.3520133075283-77.64061271199537j)
4378,0.2454311021414957,(-24.406634042730268+328.72355491882j)
4379,0.24548716223791905,(-253.05269098419274+154.30923531147897j)
4380,0.24554322233434242,(76.89163391793345-174.00049522037995j)
4381,0.2455992824307658,(348.7268889144779+798.1184486128856j)
4382,0.24565534252718915,(-295.50027871312307+719.7383548167982j)
4383,0.24571140262361252,(-705.9099860831061+466.9121034779666j)
4384,0.24576746272003588,(211.51195744217839-412.260576945434j)
4385,0.24582352281645925,(215.2334297440412-578.9363292852448j)
4386,0.24587958291288262,(910.953811185004-638.5825613316347j)
4387,0.24593564300930598,(-104.82355143688082+212.97493481639464j)
4388,0.24599170310572935,(79.73189214074401+568.7215534963029j)
4389,0.24604776320215271,(54.4018192428474+87.98868113215302j)
4390,0.24610382329857608,(-470.50759851516267+198.6019155182098j)
4391,0.24615988339499945,(-547.5947272629891-192.2277470429693j)
4392,0.2462159434914228,(-279.684218981079+588.9888623155638j)
4393,0.24627200358784618,(475.072090020961-184.62756283075035j)
4394,0.24632806368426954,(374.10670420538986-72.24724401786052j)
4395,0.2463841237806929,(-286.90379185566997-306.7172732721025j)
4396,0.24644018387711628,(597.3706616955699+80.51614893902087j)
4397,0.24649624397353964,(554.6466355820489-565.3774547048541j)
4398,0.246552304069963,(-70.80445956757438+11.218880809168315j)
4399,0.24660836416638637,(142.0349085600605+273.0178718971108j)
4400,0.24666442426280974,(310.85334765129335-261.6167079078773j)
4401,0.2467204843592331,(429.82987050545967+369.94228684921006j)
4402,0.24677654445565647,(-413.7607098990281+578.0234262547643j)
4403,0.24683260455207984,(896.1145324003631+555.135315149105j)
4404,0.2468886646485032,(-363.41629323069276+475.304830919332j)
4405,0.24694472474492657,(342.653964052203+202.7412610400353j)
4406,0.24700078484134994,(432.5962330971256+61.9405720376198j)
4407,0.2470568449377733,(223.5544715044636+21.489670608692975j)
4408,0.24711290503419667,(-52.758110645914-212.0533874494918j)
4409,0.24716896513062003,(492.85730898598246+689.9838939893546j)
4410,0.2472250252270434,(-960.2207633834562-822.6084011856095j)
4411,0.24728108532346676,(147.48671472084808+91.74838127769804j)
4412,0.24733714541989013,(265.8578156708857+186.88331789845478j)
4413,0.2473932055163135,(-90.81282691166858-82.68941630113096j)
4414,0.24744926561273686,(339.13911026531105-423.32319487656883j)
4415,0.24750532570916023,(871.4757450530791-48.866633868940426j)
4416,0.2475613858055836,(-191.559901246854-512.582844730196j)
4417,0.24761744590200696,(-205.8917371381017+103.65601111585292j)
4418,0.24767350599843033,(443.0938838683324+339.6405659209741j)
4419,0.2477295660948537,(137.09809798751493+309.47757656346937j)
4420,0.24778562619127706,(177.3015045535609+604.6274230653113j)
4421,0.24784168628770042,(-469.2882610310954-396.1186991854031j)
4422,0.2478977463841238,(-31.972294956101337+361.7265688003533j)
4423,0.24795380648054716,(570.6497004118123-463.7978781958423j)
4424,0.24800986657697052,(627.2686750453161-49.7495696521766j)
4425,0.2480659266733939,(-448.79111544472454-360.80498986684955j)
4426,0.24812198676981725,(351.1363887244612+315.29686728009244j)
4427,0.24817804686624062,(-455.6055128801388-399.71265145429044j)
4428,0.248234106962664,(177.23552515710645-948.7555596433594j)
4429,0.24829016705908735,(-71.14773803471566-311.3885398697247j)
4430,0.24834622715551072,(-183.42320471194097+51.614520755197226j)
4431,0.24840228725193408,(-117.02289368438744+828.652571202171j)
4432,0.24845834734835745,(-32.257917939159285+313.5838301457446j)
4433,0.24851440744478082,(369.00923369062286-476.3217776686147j)
4434,0.24857046754120418,(82.0206092254254-352.2766934417729j)
4435,0.24862652763762755,(375.71072326263857+295.19758202583404j)
4436,0.24868258773405091,(-16.788400757725405-98.99172105018154j)
4437,0.24873864783047428,(-585.9561821921718-972.0210729223212j)
4438,0.24879470792689765,(90.09778745964209-619.9792626065146j)
4439,0.248850768023321,(-896.0815949846203+768.0979251326276j)
4440,0.24890682811974438,(-24.22910676410463-306.0275975180573j)
4441,0.24896288821616774,(-1024.4684612672986+6.4610108331334j)
4442,0.2490189483125911,(-10.400352021646398-122.7815334171199j)
4443,0.24907500840901448,(0.9283107278978946+298.46982532864763j)
4444,0.24913106850543784,(386.48803526037017-213.03118738878172j)
4445,0.2491871286018612,(-313.244907973618-16.884734773539066j)
4446,0.24924318869828457,(590.8626197880016+220.14790725752653j)
4447,0.24929924879470794,(-78.65372752407322-7.432322224015465j)
4448,0.2493553088911313,(-135.5079229461629+406.36349628483083j)
4449,0.24941136898755467,(-58.836280026748824+193.06201505773717j)
4450,0.24946742908397804,(83.68071497659821+73.03263275235231j)
4451,0.2495234891804014,(37.39319633710715-43.30013389900324j)
4452,0.24957954927682477,(-37.47202844519858+47.80910899338838j)
4453,0.24963560937324814,(-359.5065831782024-371.88090154744623j)
4454,0.2496916694696715,(31.447457540069706+534.157230114852j)
4455,0.24974772956609487,(-58.45445579398777-221.59019316682j)
4456,0.24980378966251823,(283.4712431986511+97.83428862257462j)
4457,0.2498598497589416,(173.37810883358392-190.5662229999737j)
4458,0.24991590985536496,(-436.666837444569+476.7310970288184j)
4459,0.24997196995178833,(595.0754723338171-851.4780604669791j)
4460,0.25002803004821167,(735.0859839114178+91.96186888212264j)
4461,0.25008409014463506,(-1232.135693292793-224.89321491761694j)
4462,0.2501401502410584,(-140.89553858242834-543.3986347594291j)
4463,0.2501962103374818,(408.43291165713913-10.51091537528984j)
4464,0.25025227043390513,(-349.540830296998-74.03437876892329j)
4465,0.2503083305303285,(592.0514638031192-244.2404844432171j)
4466,0.25036439062675186,(459.43903965552806-406.71342210407914j)
4467,0.25042045072317526,(512.7083689645185+90.85508497607589j)
4468,0.2504765108195986,(347.66747908644896+306.06612035214323j)
4469,0.250532570916022,(-250.72703618079242+540.2042826935508j)
4470,0.25058863101244533,(99.93231483761994-647.5206739983101j)
4471,0.2506446911088687,(-309.33996609633397-304.6866795057715j)
4472,0.25070075120529206,(359.3094899303082-220.91257459772697j)
4473,0.25075681130171545,(310.85802768307093-14.772695649695109j)
4474,0.2508128713981388,(1.1569927366466146-149.85539793832288j)
4475,0.2508689314945622,(-563.2703731231616+697.8736083220102j)
4476,0.2509249915909855,(610.2820359917758-567.2208712018387j)
4477,0.2509810516874089,(578.1134809810275-817.7891094371108j)
4478,0.25103711178383226,(220.15970682613596-90.09417911660974j)
4479,0.25109317188025565,(-284.375250886039+224.2863512220976j)
4480,0.251149231976679,(-355.7511226647783-662.3690088874501j)
4481,0.2512052920731024,(-124.39253289290406-78.48643466923059j)
4482,0.2512613521695257,(113.01596829046748-54.43432867558438j)
4483,0.2513174122659491,(27.87868713380343+139.15694056837324j)
4484,0.25137347236237245,(284.09201776761813+72.17782043473956j)
4485,0.25142953245879585,(-370.28480752917153-132.34743462516823j)
4486,0.2514855925552192,(343.2828945034994-1269.9706488465747j)
4487,0.2515416526516426,(677.3368387775449-58.41842663964442j)
4488,0.2515977127480659,(-151.54076079556765-346.3093622111493j)
4489,0.2516537728444893,(-236.40210937133384+187.06923308148006j)
4490,0.25170983294091265,(-21.290780502936514-173.9955768554171j)
4491,0.25176589303733604,(-379.09409137233837-60.969692108585406j)
4492,0.2518219531337594,(320.6815932762504+51.78563329790376j)
4493,0.2518780132301828,(-57.954602381538535+145.43012012691023j)
4494,0.2519340733266061,(-195.05734355575817-341.7897826777584j)
4495,0.2519901334230295,(41.92772192656751+85.74256031702627j)
4496,0.25204619351945284,(-194.54441565182483-303.02446457256826j)
4497,0.25210225361587624,(-204.50484753925812+273.49906158723286j)
4498,0.2521583137122996,(70.8415987005207+488.8384011768793j)
4499,0.25221437380872297,(228.9047129578135+504.461060054687j)
4500,0.2522704339051463,(244.38370361559546+99.58552908935201j)
4501,0.2523264940015697,(-736.9454810659923+243.83109285968226j)
4502,0.25238255409799304,(164.06074969428647-223.38130878400116j)
4503,0.25243861419441643,(62.1761631966523+223.9941851989879j)
4504,0.25249467429083977,(-161.90655528807793-363.1888083210743j)
4505,0.25255073438726316,(599.0051841270804+35.17047649988774j)
4506,0.2526067944836865,(659.4739020651771-178.86055528600406j)
4507,0.2526628545801099,(-553.6370353569265-96.11045295414576j)
4508,0.25271891467653324,(307.5862371689107+205.5784749680583j)
4509,0.25277497477295663,(171.7037211386803+25.946409753374198j)
4510,0.25283103486937997,(-44.34704419952311-569.8653808015254j)
4511,0.25288709496580336,(172.254609131164+14.72732159821635j)
4512,0.2529431550622267,(719.2998825061801+44.086656409476234j)
4513,0.2529992151586501,(-197.51950805503097-193.58034602273793j)
4514,0.25305527525507343,(131.39819117896818+151.58683444115547j)
4515,0.2531113353514968,(-37.13746439542581+517.1826887373007j)
4516,0.25316739544792016,(55.18726112134041+190.49438295114547j)
4517,0.25322345554434356,(-27.97579407181076+57.32607563956232j)
4518,0.2532795156407669,(-458.58179304687485+306.1561003325355j)
4519,0.2533355757371903,(276.7680412209733+0.9960324019434665j)
4520,0.2533916358336136,(200.79431897754884-7.857453708020159j)
4521,0.253447695930037,(1.7154364627815966-255.07406621023958j)
4522,0.25350375602646036,(-199.280248658869-56.003534967292936j)
4523,0.25355981612288375,(56.60450198429413+869.9461360401862j)
4524,0.2536158762193071,(176.66549591638864-623.6175993713184j)
4525,0.2536719363157305,(-303.0532527774694-244.90701448397172j)
4526,0.2537279964121538,(681.2471913699826-375.1932979194499j)
4527,0.2537840565085772,(-196.68630886795847+174.5633876822606j)
4528,0.25384011660500055,(-146.49374779244437+236.152253955355j)
4529,0.25389617670142395,(-29.877420598948802-236.41482755720372j)
4530,0.2539522367978473,(364.96274616228243-148.0698549400326j)
4531,0.2540082968942707,(-346.0373985965017-100.16099585575006j)
4532,0.254064356990694,(381.84908399541143+175.30239142706006j)
4533,0.2541204170871174,(493.2401057362474+189.60364941518446j)
4534,0.25417647718354075,(-518.0885059715782+506.87666123882025j)
4535,0.25423253727996414,(15.708459794209077+400.2971761330882j)
4536,0.2542885973763875,(113.35473772255251+683.5145102699138j)
4537,0.2543446574728109,(215.2432832615624+594.3102248690391j)
4538,0.2544007175692342,(345.10125532601114-364.5772470018174j)
4539,0.2544567776656576,(-42.1151954253142-74.15075225121802j)
4540,0.25451283776208095,(402.6255711841775-198.00727118700254j)
4541,0.25456889785850434,(168.9228350967286+280.0029259163474j)
4542,0.2546249579549277,(4.429067959101493-666.8012779776586j)
4543,0.25468101805135107,(-333.75177325438534+292.849681421841j)
4544,0.2547370781477744,(-392.8444106339388+271.98173405057605j)
4545,0.2547931382441978,(399.9839266013422-162.93258325438876j)
4546,0.25484919834062114,(112.89778136103685+120.0574125198833j)
4547,0.25490525843704454,(-376.6965728728368-142.04728046264336j)
4548,0.2549613185334679,(-576.9648579640516-310.9355694930739j)
4549,0.25501737862989127,(-87.66559793880104-60.98011584024009j)
4550,0.2550734387263146,(-328.33197860269996+184.05629152627426j)
4551,0.255129498822738,(-198.77583913655087-192.12204918368639j)
4552,0.25518555891916134,(-78.19630681572653+412.69431153707825j)
4553,0.25524161901558473,(593.9260588986543-371.23227417109604j)
4554,0.25529767911200807,(307.8297183180111-289.2933093557434j)
4555,0.25535373920843146,(399.0226840151803+251.67297620337007j)
4556,0.2554097993048548,(273.4547748366027+265.352865706514j)
4557,0.2554658594012782,(-134.62957911946074+477.6559138182463j)
4558,0.25552191949770153,(-139.22598679742953-344.00238722310155j)
4559,0.2555779795941249,(348.783298340683+511.9130872323969j)
4560,0.25563403969054826,(90.63703020319053+360.79721045675365j)
4561,0.25569009978697166,(-74.36598541298551+563.1315594499322j)
4562,0.255746159883395,(407.9515523515032-40.29197152218387j)
4563,0.2558022199798184,(11.49463168992122-357.70927584756976j)
4564,0.25585828007624173,(-644.8933364308205-420.19699827575903j)
4565,0.2559143401726651,(4.047128382212023-133.91459442452987j)
4566,0.25597040026908846,(-315.85147444517537+263.6851791733333j)
4567,0.25602646036551185,(106.45897529161803+175.18425021097272j)
4568,0.2560825204619352,(113.15288147797233-417.25353532009143j)
4569,0.2561385805583586,(184.86159264590196+480.19918499249513j)
4570,0.2561946406547819,(309.30585617801177-39.77227710525105j)
4571,0.2562507007512053,(226.40906543858023-473.17192690868893j)
4572,0.25630676084762866,(-309.793346469269+180.77485653279484j)
4573,0.25636282094405205,(695.7261757590709+45.66935042689701j)
4574,0.2564188810404754,(-165.6063418532378-3.0681167078696134j)
4575,0.2564749411368988,(-83.7725377287268+84.7988649477557j)
4576,0.2565310012333221,(49.17140199531586+70.04443685665034j)
4577,0.2565870613297455,(115.64258049367227+325.73751719173373j)
4578,0.25664312142616885,(303.28814905309156-1.6744546877469304j)
4579,0.25669918152259225,(82.94469127370445-314.3404737628577j)
4580,0.2567552416190156,(-88.5967964750561-319.56523805140375j)
4581,0.256811301715439,(-80.27848170943224+418.72591728149786j)
4582,0.2568673618118623,(546.8327806971213+840.377861326502j)
4583,0.2569234219082857,(-563.919462625271+101.62933565782963j)
4584,0.25697948200470905,(-428.56899655954845-470.73769696857806j)
4585,0.25703554210113244,(-551.5759333105113+130.9514129673565j)
4586,0.2570916021975558,(109.82159604788767+307.7491223257895j)
4587,0.2571476622939792,(264.17335244027703-238.96735010315683j)
4588,0.2572037223904025,(-1258.7927040507275+281.1886319117964j)
4589,0.2572597824868259,(623.4828031009838+168.2211160531508j)
4590,0.25731584258324924,(-333.4215979446663+566.955877563704j)
4591,0.25737190267967264,(306.4219601017379+280.82750181848013j)
4592,0.257427962776096,(-304.47561232215685-330.4570688524624j)
4593,0.25748402287251937,(-406.5913359833654-245.5394792986969j)
4594,0.2575400829689427,(85.7571280225999+252.0522207380145j)
4595,0.2575961430653661,(27.449919959187618+11.352584779078349j)
4596,0.25765220316178944,(317.42047675011474-608.9167269345162j)
4597,0.25770826325821283,(284.38657547350243-123.9630622721661j)
4598,0.25776432335463617,(-147.56546457545502-376.3599170832729j)
4599,0.25782038345105956,(-269.59991123111865+336.3625996257882j)
4600,0.2578764435474829,(204.16181115193578+162.55330717441882j)
4601,0.2579325036439063,(-305.65543118148116-32.97819322792296j)
4602,0.25798856374032964,(-3.6913606626698012+93.27457555208792j)
4603,0.25804462383675303,(541.1710295363198-319.65763761167125j)
4604,0.25810068393317637,(-396.79038619738964-208.83788506364402j)
4605,0.25815674402959976,(197.98870783113296+245.75964856906506j)
4606,0.2582128041260231,(-429.57036966811677+380.1024955434461j)
4607,0.2582688642224465,(-348.3683914261789-144.1998788750181j)
4608,0.25832492431886983,(-252.7457551127269+616.4340785773757j)
4609,0.25838098441529317,(181.33968804390736-206.69859917708635j)
4610,0.25843704451171656,(-251.15103228306114-584.584705452042j)
4611,0.2584931046081399,(95.59771013184326+635.8465959262389j)
4612,0.2585491647045633,(279.31435880232-111.73732891447443j)
4613,0.25860522480098663,(215.94954876029945-342.6576294959041j)
4614,0.25866128489741,(222.13406553172982-236.4268854977526j)
4615,0.25871734499383336,(-320.69752240651394-136.83810757538404j)
4616,0.25877340509025676,(246.61477738088453+245.29950872042352j)
4617,0.2588294651866801,(475.6648052187535+126.23282547811849j)
4618,0.2588855252831035,(170.47343269820874+363.01628567493776j)
4619,0.25894158537952683,(47.619414061968854+92.22117480677915j)
4620,0.2589976454759502,(147.81367276759858-20.786375770935365j)
4621,0.25905370557237356,(-540.1590803004444-228.46133667771898j)
4622,0.25910976566879695,(-160.8524264709725-103.75313180965861j)
4623,0.2591658257652203,(-429.6101756318983-197.57684395538868j)
4624,0.2592218858616437,(-445.3552560428027-323.0121228930436j)
4625,0.259277945958067,(318.04458227966336-168.42054430778416j)
4626,0.2593340060544904,(-168.16276193406867+512.5915596195795j)
4627,0.25939006615091376,(-213.2069736824345+559.7230209771166j)
4628,0.25944612624733715,(437.6691768644505+321.874791354678j)
4629,0.2595021863437605,(54.075250182043945-70.24548125880783j)
4630,0.2595582464401839,(-409.1620496994124+119.09894019087207j)
4631,0.2596143065366072,(-615.2965795533414+602.5068830343307j)
4632,0.2596703666330306,(236.9752860488712-385.63814245931195j)
4633,0.25972642672945395,(637.261689729807+140.2446809638148j)
4634,0.25978248682587735,(218.0385259143056+150.1049851415532j)
4635,0.2598385469223007,(24.147581044947096+31.47054022010262j)
4636,0.2598946070187241,(-362.50149708570456+847.6879927682317j)
4637,0.2599506671151474,(-749.2568143044025-617.9564007815478j)
4638,0.2600067272115708,(79.07884966987763-145.6291902383922j)
4639,0.26006278730799415,(-828.07390543182+189.49029707496206j)
4640,0.26011884740441754,(150.71660305630346-24.18213358538129j)
4641,0.2601749075008409,(-174.90150975640861-293.7971004942965j)
4642,0.2602309675972643,(-138.2606145028914-141.49418539653365j)
4643,0.2602870276936876,(449.9993471095216-175.24438188316645j)
4644,0.260343087790111,(332.86212412844776+148.16866324546797j)
4645,0.26039914788653434,(-434.2980112234552+181.61384984799832j)
4646,0.26045520798295774,(371.364203042437+894.6784272411588j)
4647,0.2605112680793811,(203.5077024394854-463.12412579374677j)
4648,0.26056732817580447,(-104.78560838444764+155.87221937759907j)
4649,0.2606233882722278,(78.19873646810498+563.3986370743228j)
4650,0.2606794483686512,(-131.2794554506955-577.41406242779j)
4651,0.26073550846507454,(160.55619963669034+3.2574134958624086j)
4652,0.26079156856149793,(-570.4813316620532+193.2035688479602j)
4653,0.26084762865792127,(606.2922570169245-38.48084194415259j)
4654,0.26090368875434466,(248.61836574392424+568.1569743173131j)
4655,0.260959748850768,(-191.96556581801224+130.3681105201104j)
4656,0.2610158089471914,(289.7232411868786-326.1797711136751j)
4657,0.26107186904361473,(-509.1182410831633+80.81117969996006j)
4658,0.26112792914003813,(-141.21762478250554-9.161414169947705j)
4659,0.26118398923646147,(76.72952855934989-205.8157134211124j)
4660,0.26124004933288486,(210.4225843152514-112.76880063806615j)
4661,0.2612961094293082,(514.701063928795-898.3706765094406j)
4662,0.2613521695257316,(340.45631096498255+386.4150209371417j)
4663,0.26140822962215493,(146.222507208131+73.96298961057866j)
4664,0.2614642897185783,(-228.5261372057673+243.770000848717j)
4665,0.26152034981500166,(-446.1196333175252-13.072788622586696j)
4666,0.26157640991142506,(-160.16406474004768-138.97125564174158j)
4667,0.2616324700078484,(17.65786752076064-12.091605899555987j)
4668,0.2616885301042718,(-189.70352053844996-215.62918257607998j)
4669,0.2617445902006951,(121.39098383204491-522.2093122867059j)
4670,0.2618006502971185,(193.03644372383133+141.4778520990506j)
4671,0.26185671039354186,(-435.1367590705121-271.9719861346364j)
4672,0.26191277048996525,(-73.82098428080062-478.6070827788967j)
4673,0.2619688305863886,(233.7147398783704-114.6867494765339j)
4674,0.262024890682812,(366.39000166632286+320.25006402059694j)
4675,0.2620809507792353,(-51.68990512164403-275.81969127950435j)
4676,0.2621370108756587,(-344.9718681952775-424.42421278238953j)
4677,0.26219307097208205,(-220.46991929505097-132.41806992345118j)
4678,0.26224913106850545,(-209.43450828599396-81.6266564520967j)
4679,0.2623051911649288,(251.60136409553684+28.83621948288895j)
4680,0.2623612512613522,(-708.5918826298705-234.2717869685418j)
4681,0.2624173113577755,(1073.1314618722467-161.8939814269931j)
4682,0.2624733714541989,(660.4368366165364+196.15765146535998j)
4683,0.26252943155062225,(914.1859637471283+491.38846746969887j)
4684,0.26258549164704564,(158.02219825475032-719.8665746720226j)
4685,0.262641551743469,(-209.73420135909936+562.7507798799492j)
4686,0.2626976118398924,(460.87468889196197-490.24000799792174j)
4687,0.2627536719363157,(-7.7995284910598395-154.05055808317312j)
4688,0.2628097320327391,(-164.56842855213094+379.84634230524256j)
4689,0.26286579212916245,(147.56135639311015-272.86950844499745j)
4690,0.26292185222558584,(58.89916360700187-690.3724785086578j)
4691,0.2629779123220092,(-41.27907040442548-218.8823731993408j)
4692,0.26303397241843257,(-59.60491886001398+586.1340356216197j)
4693,0.2630900325148559,(297.8184200027843+145.9690615347238j)
4694,0.2631460926112793,(465.02275024187634-367.3591946774959j)
4695,0.26320215270770264,(-395.8805062749718+183.41900432618064j)
4696,0.26325821280412603,(178.73252228191066+377.04649833070926j)
4697,0.2633142729005494,(-924.4512739077392+342.8521867724751j)
4698,0.26337033299697277,(-674.5600901470598+431.2715820000652j)
4699,0.2634263930933961,(5.550616548941065-356.9515446314165j)
4700,0.2634824531898195,(138.84544897954655-352.3401971349522j)
4701,0.26353851328624284,(-231.77685170767742+24.402552737324115j)
4702,0.26359457338266623,(-33.94922848543253-283.2180032602458j)
4703,0.26365063347908957,(-612.8446991622394+20.347544805922468j)
4704,0.26370669357551296,(378.34624367362716+121.10931059196442j)
4705,0.2637627536719363,(33.78278997512509-66.63632892523347j)
4706,0.2638188137683597,(-256.3401198457247-463.3382480047406j)
4707,0.26387487386478303,(8.359042927443024-111.11821178349048j)
4708,0.2639309339612064,(-340.01550471369444-112.71168428508244j)
4709,0.26398699405762976,(39.03908984398271+581.8670727353165j)
4710,0.26404305415405316,(-307.9477046090527-436.5633886623543j)
4711,0.2640991142504765,(-782.9627642060015-19.01583100606814j)
4712,0.2641551743468999,(-130.63136844079673-247.13144312229548j)
4713,0.26421123444332323,(135.141238724286+480.66522268685003j)
4714,0.2642672945397466,(64.93908349897197-733.2533795735252j)
4715,0.26432335463616996,(601.8952857339584+40.7509155977998j)
4716,0.26437941473259335,(54.31526732332004+113.86089579733687j)
4717,0.2644354748290167,(-179.05248008492157+168.59793813160536j)
4718,0.2644915349254401,(526.356269778283+81.99049776409144j)
4719,0.2645475950218634,(-313.7172531395916+553.9368701118945j)
4720,0.2646036551182868,(-485.0887450173597+180.1044987772794j)
4721,0.26465971521471016,(289.1449523336686-335.5201431764251j)
4722,0.26471577531113355,(-208.74293627409787+56.048088504713945j)
4723,0.2647718354075569,(-313.78500917052907-182.46093801667348j)
4724,0.2648278955039803,(338.9032924602926-192.5079686575591j)
4725,0.2648839556004036,(-97.90704941790132-470.6837858688501j)
4726,0.264940015696827,(569.5896391487238-60.48735892547903j)
4727,0.26499607579325035,(174.52063194062714+147.55744337217112j)
4728,0.26505213588967375,(328.95627305705904+56.191223300289636j)
4729,0.2651081959860971,(-676.2973228388519-589.2554463096134j)
4730,0.2651642560825205,(154.43067951421045+110.6285518547567j)
4731,0.2652203161789438,(715.1376645495739+142.83350225053908j)
4732,0.2652763762753672,(296.9056078815038-35.77170304161538j)
4733,0.26533243637179055,(-232.87013126964348-102.20261187037838j)
4734,0.26538849646821394,(399.4549360869934+14.356676763861373j)
4735,0.2654445565646373,(143.86842566909527+103.52459759516384j)
4736,0.2655006166610607,(272.37270483191156+100.1478269617412j)
4737,0.265556676757484,(471.1783618364681+2.003278090668175j)
4738,0.2656127368539074,(-289.8424391960813-440.349850509146j)
4739,0.26566879695033074,(335.8977345731761+190.97791002626133j)
4740,0.26572485704675414,(118.7907626442596+460.98815058334003j)
4741,0.2657809171431775,(-70.14102789819566+99.7462423477446j)
4742,0.26583697723960087,(-487.8856352618612+302.66855508726735j)
4743,0.2658930373360242,(812.4428904052642+384.7127275213313j)
4744,0.2659490974324476,(-18.663263505811926-418.46512311831384j)
4745,0.26600515752887094,(-218.89756549771482+491.2321546251673j)
4746,0.26606121762529433,(170.96851471735243-484.179031774689j)
4747,0.26611727772171767,(-219.8891988585342-8.19282285558451j)
4748,0.26617333781814106,(198.52186405405809+144.09963565730044j)
4749,0.2662293979145644,(15.456946991758173+543.6276083322823j)
4750,0.2662854580109878,(-387.6511306009056+313.36882685843716j)
4751,0.26634151810741113,(187.0311150003163+76.91635344715509j)
4752,0.26639757820383453,(648.7090326732919-342.355874598831j)
4753,0.26645363830025787,(561.5618225692242+892.0176956630477j)
4754,0.26650969839668126,(279.79836454743713-428.91918579895446j)
4755,0.2665657584931046,(-177.94053344714416-390.0810841227609j)
4756,0.266621818589528,(-170.2607640862667+536.1355091353738j)
4757,0.26667787868595133,(243.89563705778534-440.1141696468012j)
4758,0.2667339387823747,(-422.4308667084922+737.62110777255j)
4759,0.26678999887879806,(-723.5602565259103-775.548195444118j)
4760,0.26684605897522146,(61.67294185936308-532.31546176827j)
4761,0.2669021190716448,(-269.2546391591774-365.1731282772665j)
4762,0.2669581791680682,(78.91547907719838-322.81422154385893j)
4763,0.2670142392644915,(362.1762801357643-124.79907563711896j)
4764,0.2670702993609149,(-76.98639058394122+456.7110734525884j)
4765,0.26712635945733826,(-645.8666004437853-250.85093991857084j)
4766,0.26718241955376165,(92.19462009708003-93.26728280559634j)
4767,0.267238479650185,(121.22771510991457-483.71831296967673j)
4768,0.2672945397466084,(-33.87877791739714-110.03912570616772j)
4769,0.2673505998430317,(149.42951154543212+276.44961578172024j)
4770,0.2674066599394551,(5.314886363301575-122.43288485315642j)
4771,0.26746272003587845,(-748.0515277483977+196.34787848162654j)
4772,0.26751878013230185,(-296.7357105203311+521.4456767828515j)
4773,0.2675748402287252,(53.05344073123449+52.69896826208414j)
4774,0.2676309003251486,(-187.7713920224512+875.809226857576j)
4775,0.2676869604215719,(242.67689821290293+308.0315935366323j)
4776,0.2677430205179953,(-350.5174681598267-533.7731739861667j)
4777,0.26779908061441865,(53.13925410331041+369.10861136710605j)
4778,0.26785514071084204,(-367.0714279778466-273.6876869017055j)
4779,0.2679112008072654,(45.26163795751378-70.39353662549516j)
4780,0.2679672609036888,(-213.31343633943317+380.61117661534524j)
4781,0.2680233210001121,(114.93395192874233+40.783832042136986j)
4782,0.2680793810965355,(70.5719599726951-26.799231740159183j)
4783,0.26813544119295885,(-241.1966075495969-100.1159276416167j)
4784,0.26819150128938224,(-91.69665338458104-863.0172911144265j)
4785,0.2682475613858056,(82.06531692491026-301.7138839245832j)
4786,0.26830362148222897,(763.3473065709901+76.7467427792458j)
4787,0.2683596815786523,(318.6598910856858-230.4267413959389j)
4788,0.2684157416750757,(-919.5056748122629-281.5837154561887j)
4789,0.26847180177149904,(-484.52446721090723+121.40081640904108j)
4790,0.26852786186792243,(-439.40339201993766+9.098770596823329j)
4791,0.2685839219643458,(398.0370043255908+223.67957414374226j)
4792,0.26863998206076917,(-145.85232703465965-20.01105846672089j)
4793,0.2686960421571925,(498.1104368160863-66.02594402883179j)
4794,0.2687521022536159,(-409.17151716103956-169.41615109535877j)
4795,0.26880816235003924,(323.3513113431504-325.28490340829654j)
4796,0.26886422244646263,(-141.84321255873013+354.6470004649594j)
4797,0.26892028254288597,(437.5054927358968+416.59660633420646j)
4798,0.26897634263930936,(-17.95227947071644-163.75884765460157j)
4799,0.2690324027357327,(-490.4590145823595-53.31081477971131j)
4800,0.2690884628321561,(-232.3004852552+42.15104506416071j)
4801,0.26914452292857943,(46.89351274081815+176.9357285367113j)
4802,0.2692005830250028,(164.62451551713195+271.20329371515305j)
4803,0.26925664312142616,(349.8480450356383+537.8366105339754j)
4804,0.26931270321784956,(22.40207266423797-131.45037092434876j)
4805,0.2693687633142729,(-351.3537593050651-180.02377047685508j)
4806,0.2694248234106963,(197.89602749863923+228.969134126316j)
4807,0.26948088350711963,(-90.91660265143915+5.48750490762189j)
4808,0.269536943603543,(-347.0163176893367-458.41961744839904j)
4809,0.26959300369996636,(-233.11341560837633+204.56981615459708j)
4810,0.26964906379638975,(-479.9458065673675+45.428532475394505j)
4811,0.2697051238928131,(652.1083722128794-188.20599840306076j)
4812,0.2697611839892365,(226.47624297714435-105.5351076071613j)
4813,0.2698172440856598,(-309.19677833179753-155.30336443408342j)
4814,0.2698733041820832,(473.0267376982987+211.08178862789728j)
4815,0.26992936427850656,(21.09649013367666-91.04942030545217j)
4816,0.26998542437492995,(366.38826719899845-949.6540160219852j)
4817,0.2700414844713533,(75.50063565222024-248.66493273613108j)
4818,0.2700975445677767,(340.715544201203+920.8352933540643j)
4819,0.2701536046642,(-72.76731223672319-232.3842169792837j)
4820,0.2702096647606234,(-301.08389738396977-347.8378375047546j)
4821,0.27026572485704675,(-792.9637926875528+195.27645182173637j)
4822,0.27032178495347015,(-186.5995112187949-39.16763660071669j)
4823,0.2703778450498935,(-500.7627401851522+395.3201308987194j)
4824,0.2704339051463169,(854.9510452100756+715.0373535001838j)
4825,0.2704899652427402,(383.89431902523035-177.29943816828845j)
4826,0.2705460253391636,(-45.834260589924476-221.1364298227798j)
4827,0.27060208543558695,(27.51878805495336-165.15538345286058j)
4828,0.27065814553201034,(-281.2620806523474-687.893534366543j)
4829,0.2707142056284337,(280.10770528807933+424.8926646027734j)
4830,0.2707702657248571,(-446.450064029219-216.4111900422659j)
4831,0.2708263258212804,(212.9986428204666+225.64484559509495j)
4832,0.2708823859177038,(-744.8155390215369+125.96654952762304j)
4833,0.27093844601412714,(485.90068515577684+48.564239951502124j)
4834,0.27099450611055054,(53.17078678860631+9.921881860787703j)
4835,0.2710505662069739,(-279.4916699688396-196.7241291215562j)
4836,0.27110662630339727,(-130.29430192834974+204.7259120607588j)
4837,0.2711626863998206,(-320.03805410015383-126.38264733279541j)
4838,0.271218746496244,(-282.91950126076176-219.4418501734849j)
4839,0.27127480659266734,(236.75057925521725-281.817776207629j)
4840,0.27133086668909073,(79.16164826908434+510.73645509110753j)
4841,0.27138692678551407,(-9.794894525142517+112.31017906479538j)
4842,0.27144298688193746,(41.9595554612722+344.8898643208175j)
4843,0.2714990469783608,(240.30861454429225+151.44180347579766j)
4844,0.2715551070747842,(-528.0255180523553+70.60760711641976j)
4845,0.27161116717120753,(-451.12836946927087+165.35122300867587j)
4846,0.27166722726763093,(31.288348057295952+309.52494007189256j)
4847,0.27172328736405427,(100.98200719949924+33.35845962032753j)
4848,0.27177934746047766,(-523.362952341384+397.6778658417479j)
4849,0.271835407556901,(246.0174423031679-17.33140803060904j)
4850,0.2718914676533244,(345.1929034910586+407.820804349515j)
4851,0.27194752774974773,(-173.17278124670335+146.7527104261999j)
4852,0.2720035878461711,(-164.62798962088618+338.6413627701893j)
4853,0.27205964794259446,(39.80367348141812+24.184480669421205j)
4854,0.27211570803901786,(197.40970520415567+28.256675450370636j)
4855,0.2721717681354412,(-235.7166226108567+624.5468244098449j)
4856,0.2722278282318646,(525.1716065142284+733.2840206413946j)
4857,0.2722838883282879,(208.91885822664656-513.9850680575148j)
4858,0.2723399484247113,(-518.3343831607707+199.61208762816557j)
4859,0.27239600852113466,(-219.19037456131358+165.861015103602j)
4860,0.27245206861755805,(-138.30423835874913+167.49319489733685j)
4861,0.2725081287139814,(13.105511076919413+285.58837603715983j)
4862,0.2725641888104048,(257.1939862655992+177.98624449509026j)
4863,0.2726202489068281,(-267.0482970847776-106.63435337714716j)
4864,0.27267630900325146,(7.24618969529854+458.1251720097507j)
4865,0.27273236909967485,(914.666352889139+100.92378111732057j)
4866,0.2727884291960982,(35.26251592821716-229.57608463255445j)
4867,0.2728444892925216,(-87.31234859379569-81.34746428279921j)
4868,0.2729005493889449,(-445.2789122627406-71.88629231106653j)
4869,0.2729566094853683,(-279.3714248933149+464.88963931435615j)
4870,0.27301266958179166,(-109.27121672708765+407.086297351662j)
4871,0.27306872967821505,(298.2639709606851+350.13489795262245j)
4872,0.2731247897746384,(-177.62693852367292+205.38282246817334j)
4873,0.2731808498710618,(94.42422703084094-503.485848177953j)
4874,0.2732369099674851,(612.5946869956657+55.497350791621784j)
4875,0.2732929700639085,(-118.96664193735943+218.30204518538534j)
4876,0.27334903016033185,(-197.25817858425174+258.8152800226275j)
4877,0.27340509025675525,(935.0527419635769-429.2064552038166j)
4878,0.2734611503531786,(137.74252800073083-76.75839632751075j)
4879,0.273517210449602,(278.6376301076144+113.9766450698252j)
4880,0.2735732705460253,(280.0162821561261-173.06561183304055j)
4881,0.2736293306424487,(-484.49501609324193-296.5424400315229j)
4882,0.27368539073887205,(-157.60358302193058-386.35131737327794j)
4883,0.27374145083529544,(-275.1620588690614+62.949767707755555j)
4884,0.2737975109317188,(-196.49724108410902-273.1752556329336j)
4885,0.2738535710281422,(-276.51188548062674-644.6490386996782j)
4886,0.2739096311245655,(-385.3582623674947+55.70892389077355j)
4887,0.2739656912209889,(324.80989271210325-308.43524290082456j)
4888,0.27402175131741224,(320.2983571402795-116.1816927493872j)
4889,0.27407781141383564,(231.2244499307538+799.6496777484451j)
4890,0.274133871510259,(228.0475536436119+207.91280048026624j)
4891,0.27418993160668237,(28.38956343838891-320.0990279908605j)
4892,0.2742459917031057,(329.4198465368877+212.23372996216904j)
4893,0.2743020517995291,(-332.3426479072639-622.5721751506617j)
4894,0.27435811189595244,(49.610159431901764+379.523382734611j)
4895,0.27441417199237583,(651.6023725795653+39.57382387545414j)
4896,0.27447023208879917,(-272.4152360666247-362.73633195251097j)
4897,0.27452629218522256,(-442.7713158355837-188.7332689631796j)
4898,0.2745823522816459,(-42.391713231229346-924.1373896368315j)
4899,0.2746384123780693,(-141.77387253127335+406.31751793419926j)
4900,0.27469447247449263,(100.40244154657788+460.9746740717753j)
4901,0.27475053257091603,(-96.45858769921317+669.6579740329179j)
4902,0.27480659266733937,(32.10361903047849+228.0035181768215j)
4903,0.27486265276376276,(-220.1243679419273+349.01338463021887j)
4904,0.2749187128601861,(101.6719388089831+307.43115423599687j)
4905,0.2749747729566095,(-63.968037211728415+722.1944049155893j)
4906,0.27503083305303283,(523.4712403598292+401.6326406275228j)
4907,0.2750868931494562,(76.04330981065966-327.28227172683376j)
4908,0.27514295324587956,(-278.61665303662244+137.56335799883067j)
4909,0.27519901334230296,(-743.3848596861567-399.0391657955771j)
4910,0.2752550734387263,(76.3909270920801+690.8058507797325j)
4911,0.2753111335351497,(46.779542092292985+495.4632011334759j)
4912,0.275367193631573,(-81.71057299894657-471.03749881846414j)
4913,0.2754232537279964,(-484.02176789478244-173.580596681412j)
4914,0.27547931382441976,(-127.48962861906213-101.44952191621994j)
4915,0.27553537392084315,(489.1324928284638+392.3063463381131j)
4916,0.2755914340172665,(-68.62520862163149-475.9779400112826j)
4917,0.2756474941136899,(356.11638217396194-223.64041090212692j)
4918,0.2757035542101132,(-411.00755891514615-181.69168673298154j)
4919,0.2757596143065366,(121.26946100481334+142.73199214565847j)
4920,0.27581567440295995,(430.09986603647764+160.4678525194621j)
4921,0.27587173449938335,(622.5307498477957+149.12508508077366j)
4922,0.2759277945958067,(253.2672613211902-272.5884303970968j)
4923,0.2759838546922301,(225.1537979293603+421.7472003223465j)
4924,0.2760399147886534,(139.28587556714098-289.04169772234076j)
4925,0.2760959748850768,(-294.41584982638255-258.1509519175106j)
4926,0.27615203498150015,(3.0662685336280333+1117.0770072776888j)
4927,0.27620809507792354,(-50.747947650739405-399.3996028613882j)
4928,0.2762641551743469,(-352.1070266756227-254.81460399809066j)
4929,0.2763202152707703,(105.99133235921983+107.53602666872601j)
4930,0.2763762753671936,(207.5395729594622+359.53302165036325j)
4931,0.276432335463617,(163.18737160327632+29.602681842079107j)
4932,0.27648839556004035,(-229.82535568388806-179.9783833118305j)
4933,0.27654445565646374,(442.757636911052+52.51092435255791j)
4934,0.2766005157528871,(19.94748725928605-509.16330832834404j)
4935,0.27665657584931047,(-240.41967402254363-175.2345557925645j)
4936,0.2767126359457338,(17.260864136556094+152.2703845691563j)
4937,0.2767686960421572,(-109.75631820206188-390.07858985834997j)
4938,0.27682475613858054,(-286.51747835370907+189.4740447090618j)
4939,0.27688081623500393,(431.4670661666511-116.68866067160444j)
4940,0.2769368763314273,(37.011050337839684+211.91630992651113j)
4941,0.27699293642785067,(-269.99802509839844+248.16474076447585j)
4942,0.277048996524274,(528.1822653654829+306.6215480365083j)
4943,0.2771050566206974,(263.8759758120239+384.7185391277872j)
4944,0.27716111671712074,(143.30766372407322+147.20421046396964j)
4945,0.27721717681354413,(-20.51385357968249+220.18254198333324j)
4946,0.27727323690996747,(-48.014435755338496+142.0119682470044j)
4947,0.27732929700639086,(171.8989516774565-134.75117857344873j)
4948,0.2773853571028142,(-163.08231351722307-432.7009772701881j)
4949,0.2774414171992376,(40.176356333005266+31.465167144932852j)
4950,0.27749747729566093,(-798.5101845468148-228.29752806387583j)
4951,0.2775535373920843,(5.6848122432181185+211.21739249492492j)
4952,0.27760959748850766,(-280.0634230638952+332.79364666287995j)
4953,0.27766565758493106,(64.80733001095919-383.69532139693706j)
4954,0.2777217176813544,(-58.774563363807545-209.82935920427852j)
4955,0.2777777777777778,(-151.3801514429628+172.1662800239448j)
4956,0.27783383787420113,(-82.42382679720491+410.71251063595116j)
4957,0.2778898979706245,(352.95056250932396-163.14349651009547j)
4958,0.27794595806704786,(328.57739580024986-176.08415454725008j)
4959,0.27800201816347125,(-179.53559131650078+63.67845559872115j)
4960,0.2780580782598946,(-102.17856406046116+507.48620564804673j)
4961,0.278114138356318,(-166.22808571099523-644.9530811828806j)
4962,0.2781701984527413,(378.88506808535357-74.03404035199387j)
4963,0.2782262585491647,(180.05211420845438-395.2924388856717j)
4964,0.27828231864558806,(-16.101431551690098+307.62898165986707j)
4965,0.27833837874201145,(1.4682665517682416+141.51345232468125j)
4966,0.2783944388384348,(-191.150169873329+196.8257853174143j)
4967,0.2784504989348582,(-440.6638010137819-38.39242547171722j)
4968,0.2785065590312815,(92.2832990502037+152.12405500471556j)
4969,0.2785626191277049,(521.4692901708298-224.69348022518054j)
4970,0.27861867922412825,(531.6382464005612+215.83751728611003j)
4971,0.27867473932055165,(667.5851308045014-168.41221715670088j)
4972,0.278730799416975,(290.37729839617106+267.4808763988599j)
4973,0.2787868595133984,(171.86832291910181+610.4782021876485j)
4974,0.2788429196098217,(-143.1964246153917-795.396375234837j)
4975,0.2788989797062451,(-250.93734196459621+513.836481075277j)
4976,0.27895503980266845,(40.73273664793105-114.30498640707012j)
4977,0.27901109989909184,(62.72413024424682-652.6516569152502j)
4978,0.2790671599955152,(-448.93847511938077-243.08173934246034j)
4979,0.2791232200919386,(-516.8477300563271+899.2448967171871j)
4980,0.2791792801883619,(793.0268285293448-166.04485338132963j)
4981,0.2792353402847853,(-121.49544867962712-32.60353303192392j)
4982,0.27929140038120864,(31.034748989963163+97.81229320238617j)
4983,0.27934746047763204,(465.28765592020494+131.01959986717378j)
4984,0.2794035205740554,(583.6403668953099-35.285452330140664j)
4985,0.27945958067047877,(120.27294826887676+139.7330902396736j)
4986,0.2795156407669021,(-44.495497678577394-183.5407774548271j)
4987,0.2795717008633255,(-605.5753183457725-672.291791995726j)
4988,0.27962776095974884,(-136.96618150190173-350.029545893365j)
4989,0.27968382105617223,(-4.8339504203383115+347.6083685387133j)
4990,0.27973988115259557,(-417.93783686621646+330.03591194833655j)
4991,0.27979594124901896,(-175.95317056715513+554.5787916681248j)
4992,0.2798520013454423,(146.01576067925325+364.9406818195775j)
4993,0.2799080614418657,(250.80226949803972-197.22954232900867j)
4994,0.27996412153828903,(-272.2422440267944+211.87236043983734j)
4995,0.28002018163471243,(-235.60562648673607-529.9714087366003j)
4996,0.28007624173113577,(222.25602961189173+398.7151405958008j)
4997,0.28013230182755916,(-92.57079867628454-372.2408722407165j)
4998,0.2801883619239825,(199.64499629668265+287.8919989070058j)
4999,0.2802444220204059,(326.6050844995244-437.6487564616356j)
5000,0.28030048211682923,(-47.44630817409339-229.86459431176405j)
5001,0.2803565422132526,(248.05796607888064+372.6063201672928j)
5002,0.28041260230967596,(165.40775380867896-174.72098938374876j)
5003,0.28046866240609936,(-23.461571202133456+302.78815141781234j)
5004,0.2805247225025227,(745.283513285723-103.42853875953409j)
5005,0.2805807825989461,(-273.41851614539206-339.3413211813344j)
5006,0.2806368426953694,(-34.23138963971035+67.87435486340561j)
5007,0.2806929027917928,(851.6387257666763+37.77110247686974j)
5008,0.28074896288821616,(346.42119161996646-370.35610931999963j)
5009,0.28080502298463955,(-48.249590450724185-470.20879347267265j)
5010,0.2808610830810629,(-330.142308691683-120.66508965527387j)
5011,0.2809171431774863,(515.5494033913586+11.904388024721698j)
5012,0.2809732032739096,(-196.05546186108796+756.8282220235344j)
5013,0.281029263370333,(171.8203433493382-51.68531825737838j)
5014,0.28108532346675635,(-237.78173136331884-16.25732993807695j)
5015,0.28114138356317975,(-206.6883685320549-59.16688935017304j)
5016,0.2811974436596031,(137.80611917834503+63.28283778535359j)
5017,0.2812535037560265,(-91.18153614241194+9.895563546067843j)
5018,0.2813095638524498,(-152.3809093823834-94.72028793834423j)
5019,0.2813656239488732,(467.58643137777085+83.1975689805079j)
5020,0.28142168404529655,(191.65805096144243-759.8418156163334j)
5021,0.28147774414171994,(511.5016074713028-238.80744486810883j)
5022,0.2815338042381433,(-194.99656300455578+253.58985829925678j)
5023,0.2815898643345667,(-294.0135628465252+32.13020430307664j)
5024,0.28164592443099,(-186.2762708199429-50.77275028011727j)
5025,0.2817019845274134,(-297.3085865150848-214.68963993638968j)
5026,0.28175804462383675,(300.08053291118154-272.95995943769117j)
5027,0.28181410472026014,(-134.10815537422218-118.01023246413808j)
5028,0.2818701648166835,(381.8543114870562+9.34282480136119j)
5029,0.28192622491310687,(264.0875679167917+382.8022871191314j)
5030,0.2819822850095302,(-562.7240019344464+370.27539143251795j)
5031,0.2820383451059536,(-144.98877811407178+87.18059240400625j)
5032,0.28209440520237694,(507.28074151573793+144.06269529209882j)
5033,0.28215046529880033,(215.25314390134+175.14480608677607j)
5034,0.2822065253952237,(282.13173394012694+38.182863749174345j)
5035,0.28226258549164707,(417.8678384549295+332.8503293309279j)
5036,0.2823186455880704,(192.95737601759404-191.60208984547387j)
5037,0.2823747056844938,(-229.32051090389308+41.947719075921455j)
5038,0.28243076578091714,(-714.7016156376078-257.60873900041656j)
5039,0.28248682587734053,(-105.5673989528392+85.99543125140309j)
5040,0.28254288597376387,(-231.68730913553685-191.6386527158862j)
5041,0.28259894607018726,(2.1093570795309518+219.18970352652758j)
5042,0.2826550061666106,(-16.92842493130302+4.348019316634735j)
5043,0.282711066263034,(-27.301211581517485-4.015232324035965j)
5044,0.28276712635945733,(608.490223796497-135.45980562572936j)
5045,0.2828231864558807,(108.29907415942246-23.683643826769938j)
5046,0.28287924655230406,(-76.8388106246996-443.09015263677793j)
5047,0.28293530664872746,(-178.16756378893916+304.41156819568687j)
5048,0.2829913667451508,(385.82746706459113-2.9041014272712076j)
5049,0.2830474268415742,(-489.937978811706-80.99717860254987j)
5050,0.28310348693799753,(-484.41766358219456+331.2643990873835j)
5051,0.2831595470344209,(-407.8816961794781-105.96897396678872j)
5052,0.28321560713084426,(136.62484472974194-0.12877006376989186j)
5053,0.28327166722726765,(158.08759583285664+444.4939962920986j)
5054,0.283327727323691,(585.2182849945063-52.950500140568195j)
5055,0.2833837874201144,(442.011637632827-36.130673236031214j)
5056,0.2834398475165377,(143.34590306654016+525.6907068793097j)
5057,0.2834959076129611,(298.74744708232936+38.640505438699535j)
5058,0.28355196770938446,(50.0172089431143+383.0785113120095j)
5059,0.28360802780580785,(235.8875115295947+106.10438582554204j)
5060,0.2836640879022312,(421.7730585546575+688.6427297205364j)
5061,0.2837201479986546,(-401.24853878412614+165.66342306696538j)
5062,0.2837762080950779,(158.94146601169757+68.73071992718553j)
5063,0.2838322681915013,(111.811735651963-174.31035384132903j)
5064,0.28388832828792465,(-387.3632869428448-168.66182341121095j)
5065,0.28394438838434805,(543.7019391749394-40.890278796495096j)
5066,0.2840004484807714,(-42.25215108959593-95.82017037318144j)
5067,0.2840565085771948,(-310.02514473900203-298.4450971836928j)
5068,0.2841125686736181,(-179.3340907396948+401.0953582211205j)
5069,0.2841686287700415,(414.9768790290342+249.01103698234397j)
5070,0.28422468886646485,(-109.33422420129747-332.3746583136405j)
5071,0.28428074896288824,(-192.488206619555+64.71267078908589j)
5072,0.2843368090593116,(-131.99163438618606-266.7211685951875j)
5073,0.284392869155735,(219.6995313296229+345.8993148966962j)
5074,0.2844489292521583,(126.22033725559754-136.43703146932558j)
5075,0.2845049893485817,(105.64759584576751-613.9761252744719j)
5076,0.28456104944500504,(-700.3715381699299+26.86844314499615j)
5077,0.28461710954142844,(262.35021011625696+376.1233927567559j)
5078,0.2846731696378518,(-335.0458873833569+421.86365140330315j)
5079,0.28472922973427517,(-16.657007375873476-324.5978823383481j)
5080,0.2847852898306985,(-373.4357245931403+68.70973748366603j)
5081,0.2848413499271219,(367.36510641141183+243.38463778546534j)
5082,0.28489741002354524,(-528.7225427577276-529.1038262904681j)
5083,0.28495347011996863,(-417.3451062956433-363.329725973036j)
5084,0.28500953021639197,(440.1302426136922-50.56852257753313j)
5085,0.28506559031281536,(194.17050028377125+250.25665581670933j)
5086,0.2851216504092387,(-275.0481906884331-236.67452636888424j)
5087,0.2851777105056621,(-522.544933622888+155.00289584027826j)
5088,0.28523377060208543,(-74.21012164010291-61.35160137154398j)
5089,0.28528983069850883,(-38.50875267318786-34.284121148902j)
5090,0.28534589079493217,(-119.51812147075425-22.710922488990683j)
5091,0.28540195089135556,(393.94389721596366-419.94768227429995j)
5092,0.2854580109877789,(81.64744108047725-288.61703983070015j)
5093,0.2855140710842023,(-128.0853193890224-251.0055301773883j)
5094,0.28557013118062563,(292.69492056174795-173.73993765018406j)
5095,0.285626191277049,(116.8818507268052-247.55659791808256j)
5096,0.28568225137347236,(-18.853903477209712-396.9394820172089j)
5097,0.28573831146989576,(219.0589194049681+209.40504180327343j)
5098,0.2857943715663191,(-342.2096576257152+61.60047259882787j)
5099,0.2858504316627425,(368.62115405784-32.77403304368443j)
5100,0.2859064917591658,(-277.7210731411707-22.03925821874931j)
5101,0.2859625518555892,(139.5654057399531+563.9340366990828j)
5102,0.28601861195201256,(-180.78798236739289+21.243435896857818j)
5103,0.28607467204843595,(40.58046809490308+94.09516912089722j)
5104,0.2861307321448593,(191.72075149601318-184.87214800135402j)
5105,0.2861867922412827,(314.0067346281312-390.59292418753734j)
5106,0.286242852337706,(470.14053856435794+439.6003049779576j)
5107,0.2862989124341294,(235.01573024053602+77.33569834837033j)
5108,0.28635497253055275,(290.28108708653474+112.6756227465559j)
5109,0.28641103262697615,(-673.0787557901231+529.782043732405j)
5110,0.2864670927233995,(-285.2501734381128+133.5294961886089j)
5111,0.2865231528198229,(-42.622108064687616+289.62315681779387j)
5112,0.2865792129162462,(234.78086394169785+31.619651733743996j)
5113,0.2866352730126696,(-394.4063739662601-462.3276571128746j)
5114,0.28669133310909295,(4.191062445158622-575.3345105251752j)
5115,0.28674739320551634,(213.55156752545756+386.13568465298715j)
5116,0.2868034533019397,(298.5743191099715+55.160732194749215j)
5117,0.2868595133983631,(421.19782728699863-115.82596593061001j)
5118,0.2869155734947864,(-441.8975233809036+778.9900295527092j)
5119,0.2869716335912098,(-461.85787706539713-166.4147161170603j)
5120,0.28702769368763315,(-454.9906899541721+344.9925131372523j)
5121,0.2870837537840565,(-553.9818312485668-51.56906727869955j)
5122,0.2871398138804799,(106.34991368126038+229.00233161125985j)
5123,0.2871958739769032,(65.88052285766028+384.26470807988903j)
5124,0.2872519340733266,(9.070630735219144-72.39608416672944j)
5125,0.28730799416974995,(-136.6229081532324-831.7286394175106j)
5126,0.28736405426617334,(-456.14505887626007-14.359646349319789j)
5127,0.2874201143625967,(-291.51776750138214+78.00560047257815j)
5128,0.2874761744590201,(132.74809129041455-112.5896851363028j)
5129,0.2875322345554434,(-46.396447456321354+198.7260920070519j)
5130,0.2875882946518668,(-43.6737294291823-87.98521772905339j)
5131,0.28764435474829014,(248.87874868698958+46.027202748376126j)
5132,0.28770041484471354,(-288.5369376748862+14.161888456495653j)
5133,0.2877564749411369,(294.55095570523196-349.25190125713027j)
5134,0.28781253503756027,(-275.97116984869336+81.78674452613943j)
5135,0.2878685951339836,(215.0036459231164+27.705640482343398j)
5136,0.287924655230407,(250.05696852422392-266.59521010786335j)
5137,0.28798071532683034,(617.0263072468385+85.33228313990307j)
5138,0.28803677542325373,(-191.27988581726697+246.2210782450668j)
5139,0.28809283551967707,(469.8964118994788-457.03874472998115j)
5140,0.28814889561610046,(793.1402417366852+58.96003804615489j)
5141,0.2882049557125238,(65.50618489522694-167.84810589944325j)
5142,0.2882610158089472,(19.59896573422676+60.658852216678j)
5143,0.28831707590537053,(34.989237353795716+177.92120233182897j)
5144,0.28837313600179393,(-298.22063404113374-795.474669796256j)
5145,0.28842919609821727,(-326.5533553997424+193.89920054377217j)
5146,0.28848525619464066,(-1.372878560615149+341.8974956483967j)
5147,0.288541316291064,(-454.5136457595337+318.3035942951367j)
5148,0.2885973763874874,(395.8073826958637+702.4851465294947j)
5149,0.28865343648391073,(-326.7235637434868+115.10606518263398j)
5150,0.2887094965803341,(157.79795151034685-179.86148299053548j)
5151,0.28876555667675746,(538.1274824370126+616.7809840572736j)
5152,0.28882161677318086,(-136.52013585763362-85.61640376384238j)
5153,0.2888776768696042,(520.8093135711574+270.4418210015034j)
5154,0.2889337369660276,(623.1005603550688-67.7942038503223j)
5155,0.2889897970624509,(-663.6267656600346+42.040480531433104j)
5156,0.2890458571588743,(442.8581278135746+644.8546716199057j)
5157,0.28910191725529766,(813.5736858168565-7.035123744341291j)
5158,0.28915797735172105,(-163.94351512634626-46.44557066257266j)
5159,0.2892140374481444,(-281.1269289544714+145.83731256468548j)
5160,0.2892700975445678,(11.319631161343617-0.07080917012813082j)
5161,0.2893261576409911,(348.36270624993193-435.43529395830683j)
5162,0.2893822177374145,(-85.80020202657823+278.2077778313758j)
5163,0.28943827783383785,(4.089570117075866-297.2410375808298j)
5164,0.28949433793026125,(-283.7062378306675-7.124837539859236j)
5165,0.2895503980266846,(-92.11789465639217-167.9075964558153j)
5166,0.289606458123108,(514.7839174052538-149.48547345290007j)
5167,0.2896625182195313,(-83.36985065186522-59.485462958481754j)
5168,0.2897185783159547,(53.380244100907774-6.8594232720636334j)
5169,0.28977463841237805,(-89.3332305590678-131.54471662199296j)
5170,0.28983069850880144,(-154.32414549431425-264.7444242031155j)
5171,0.2898867586052248,(-209.8211032697737+740.8428311526791j)
5172,0.2899428187016482,(-610.947263005445+622.478559829245j)
5173,0.2899988787980715,(-258.78018733483304+193.47656798199262j)
5174,0.2900549388944949,(296.59695876131156-451.3052314141919j)
5175,0.29011099899091825,(224.40556031242082+152.38507428586826j)
5176,0.29016705908734164,(-68.05039888811459-200.5181779655096j)
5177,0.290223119183765,(-62.68751271819579-215.97968433316342j)
5178,0.29027917928018837,(127.45973495909124-463.67268616533534j)
5179,0.2903352393766117,(138.3349999111129-749.6746248501721j)
5180,0.2903912994730351,(145.78487147651214+83.86648238023403j)
5181,0.29044735956945844,(-9.464670125027009+42.14204819520788j)
5182,0.29050341966588183,(-203.70314505464313+44.89530875974034j)
5183,0.2905594797623052,(-36.1983595580037+410.3411622979035j)
5184,0.29061553985872857,(547.9123196391035-68.41966309245814j)
5185,0.2906715999551519,(-149.9276533833493-329.9900406193799j)
5186,0.2907276600515753,(-148.13419279994346+96.45231612585528j)
5187,0.29078372014799864,(-218.77389972841524-59.61947336882564j)
5188,0.29083978024442203,(20.367196280046002+40.572937181668j)
5189,0.29089584034084537,(-18.668991980345936-373.5394037153436j)
5190,0.29095190043726876,(310.7149837777432+106.47878947801608j)
5191,0.2910079605336921,(-174.61986715976659+139.8709615703453j)
5192,0.2910640206301155,(668.3297178276341+365.55300161659875j)
5193,0.29112008072653883,(303.32276301411315-128.4014946870818j)
5194,0.2911761408229622,(-60.66776368109213+281.7715699593557j)
5195,0.29123220091938556,(-1097.7381118303376+35.14729866653289j)
5196,0.29128826101580896,(-285.9077160119696+524.2709863800048j)
5197,0.2913443211122323,(403.91358918438664+172.11074093588354j)
5198,0.2914003812086557,(-338.3044124905422-379.61861198973963j)
5199,0.29145644130507903,(219.0638725825135+434.13206834717016j)
5200,0.2915125014015024,(-103.07693539585837+187.5796320264726j)
5201,0.29156856149792576,(-143.0429291800163+133.03646889153583j)
5202,0.29162462159434915,(-227.50420631016542+142.9422854738247j)
5203,0.2916806816907725,(-180.11578183559007+4.850059619112791j)
5204,0.2917367417871959,(49.58160719677291+59.54677905628556j)
5205,0.2917928018836192,(-311.15544583145936+81.14591248441032j)
5206,0.2918488619800426,(131.96753155820375+83.78902798653688j)
5207,0.29190492207646596,(149.18378232889845-208.78997687425198j)
5208,0.29196098217288935,(-1044.596607389867+237.1687487413505j)
5209,0.2920170422693127,(601.1389314636938+601.4020704437847j)
5210,0.2920731023657361,(182.42455566628365-260.3297792755435j)
5211,0.2921291624621594,(-623.9508702477568+18.383604781634972j)
5212,0.2921852225585828,(-125.96485965451666-256.0628181217054j)
5213,0.29224128265500615,(-77.41283428163723+239.59359816757257j)
5214,0.29229734275142955,(179.61267493239203+11.002277011302741j)
5215,0.2923534028478529,(142.91503054712075-280.9084950790078j)
5216,0.2924094629442763,(-28.46499500473284-278.6268688710457j)
5217,0.2924655230406996,(395.21501814610764+110.66750870252824j)
5218,0.292521583137123,(-20.132551170854832-170.37239052009267j)
5219,0.29257764323354635,(65.18292198428026-76.70367751539963j)
5220,0.29263370332996974,(-202.474216002139-317.35068307111356j)
5221,0.2926897634263931,(-294.0002464684358+288.99257564930014j)
5222,0.2927458235228165,(147.2162572611366+76.52644019671044j)
5223,0.2928018836192398,(-296.4814445775504-348.410524711809j)
5224,0.2928579437156632,(-50.71416213985043+646.4213983178885j)
5225,0.29291400381208654,(267.9992011852451-35.76262088631664j)
5226,0.29297006390850994,(294.61585975196755-63.70546649087647j)
5227,0.2930261240049333,(-98.16959107382095-290.9397096830372j)
5228,0.29308218410135667,(375.77797922947565+253.0342568443936j)
5229,0.29313824419778,(43.211301493589346-3.1848713996709357j)
5230,0.2931943042942034,(-254.6653652566613-362.3376631676669j)
5231,0.29325036439062674,(-295.091522012386-224.87293623003603j)
5232,0.29330642448705013,(-471.37814938562315+170.34138031002908j)
5233,0.29336248458347347,(638.7468742428617-153.82009426597168j)
5234,0.29341854467989686,(272.89107480310025-363.4995744131206j)
5235,0.2934746047763202,(272.21335096758435-430.4260746149844j)
5236,0.2935306648727436,(-105.3460358705232-177.15980702986985j)
5237,0.29358672496916693,(-87.30515242189313-156.2890951284031j)
5238,0.29364278506559033,(-430.3795440117905-241.88773890970748j)
5239,0.29369884516201367,(207.51532013674142-257.2156199082447j)
5240,0.29375490525843706,(-519.8494461730693+297.31566909343246j)
5241,0.2938109653548604,(141.21478374073024-109.07851631253578j)
5242,0.2938670254512838,(414.8080938474843+129.7563538539161j)
5243,0.29392308554770713,(-472.1917708757204+130.37217024026347j)
5244,0.2939791456441305,(-56.437512948258686+201.29300325043835j)
5245,0.29403520574055386,(-175.6405669420172+737.1086483256008j)
5246,0.29409126583697726,(-201.61144522478676+80.28333049898404j)
5247,0.2941473259334006,(385.2207652817027+360.4183047040831j)
5248,0.294203386029824,(-503.5490279210233+159.12802825868255j)
5249,0.2942594461262473,(-273.2032919068044+110.1384592881723j)
5250,0.2943155062226707,(-81.1713245407239-159.65646697274602j)
5251,0.29437156631909406,(12.988738767177622-28.374792863165663j)
5252,0.29442762641551745,(-419.6802787928517+386.68493581668235j)
5253,0.2944836865119408,(-252.85409108894532+492.06675284998414j)
5254,0.2945397466083642,(320.5538205858877+375.0723116096486j)
5255,0.2945958067047875,(303.2937148950152+381.3178614238538j)
5256,0.2946518668012109,(32.97354253843294-203.79713610349745j)
5257,0.29470792689763425,(-1.0261366342434606-58.646553464712596j)
5258,0.29476398699405765,(313.45221301827314-2.905172455495091j)
5259,0.294820047090481,(142.0635196502715+38.408859725830894j)
5260,0.2948761071869044,(261.258055631091+104.1414293784954j)
5261,0.2949321672833277,(140.7620681779209+59.14179217406673j)
5262,0.2949882273797511,(-386.2184378627892-38.29422960836857j)
5263,0.29504428747617445,(-779.2897657372524+514.8210803184563j)
5264,0.29510034757259784,(-165.60634129258838-217.27841389752598j)
5265,0.2951564076690212,(421.1752740414221-222.46566764093168j)
5266,0.2952124677654446,(65.79324151026425-46.81260421181498j)
5267,0.2952685278618679,(-368.3330433548376-392.4202042036187j)
5268,0.2953245879582913,(-334.774450498371-152.30284057970601j)
5269,0.29538064805471465,(-312.52655931121166-251.17070670551507j)
5270,0.29543670815113804,(-145.43767083714732-216.51186150809514j)
5271,0.2954927682475614,(702.1593386097514+221.2047447057024j)
5272,0.29554882834398477,(161.19756993536384+34.50225927177213j)
5273,0.2956048884404081,(-170.18091729631402-391.21468837786466j)
5274,0.2956609485368315,(192.50380984845623-286.72937989983296j)
5275,0.29571700863325484,(185.62971844264592-101.03779435742622j)
5276,0.29577306872967823,(-374.84824402676844-92.26188403720494j)
5277,0.2958291288261016,(-274.59723312604905-278.43923730031776j)
5278,0.29588518892252497,(241.82616779048328-350.6348605694662j)
5279,0.2959412490189483,(-205.489603487377-238.17330753240802j)
5280,0.2959973091153717,(-248.7423556259812-244.35500658234952j)
5281,0.29605336921179504,(-126.24194588377372-96.70346857430187j)
5282,0.29610942930821843,(-427.3541433888392-378.8138429841668j)
5283,0.29616548940464177,(130.1729330918401-367.3758418034879j)
5284,0.29622154950106516,(-22.361805517099512+264.28044638026176j)
5285,0.2962776095974885,(115.3269030633967-145.51344967490965j)
5286,0.2963336696939119,(83.52704907409053-0.898364538850732j)
5287,0.29638972979033523,(168.1945752191726-362.1658836053411j)
5288,0.2964457898867586,(706.4972023490226-119.50934892470661j)
5289,0.29650184998318196,(-835.2825105124333-564.0876021711038j)
5290,0.29655791007960536,(-63.1087021813659-156.448996201895j)
5291,0.2966139701760287,(481.63609223699007-240.44771561457216j)
5292,0.2966700302724521,(-21.94411738923908-412.0483542962977j)
5293,0.29672609036887543,(127.97838912296795+340.6163802033166j)
5294,0.2967821504652988,(-324.96590061805813+683.5415502592548j)
5295,0.29683821056172216,(-213.12075951054769-169.36875181222555j)
5296,0.29689427065814555,(-369.5410434595765-130.96954078518687j)
5297,0.2969503307545689,(60.651649207572795-700.2308193556081j)
5298,0.2970063908509923,(-538.6392420517681-516.233098519505j)
5299,0.2970624509474156,(716.6218060003697-129.77993632053193j)
5300,0.297118511043839,(430.3334598612891-108.31023085388216j)
5301,0.29717457114026236,(-609.1319045719517+239.79781475423925j)
5302,0.29723063123668575,(-610.7217410396147+882.8179771810479j)
5303,0.2972866913331091,(-245.86262391432913+667.2721779182086j)
5304,0.2973427514295325,(39.12475357537275+590.9801418210192j)
5305,0.2973988115259558,(129.31581622966-73.73358559530043j)
5306,0.2974548716223792,(207.48067314654813+147.46484539083391j)
5307,0.29751093171880255,(44.33335450669733-129.3611942472691j)
5308,0.29756699181522595,(404.05972591188026+51.7775675738798j)
5309,0.2976230519116493,(292.60190378401177+208.85727931820594j)
5310,0.2976791120080727,(-236.3888776815037-64.78207628088833j)
5311,0.297735172104496,(-360.5720414133855-445.48205579686623j)
5312,0.2977912322009194,(216.59427760726194-44.79824319242745j)
5313,0.29784729229734275,(-319.6242221918098-344.6946013380408j)
5314,0.29790335239376614,(-417.5742573171244-245.21771536913428j)
5315,0.2979594124901895,(122.59595405025269-595.6072363364971j)
5316,0.2980154725866129,(384.22603582104716-313.6923037428703j)
5317,0.2980715326830362,(-300.06232301480026-223.39784640861527j)
5318,0.2981275927794596,(288.9249176899034+158.91913773933683j)
5319,0.29818365287588294,(496.6040669423994+277.13050861780334j)
5320,0.29823971297230634,(-576.8427863256597+576.3379277262061j)
5321,0.2982957730687297,(-88.62076626391456+522.4169327064487j)
5322,0.29835183316515307,(408.3045444256781+46.92035182497085j)
5323,0.2984078932615764,(-142.40880538762613+204.46966130810884j)
5324,0.2984639533579998,(224.10378853488652+36.085212525532654j)
5325,0.29852001345442314,(-39.005841305675375-393.64861446930945j)
5326,0.29857607355084653,(28.57759263850795+105.84811373125368j)
5327,0.29863213364726987,(655.640463027599-623.7264567098199j)
5328,0.29868819374369326,(-195.9380186926051+304.6577224682338j)
5329,0.2987442538401166,(0.8375046631545402+169.56440759259004j)
5330,0.29880031393654,(134.14340568449154-182.50781566916135j)
5331,0.29885637403296333,(-616.5802729825259-232.2348686678645j)
5332,0.29891243412938673,(16.956184098606542-378.8203782950445j)
5333,0.29896849422581007,(-487.3673513130956-28.016668032262984j)
5334,0.29902455432223346,(143.54428702676847-78.44372690692056j)
5335,0.2990806144186568,(-495.8205431588398-47.06188968744223j)
5336,0.2991366745150802,(209.75698091034963-23.725843043529963j)
5337,0.29919273461150353,(151.86931194713657+78.33320986359936j)
5338,0.2992487947079269,(-351.2367258095325-542.5377775250805j)
5339,0.29930485480435026,(-224.6350045619103-127.87286757859049j)
5340,0.29936091490077366,(46.99328163380129-310.4870847544338j)
5341,0.299416974997197,(478.9649965439935+147.6525782880483j)
5342,0.2994730350936204,(100.22773874448393+348.5304106000619j)
5343,0.2995290951900437,(-120.9431949712165+251.5463191702222j)
5344,0.2995851552864671,(418.0341914206942-467.492243689058j)
5345,0.29964121538289046,(-382.74825294023765-603.524029057412j)
5346,0.29969727547931385,(60.43212149464863-19.61206568073375j)
5347,0.2997533355757372,(336.04822478735036-126.27833802632242j)
5348,0.2998093956721606,(-51.632983079165314-46.021828336809506j)
5349,0.2998654557685839,(389.9762142748516-8.895251535535085j)
5350,0.2999215158650073,(270.8021860970101+88.76416809726787j)
5351,0.29997757596143065,(-308.28874116059046+338.5013853061166j)
5352,0.30003363605785405,(-285.6520344874257-101.74013464019548j)
5353,0.3000896961542774,(-20.058387180281585+172.0786828439007j)
5354,0.3001457562507008,(437.38604675028733-324.6792864051164j)
5355,0.3002018163471241,(-238.97253252194173+51.646518888366046j)
5356,0.3002578764435475,(-199.44109177644327-33.09100752657736j)
5357,0.30031393653997085,(-5.90606237811582+512.7418179640928j)
5358,0.30036999663639424,(-157.11020457864572+392.36445106367336j)
5359,0.3004260567328176,(-280.80573613899367+224.8245206635442j)
5360,0.300482116829241,(-144.7564578134281-333.0635305057105j)
5361,0.3005381769256643,(-4.6904526778432825-196.39602736897479j)
5362,0.3005942370220877,(232.6554482352725+114.73720181579046j)
5363,0.30065029711851105,(-126.2843038514693+98.14871541732121j)
5364,0.30070635721493444,(289.9650057515985-676.783930675925j)
5365,0.3007624173113578,(-223.5516892189467+579.1208423744342j)
5366,0.30081847740778117,(-272.87594162313917-226.32859400858314j)
5367,0.3008745375042045,(344.5515685657121+238.32952819008426j)
5368,0.3009305976006279,(259.5530119062628+449.7741543374975j)
5369,0.30098665769705124,(78.4272903847299-59.57729670624874j)
5370,0.30104271779347463,(-222.15616524834468-154.70371329436708j)
5371,0.301098777889898,(265.2667882547292+299.12710560005337j)
5372,0.30115483798632137,(-75.56618193139745-45.25867888316917j)
5373,0.3012108980827447,(161.31980857215123-8.458111826018289j)
5374,0.3012669581791681,(-284.26250651047735+62.530221087120246j)
5375,0.30132301827559144,(-17.41707582518039-370.52244430981904j)
5376,0.30137907837201483,(-78.71774065031943+401.3007493703328j)
5377,0.30143513846843817,(-15.361973221982751+257.5915553443711j)
5378,0.3014911985648615,(2.31340219342313+164.80276469420258j)
5379,0.3015472586612849,(-132.55637211871723+210.3164259411244j)
5380,0.30160331875770824,(592.1684701910151-85.80736757682459j)
5381,0.30165937885413163,(-377.38652857769563-388.51146210327704j)
5382,0.30171543895055497,(218.06017260949955+37.332017362765995j)
5383,0.30177149904697836,(-134.94297845533737+360.3777644334508j)
5384,0.3018275591434017,(199.23580931771593+467.04241159463993j)
5385,0.3018836192398251,(-36.01933631884093+8.10387761287545j)
5386,0.30193967933624843,(-277.06740721796973-527.1252185095979j)
5387,0.30199573943267183,(220.9450422174586+7.581393058140705j)
5388,0.30205179952909517,(-247.2930178984209+109.34673752575736j)
5389,0.30210785962551856,(17.927157398479018-213.7090365214099j)
5390,0.3021639197219419,(167.3555573689455-135.93811368421143j)
5391,0.3022199798183653,(-222.1908082944461-225.05228061089292j)
5392,0.30227603991478863,(-434.0678361763124+305.2962137840037j)
5393,0.302332100011212,(-442.1737847311264-517.4902882361373j)
5394,0.30238816010763536,(131.16367510888142-263.0343557998406j)
5395,0.30244422020405876,(-434.3192419329347-189.7026607719574j)
5396,0.3025002803004821,(85.25012609443272-353.06197387342644j)
5397,0.3025563403969055,(32.58137669954247-203.2520893828048j)
5398,0.3026124004933288,(-322.8463828384426-41.61173111176969j)
5399,0.3026684605897522,(183.89535729864116+554.708031919879j)
5400,0.30272452068617556,(311.7627868175293+607.485204020909j)
5401,0.30278058078259895,(84.7262125868841+105.24742472401564j)
5402,0.3028366408790223,(95.33969224909262+116.91892424338688j)
5403,0.3028927009754457,(401.2471428389367-242.14049549847317j)
5404,0.302948761071869,(202.60519923205834-491.6320050115685j)
5405,0.3030048211682924,(-316.46957800061654-314.95751499286547j)
5406,0.30306088126471575,(-130.39099091159315+86.42494659302967j)
5407,0.30311694136113915,(-102.20115234575674-311.2835258149042j)
5408,0.3031730014575625,(-411.23979714385604-159.56766012327225j)
5409,0.3032290615539859,(-475.3658302972518-375.9935608202461j)
5410,0.3032851216504092,(115.36307902875377+255.2568817969473j)
5411,0.3033411817468326,(231.24349477713977+243.50233490891654j)
5412,0.30339724184325595,(-276.50928552912933+403.36478804958847j)
5413,0.30345330193967934,(373.87948672913535-506.997074430258j)
5414,0.3035093620361027,(-951.0583690842572+167.14300320675852j)
5415,0.3035654221325261,(-128.88123934825046+449.2285528121978j)
5416,0.3036214822289494,(-72.1140376096537+82.27894317727517j)
5417,0.3036775423253728,(-310.69164656594205-351.4955212217481j)
5418,0.30373360242179614,(-101.49045339602398-13.614862004503706j)
5419,0.30378966251821954,(-100.43638817880047-315.16202675517405j)
5420,0.3038457226146429,(-90.50785384898107-296.68936345914244j)
5421,0.30390178271106627,(-231.32612445140524+331.99982642868054j)
5422,0.3039578428074896,(-64.34773857575283+429.4525025310205j)
5423,0.304013902903913,(-179.26237761364246+284.5431759424262j)
5424,0.30406996300033634,(-96.38331394049992-308.6200747208026j)
5425,0.30412602309675973,(-237.24937616458558+521.8556387737166j)
5426,0.3041820831931831,(271.9937320981454-124.95079942962285j)
5427,0.30423814328960647,(-709.7947528530233-103.48471861210251j)
5428,0.3042942033860298,(100.22963069890001-264.50095179822006j)
5429,0.3043502634824532,(-131.64665391589608+126.20228290991452j)
5430,0.30440632357887654,(-132.06879055817643-53.6978557137776j)
5431,0.30446238367529993,(-526.9242477605532-189.3776788566173j)
5432,0.30451844377172327,(362.8189025148727-681.360384061514j)
5433,0.30457450386814666,(-131.9690093783057+374.7292890988607j)
5434,0.30463056396457,(-468.8104083147562+218.35049922712025j)
5435,0.3046866240609934,(473.00465807796843+226.0743504981399j)
5436,0.30474268415741673,(-909.7680276526988+153.4845044411328j)
5437,0.3047987442538401,(-333.523648398042-208.61458353641902j)
5438,0.30485480435026346,(2.356328838073786+44.040376971095284j)
5439,0.30491086444668686,(416.26376793357196-37.57648072201968j)
5440,0.3049669245431102,(-96.26581028016138+269.4384849790399j)
5441,0.3050229846395336,(-344.17282211095727+36.42038199780943j)
5442,0.30507904473595693,(-315.5118856469543-476.6139231058027j)
5443,0.3051351048323803,(-135.22144569984232-371.7222711119129j)
5444,0.30519116492880366,(3.5790449221317946-113.20545416238079j)
5445,0.30524722502522705,(68.70906704688494-92.51534722735701j)
5446,0.3053032851216504,(-96.78016289240723+225.71697102228634j)
5447,0.3053593452180738,(-75.36727653465388-547.8974278595009j)
5448,0.3054154053144971,(-210.9844450076057+280.65198574281396j)
5449,0.3054714654109205,(-322.0530903858507+678.3985546789456j)
5450,0.30552752550734386,(-94.91184792351865-26.03076720767587j)
5451,0.30558358560376725,(605.3931253673899-177.23044832274448j)
5452,0.3056396457001906,(-60.951971469882814+175.6644016548491j)
5453,0.305695705796614,(-111.41181235659697+88.9153211213614j)
5454,0.3057517658930373,(187.0117945884911-123.58433669963875j)
5455,0.3058078259894607,(-69.82207966540199+123.20066796410055j)
5456,0.30586388608588405,(89.51557153289906-796.1319683206171j)
5457,0.30591994618230745,(462.7353247073395-202.55968956017708j)
5458,0.3059760062787308,(-219.49666181595944-34.72839158708924j)
5459,0.3060320663751542,(45.84274546524184+269.5250351921015j)
5460,0.3060881264715775,(263.60958766534907+195.52530804395235j)
5461,0.3061441865680009,(177.06639178115898+487.15478017413454j)
5462,0.30620024666442425,(163.47792404708886-984.919442317964j)
5463,0.30625630676084764,(87.80390244547009+407.95373085630945j)
5464,0.306312366857271,(-449.5728958675861+47.07604914951125j)
5465,0.3063684269536944,(-343.58849263468124-95.08858844009023j)
5466,0.3064244870501177,(741.1928159413136+257.0803474197492j)
5467,0.3064805471465411,(-482.9681178492547+17.42849891719448j)
5468,0.30653660724296444,(-84.24005985574954+354.3239280712057j)
5469,0.30659266733938784,(637.7832426087309-343.34512543654034j)
5470,0.3066487274358112,(-653.3589086380948-450.3463635778297j)
5471,0.30670478753223457,(147.28282180621838+103.85378348762825j)
5472,0.3067608476286579,(342.0856159894801-58.13828514650766j)
5473,0.3068169077250813,(61.47704447756263-739.4483417773959j)
5474,0.30687296782150464,(-112.14912047802699+15.217136693472916j)
5475,0.30692902791792803,(1.6618564750599703+206.168763476836j)
5476,0.30698508801435137,(179.12910855439293-299.2524752883759j)
5477,0.30704114811077476,(273.0421318745784-242.6154269735555j)
5478,0.3070972082071981,(302.90477902155203-158.00097701615584j)
5479,0.3071532683036215,(-190.0371022774373-14.669305777811566j)
5480,0.30720932840004483,(-243.79478877175157-121.94721423172729j)
5481,0.30726538849646823,(422.6546323361012+112.11260418675127j)
5482,0.30732144859289157,(400.95110629456053-291.8887423590113j)
5483,0.30737750868931496,(126.85289618627345+123.13528015128588j)
5484,0.3074335687857383,(-290.99225768663047+311.5389016917437j)
5485,0.3074896288821617,(-38.7915961897793+367.85905147405424j)
5486,0.30754568897858503,(-21.995468145226837-25.94098004882493j)
5487,0.3076017490750084,(-190.78056463428754-548.8850454773926j)
5488,0.30765780917143176,(463.9670575955984+41.478790787016464j)
5489,0.30771386926785516,(-488.6214683083962-115.99854850320901j)
5490,0.3077699293642785,(56.53913597525954+495.5319115677619j)
5491,0.3078259894607019,(307.76165767688997+101.08339763133719j)
5492,0.3078820495571252,(-288.8569651757307-610.1643491147883j)
5493,0.3079381096535486,(-435.14554377829376+124.2682864216003j)
5494,0.30799416974997196,(43.89255493700604+75.69892621919722j)
5495,0.30805022984639535,(-99.27799577537596-410.31151125884696j)
5496,0.3081062899428187,(206.75233473977602-200.24236098278857j)
5497,0.3081623500392421,(-224.15956327697603-347.3765941818755j)
5498,0.3082184101356654,(-315.9176841786094+197.39876084593504j)
5499,0.3082744702320888,(-172.58342020466003+78.66329594352949j)
5500,0.30833053032851215,(-277.9430957229953-40.17058495361238j)
5501,0.30838659042493555,(-182.67774324908416-97.32556695940596j)
5502,0.3084426505213589,(-452.6579829285465-200.47092528142088j)
5503,0.3084987106177823,(626.9334225953642+189.3156510554272j)
5504,0.3085547707142056,(236.93671277433728-58.04909779243293j)
5505,0.308610830810629,(392.8881311647705-184.5229324819818j)
5506,0.30866689090705235,(-44.50232636948377+450.7952803074977j)
5507,0.30872295100347574,(-152.5805703795846-367.57197398710184j)
5508,0.3087790110998991,(257.93154197023813+206.35520819767788j)
5509,0.3088350711963225,(-448.101555690485-54.336194040034584j)
5510,0.3088911312927458,(255.00812533983049+217.66967675967842j)
5511,0.3089471913891692,(419.69647022682454+187.79666946559075j)
5512,0.30900325148559254,(-188.2891079148313+561.9430868115556j)
5513,0.30905931158201594,(101.73144646012815+217.86947244163514j)
5514,0.3091153716784393,(303.3912827547303-178.74298784960644j)
5515,0.30917143177486267,(-187.49218579595788+190.44861128026685j)
5516,0.309227491871286,(-225.17289418046076-610.253815028914j)
5517,0.3092835519677094,(256.6138211664398+70.20679758208236j)
5518,0.30933961206413274,(167.1013035686867+163.7101636233351j)
5519,0.30939567216055613,(176.73698006855454-397.34767330377343j)
5520,0.3094517322569795,(241.4785523166179-55.839372334343906j)
5521,0.30950779235340287,(-389.1281799882743+153.72030887912246j)
5522,0.3095638524498262,(841.3724243610231-317.8732760356054j)
5523,0.3096199125462496,(-196.51500059713558-45.36150362343729j)
5524,0.30967597264267294,(-214.28953089306512+281.1523907870486j)
5525,0.30973203273909633,(34.69569767755402+393.8163221402865j)
5526,0.30978809283551967,(-320.54826526991667+337.28754228173784j)
5527,0.30984415293194306,(123.52413077097295+230.56922253614806j)
5528,0.3099002130283664,(-501.97494153999-223.23897414446546j)
5529,0.3099562731247898,(152.58141854471086+385.95657682476946j)
5530,0.31001233322121313,(-108.10236285146162+439.8852642510726j)
5531,0.3100683933176365,(61.70491177760162-781.3606906574672j)
5532,0.31012445341405986,(-662.1943135666828+350.0496041825902j)
5533,0.31018051351048326,(77.13221357216779-480.0865579610522j)
5534,0.3102365736069066,(72.54666571752861+350.93360409041117j)
5535,0.31029263370333,(-320.6680110652837+43.21864065253664j)
5536,0.31034869379975333,(238.7957340881426+43.957995038899554j)
5537,0.3104047538961767,(306.0946961062338-222.92398404352056j)
5538,0.31046081399260006,(480.2367347271013-30.271066026383778j)
5539,0.31051687408902345,(358.73918264219907+428.40040785735494j)
5540,0.3105729341854468,(269.77141832812083+221.0871131710975j)
5541,0.3106289942818702,(-208.16909798309734+98.387883799776j)
5542,0.3106850543782935,(-269.6282446543306-176.7448472611933j)
5543,0.3107411144747169,(-305.53810898655064-449.23848869348217j)
5544,0.31079717457114026,(-24.686736208179475-424.62010933969253j)
5545,0.31085323466756365,(248.7785772846729+307.7890902511235j)
5546,0.310909294763987,(78.82465598893143+351.1561086556321j)
5547,0.3109653548604104,(-77.89446125328851+436.04873965390425j)
5548,0.3110214149568337,(-374.37101310461173+149.75971246347413j)
5549,0.3110774750532571,(-614.054256164124-264.538895770934j)
5550,0.31113353514968045,(157.2830104503895-181.6252977638123j)
5551,0.31118959524610385,(-369.9702694228981-391.14906576810415j)
5552,0.3112456553425272,(-326.2329773606724+429.92421291126556j)
5553,0.3113017154389506,(597.166859466934-432.458252681669j)
5554,0.3113577755353739,(-234.25314565435855+100.6059905724377j)
5555,0.3114138356317973,(-211.87836143990438+199.69159856732523j)
5556,0.31146989572822065,(159.07471815841527-449.82495754776306j)
5557,0.31152595582464404,(18.697498026245285+208.5565496523978j)
5558,0.3115820159210674,(181.5681713081981-357.3102144848151j)
5559,0.3116380760174908,(200.87655255610053-68.74872408402577j)
5560,0.3116941361139141,(353.2701868965126+381.0654783472443j)
5561,0.3117501962103375,(-448.90505310245453-170.9635370261306j)
5562,0.31180625630676084,(-195.03792474818565+632.7088697156648j)
5563,0.31186231640318424,(-323.45185673272744-331.6671078681934j)
5564,0.3119183764996076,(-75.6893509398378-525.4267750196651j)
5565,0.31197443659603097,(-162.6984246420748-44.080298132467156j)
5566,0.3120304966924543,(-308.5449615173342-80.48589378158646j)
5567,0.3120865567888777,(194.23307999937543-138.5872399524082j)
5568,0.31214261688530104,(258.86096990820533-37.64480564265801j)
5569,0.31219867698172443,(658.6351109310717+47.59502524989088j)
5570,0.31225473707814777,(-414.42716124740394-434.174878125333j)
5571,0.31231079717457116,(434.50619146349857+342.3528092276313j)
5572,0.3123668572709945,(-216.33197087895454+28.657520018861202j)
5573,0.3124229173674179,(-118.01043588985848-160.04945315353692j)
5574,0.31247897746384123,(-261.18667178443235+540.7190862456068j)
5575,0.31253503756026463,(-313.4247940402371-489.5362682334428j)
5576,0.31259109765668797,(-64.79865161664458+559.3757962875081j)
5577,0.31264715775311136,(-88.00732032490004-68.69725468653702j)
5578,0.3127032178495347,(-352.553583541708-59.603492144190994j)
5579,0.3127592779459581,(-357.7796565070098-167.77205745171847j)
5580,0.31281533804238143,(329.67792765845496-100.61902872084305j)
5581,0.3128713981388048,(176.65027935009482-558.1562924134927j)
5582,0.31292745823522816,(497.5379922108608+153.93279844193034j)
5583,0.31298351833165156,(155.07951381345094+381.82784325722525j)
5584,0.3130395784280749,(-258.59931702944533-73.04138501650881j)
5585,0.3130956385244983,(-361.0299815118816+38.95573714178279j)
5586,0.3131516986209216,(395.06032960672326-329.60054550325174j)
5587,0.313207758717345,(493.87336732785604+712.7784482606403j)
5588,0.31326381881376836,(312.22546226684494-167.29077858691818j)
5589,0.31331987891019175,(138.45328806334095-44.86586674781938j)
5590,0.3133759390066151,(-205.33528060934853+153.9116003938051j)
5591,0.3134319991030385,(-119.54824340720306-293.8963139213229j)
5592,0.3134880591994618,(579.9506983225563-281.4670032141238j)
5593,0.3135441192958852,(364.8337277778967-349.55068168821396j)
5594,0.31360017939230855,(435.8714480647267+13.645464263611217j)
5595,0.31365623948873195,(-19.112537710621098-127.44995835882601j)
5596,0.3137122995851553,(-90.57879248256421+119.43498243776517j)
5597,0.3137683596815787,(-435.4782919259437-242.3769122687619j)
5598,0.313824419778002,(-72.15203551599515-323.0374258484251j)
5599,0.3138804798744254,(-477.479978298207+81.73985909186806j)
5600,0.31393653997084875,(149.92979294182953-212.66290904061952j)
5601,0.31399260006727214,(-161.2591591210815-417.6626983084998j)
5602,0.3140486601636955,(7.986659917895679-603.2839304502577j)
5603,0.3141047202601189,(310.5720292086327-143.83972253478515j)
5604,0.3141607803565422,(-247.44667498473484-312.50954695463577j)
5605,0.3142168404529656,(-16.315815897786933-323.75710854693193j)
5606,0.31427290054938894,(301.71816447147916-452.16842535224146j)
5607,0.31432896064581234,(65.13908196472516+313.0862883159423j)
5608,0.3143850207422357,(327.95506274792524+96.86349913703432j)
5609,0.31444108083865907,(65.36428615094611+186.7118741509742j)
5610,0.3144971409350824,(16.279221960798566-539.6443559172913j)
5611,0.3145532010315058,(-637.8290381563276+201.9574953730678j)
5612,0.31460926112792914,(62.363715319858315-90.07596875605857j)
5613,0.31466532122435253,(623.2941659218511+549.5309104497688j)
5614,0.3147213813207759,(-477.3842313787051-252.61808984307856j)
5615,0.31477744141719927,(243.4146797624116-256.5687390453553j)
5616,0.3148335015136226,(412.9490538479104+249.88543679886834j)
5617,0.314889561610046,(120.20854999372727-274.7325072757302j)
5618,0.31494562170646934,(208.82389940343018-274.7353404824369j)
5619,0.31500168180289273,(567.12863644045+27.18177554018127j)
5620,0.31505774189931607,(-205.29775273006544-59.79291349459978j)
5621,0.31511380199573946,(142.2821151751741-156.95824616319806j)
5622,0.3151698620921628,(-65.33920079813699-53.70460138840312j)
5623,0.3152259221885862,(-26.305367727340766+205.25148870866562j)
5624,0.31528198228500953,(307.1490778195252+130.7560999629896j)
5625,0.3153380423814329,(15.314223526113224+251.01947763311009j)
5626,0.31539410247785626,(-172.85647075352261-266.0489455850798j)
5627,0.31545016257427966,(-156.47428146662165-142.50528481726542j)
5628,0.315506222670703,(-603.2971302218422-87.55337960091629j)
5629,0.3155622827671264,(-109.83704456706946-142.2339536757029j)
5630,0.31561834286354973,(-51.09984002244707+178.71329127436022j)
5631,0.3156744029599731,(152.6567680595767-13.445945021937469j)
5632,0.31573046305639646,(-212.51082613831372+547.6002060585814j)
5633,0.3157865231528198,(160.47281945022146+80.91936587235972j)
5634,0.3158425832492432,(93.03739069088252+70.85838053490374j)
5635,0.31589864334566653,(-1.8002138216703258-255.3104597157884j)
5636,0.3159547034420899,(420.569964821406+445.6367458181141j)
5637,0.31601076353851326,(-48.62644549813048-60.88376432769874j)
5638,0.31606682363493666,(-278.02175273735213+207.19729727141504j)
5639,0.31612288373136,(19.80183242731463+28.847973489442516j)
5640,0.3161789438277834,(227.23213092286858+412.09679924034486j)
5641,0.3162350039242067,(-99.74237556799267+318.02074273373603j)
5642,0.3162910640206301,(-151.88521215032486+24.280850654597295j)
5643,0.31634712411705346,(125.19825177569201-101.75628306719067j)
5644,0.31640318421347685,(394.7122203528795-27.895989582215606j)
5645,0.3164592443099002,(294.8571576764922+10.630314296205924j)
5646,0.3165153044063236,(-397.3744594159316-306.6864756337909j)
5647,0.3165713645027469,(-38.33706338622444-342.2120974686994j)
5648,0.3166274245991703,(-127.2097952639809+262.3320480441302j)
5649,0.31668348469559365,(53.34272345856624-1057.1907909480012j)
5650,0.31673954479201705,(132.5431441760078-453.2804109114208j)
5651,0.3167956048884404,(-424.5927323475497-161.984614509942j)
5652,0.3168516649848638,(342.13356063000674+212.73978214071244j)
5653,0.3169077250812871,(16.98528577707329+76.35998427483715j)
5654,0.3169637851777105,(444.1290719280975-448.782752990738j)
5655,0.31701984527413385,(509.13737287068346-359.6803448737452j)
5656,0.31707590537055724,(62.00050180302481+128.0055974555471j)
5657,0.3171319654669806,(368.99909777251094+145.6742839809948j)
5658,0.317188025563404,(233.53076919876912+317.1235055230396j)
5659,0.3172440856598273,(273.6388823943333+51.76175907848747j)
5660,0.3173001457562507,(-98.90425369512087+137.24898365018845j)
5661,0.31735620585267404,(150.770870602445+349.505906452293j)
5662,0.31741226594909744,(-388.1754206167609+740.7913433738875j)
5663,0.3174683260455208,(-342.603773821195-413.81531297581614j)
5664,0.31752438614194417,(431.9140770095098-33.54801649088385j)
5665,0.3175804462383675,(345.2390287075907+225.3542394803845j)
5666,0.3176365063347909,(350.5881595855011+7.434073172051342j)
5667,0.31769256643121424,(499.5997585403412-272.8571366584681j)
5668,0.31774862652763763,(-164.25237358103857+189.8447986163397j)
5669,0.317804686624061,(200.44801891183207-97.03740115506767j)
5670,0.31786074672048437,(216.47134556885672-58.09029204347743j)
5671,0.3179168068169077,(158.32830433864515+216.8680027750404j)
5672,0.3179728669133311,(-26.74081679892919+376.30820352834576j)
5673,0.31802892700975444,(-875.5825888847287+55.95659480873769j)
5674,0.31808498710617783,(-102.7854035776378+192.97322386566483j)
5675,0.31814104720260117,(-79.58812863978626+60.39531997841716j)
5676,0.31819710729902456,(123.86412512502568+341.8514167681423j)
5677,0.3182531673954479,(-245.01799823481736-25.047563219624124j)
5678,0.3183092274918713,(304.20360253801186+67.49234832134364j)
5679,0.31836528758829463,(-139.4653403452555-312.02433125771194j)
5680,0.318421347684718,(231.4666506290697-450.8064704096814j)
5681,0.31847740778114136,(-297.98632112443147-661.7037439794302j)
5682,0.31853346787756476,(-122.54855553187153-107.2946604919455j)
5683,0.3185895279739881,(-318.09383207766365-157.46184251848194j)
5684,0.3186455880704115,(130.89188367564014-294.9468835625753j)
5685,0.31870164816683483,(487.07635884204984+157.6228651492799j)
5686,0.3187577082632582,(-70.66903322582728-160.2478054583773j)
5687,0.31881376835968156,(-185.62051868139886-13.512460112731254j)
5688,0.31886982845610495,(-160.5673290195122+242.681461401154j)
5689,0.3189258885525283,(-562.8412025140019+574.0826988854915j)
5690,0.3189819486489517,(-348.92562357470297-115.08577152470156j)
5691,0.319038008745375,(42.30913176879881-28.154817256407732j)
5692,0.3190940688417984,(-223.51298376939408-8.165249941622577j)
5693,0.31915012893822176,(78.6131643396458+41.39350921221619j)
5694,0.31920618903464515,(414.4676139615474-37.128067996537794j)
5695,0.3192622491310685,(30.18120518091422-725.0257278329126j)
5696,0.3193183092274919,(35.52969003020228+146.07309450971508j)
5697,0.3193743693239152,(-245.82425345861498-435.72767525823156j)
5698,0.3194304294203386,(760.0821346870321-524.7784960949429j)
5699,0.31948648951676195,(167.45756560600654-16.59348460309826j)
5700,0.31954254961318534,(222.39049470025054-153.51028099681346j)
5701,0.3195986097096087,(69.87886825585507+311.9541864165503j)
5702,0.3196546698060321,(-200.2237361443719-18.87160565721443j)
5703,0.3197107299024554,(419.6690261164572+79.45707006351009j)
5704,0.3197667899988788,(-290.41023754233186+13.936458764659953j)
5705,0.31982285009530215,(79.41175481988321+448.8705252605222j)
5706,0.31987891019172554,(47.54183347431439+413.28050224223944j)
5707,0.3199349702881489,(209.76256781501982+37.00206177052006j)
5708,0.3199910303845723,(-280.587634537644-4.696187942529556j)
5709,0.3200470904809956,(173.41055613854326+191.63032321524705j)
5710,0.320103150577419,(-87.03751595789467-300.7956341540096j)
5711,0.32015921067384234,(-416.08800771242625-181.3712206142394j)
5712,0.32021527077026574,(422.63702330571874-173.27462590768238j)
5713,0.3202713308666891,(312.6637522540136-45.272808558038506j)
5714,0.32032739096311247,(187.87497351975554+255.09755990138456j)
5715,0.3203834510595358,(336.6232725561823+574.6294657094771j)
5716,0.3204395111559592,(168.01563898419775+305.6362622362285j)
5717,0.32049557125238254,(-76.81888887184736+233.3272981091716j)
5718,0.32055163134880593,(-7.956639279302616-49.068471080727775j)
5719,0.32060769144522927,(-75.26561146873689+286.0943995348741j)
5720,0.32066375154165266,(173.00418771893544+83.90549243617818j)
5721,0.320719811638076,(-930.6669837401598+735.9409303418915j)
5722,0.3207758717344994,(-190.19707186639906-171.385537205778j)
5723,0.32083193183092273,(-54.327484944836655-131.54001324028565j)
5724,0.32088799192734613,(-5.522938565405084+77.02576861856363j)
5725,0.32094405202376947,(-119.95039583226611+119.88364018596302j)
5726,0.32100011212019286,(-63.99178519869718+106.48335337582672j)
5727,0.3210561722166162,(-72.68147591954002+163.1532634878564j)
5728,0.3211122323130396,(133.32099965931224-54.01671002454576j)
5729,0.32116829240946293,(177.48743564067615+219.78566511365614j)
5730,0.3212243525058863,(565.5434469615049+69.88137571771361j)
5731,0.32128041260230966,(37.83632597592921+89.6897956747022j)
5732,0.32133647269873306,(71.66703090033221-251.19849724050616j)
5733,0.3213925327951564,(360.8325415806088+180.79272408091262j)
5734,0.3214485928915798,(111.53486102795672+175.4837500327143j)
5735,0.3215046529880031,(-250.97384781624245-139.6341538031171j)
5736,0.3215607130844265,(46.501748398040974-224.50435626740835j)
5737,0.32161677318084986,(-249.83177836860307+288.2407788168349j)
5738,0.32167283327727325,(-113.357106035542-244.6004749234686j)
5739,0.3217288933736966,(-205.2855078828476-217.32007408263783j)
5740,0.32178495347012,(78.32209133734918-144.96058471716657j)
5741,0.3218410135665433,(-94.71136181026225-714.5688973090558j)
5742,0.3218970736629667,(113.84240940198815+231.2336260966754j)
5743,0.32195313375939005,(109.52129302925191+144.18031651596954j)
5744,0.32200919385581345,(380.93340449504706+269.7093671066063j)
5745,0.3220652539522368,(-249.2280601701624-272.85203705791014j)
5746,0.3221213140486602,(205.01696506400395-641.7347479671267j)
5747,0.3221773741450835,(117.58337703297407-31.339871389864896j)
5748,0.3222334342415069,(-231.74029847581681+108.00566800834096j)
5749,0.32228949433793025,(456.1771535654415-29.634399263286156j)
5750,0.32234555443435364,(339.35137419662084+226.98216521559365j)
5751,0.322401614530777,(-343.45553725044385-380.84890117867263j)
5752,0.3224576746272004,(422.1708837101305-70.1225733344155j)
5753,0.3225137347236237,(16.403377193528684+113.32046222696952j)
5754,0.3225697948200471,(101.18448193645497-333.00199186512805j)
5755,0.32262585491647044,(-299.1551159884228-20.07817023510819j)
5756,0.32268191501289384,(150.93996766164162-138.11735608685083j)
5757,0.3227379751093172,(-460.6440043173287+482.25621495213005j)
5758,0.32279403520574057,(26.80352261897079+430.62871714930947j)
5759,0.3228500953021639,(426.67505952769454+138.76559402240923j)
5760,0.3229061553985873,(364.993270733322-39.01839108959753j)
5761,0.32296221549501064,(133.85937469478608+139.22844605693473j)
5762,0.32301827559143403,(121.52345211588369+24.647899706866227j)
5763,0.3230743356878574,(97.42258123729931+104.57481374955105j)
5764,0.32313039578428077,(-54.8483309009393+238.9262092777209j)
5765,0.3231864558807041,(-4.284671948254147-27.97573105253609j)
5766,0.3232425159771275,(300.27219686467276-73.97834302310278j)
5767,0.32329857607355084,(48.93508417813335+450.906558834095j)
5768,0.32335463616997423,(-83.8064469671877+281.7576478982933j)
5769,0.32341069626639757,(105.01644069528587-422.0014990725514j)
5770,0.32346675636282096,(-699.417249284749-515.6537327685226j)
5771,0.3235228164592443,(-485.2861574721629-174.9441569203116j)
5772,0.3235788765556677,(-164.2881772489648-383.1494053547668j)
5773,0.32363493665209103,(352.3480157027532+63.58577612315858j)
5774,0.3236909967485144,(154.59672262459267+170.40264358367057j)
5775,0.32374705684493776,(-272.0573943386854+231.02757153679823j)
5776,0.32380311694136116,(58.506073635646004-175.96510781106812j)
5777,0.3238591770377845,(340.76508514245245+66.87301081424984j)
5778,0.3239152371342079,(-68.52269986618819+200.62623327756725j)
5779,0.3239712972306312,(-91.93559457596609+797.1884974444368j)
5780,0.3240273573270546,(90.78645368435801+271.424675553147j)
5781,0.32408341742347796,(-570.4568127590842+254.40271776343843j)
5782,0.32413947751990135,(177.2190336004953+133.34780600237957j)
5783,0.3241955376163247,(613.227399914729+85.10591542227317j)
5784,0.3242515977127481,(-148.42010275865994+371.0430609112597j)
5785,0.3243076578091714,(383.6883551234291+64.3079997175098j)
5786,0.3243637179055948,(13.165388895791395+252.05405167371214j)
5787,0.32441977800201816,(-127.14754830530143-230.50277552775378j)
5788,0.32447583809844155,(-264.5871151374906+151.00412617845333j)
5789,0.3245318981948649,(-8.18238685724721+221.21177508003245j)
5790,0.3245879582912883,(-191.23831406855072+82.90201152576412j)
5791,0.3246440183877116,(277.0552680597598+1.8282926590352258j)
5792,0.324700078484135,(25.22044372425448-235.74343169177104j)
5793,0.32475613858055835,(-326.69658825335597+22.040657955051785j)
5794,0.32481219867698174,(-287.09443562105577-436.62490591754596j)
5795,0.3248682587734051,(442.3378170083066-68.85712621913551j)
5796,0.3249243188698285,(82.68083147324401+28.955527527224483j)
5797,0.3249803789662518,(163.56447936592596-257.8713129020827j)
5798,0.3250364390626752,(-48.2150092468547+247.14138208081786j)
5799,0.32509249915909855,(-323.00913997178776+72.38153128741823j)
5800,0.32514855925552194,(-381.0218848059256-122.8449113708883j)
5801,0.3252046193519453,(-49.74059410410633+362.48020852526975j)
5802,0.3252606794483687,(-135.59941821688815-148.0494652427417j)
5803,0.325316739544792,(151.4186248646958-174.28006070553766j)
5804,0.3253727996412154,(259.8319805290208-305.5847013721025j)
5805,0.32542885973763874,(42.6915879131575+108.62033708193226j)
5806,0.32548491983406214,(-503.70232505444596+299.0253272596502j)
5807,0.3255409799304855,(-274.68705748801983+193.778704700405j)
5808,0.32559704002690887,(21.807213554452357-51.52173224284918j)
5809,0.3256531001233322,(134.89075568520107-309.0990188334455j)
5810,0.3257091602197556,(-320.09144336783123+185.04636713952317j)
5811,0.32576522031617894,(-123.07305982142262-146.49396867619316j)
5812,0.32582128041260233,(-417.33070782371345+48.75511058644429j)
5813,0.32587734050902567,(236.15983082472215-446.35171546427455j)
5814,0.32593340060544906,(294.1040073232927-153.69392463883997j)
5815,0.3259894607018724,(749.5490550885114-31.891890727215156j)
5816,0.3260455207982958,(-100.83893576840383-6.962086869590429j)
5817,0.32610158089471913,(307.02479079284365+555.0656260915773j)
5818,0.32615764099114253,(326.5143270865517+228.22120139854917j)
5819,0.32621370108756587,(117.38026965392079-242.95769849476886j)
5820,0.32626976118398926,(-171.68974308872117-160.23047754827064j)
5821,0.3263258212804126,(114.3365711733298-497.9320833333294j)
5822,0.326381881376836,(76.64357085126287-103.11478404196151j)
5823,0.32643794147325933,(54.80644260598507+144.8148732170556j)
5824,0.3264940015696827,(210.92468599861039-359.46357035418123j)
5825,0.32655006166610606,(-25.161513128322316+53.48778533902758j)
5826,0.32660612176252946,(292.3904841965558-171.5746191692969j)
5827,0.3266621818589528,(601.6381277284796-396.96478157944347j)
5828,0.3267182419553762,(-85.01318690736123-288.4839774343444j)
5829,0.3267743020517995,(636.6688272037657+175.8012734260077j)
5830,0.3268303621482229,(-480.42538070156036-33.989173445854135j)
5831,0.32688642224464626,(52.52988424834028+163.96641247290555j)
5832,0.32694248234106965,(107.34991081301926-148.87035441681778j)
5833,0.326998542437493,(7.729430070494956+143.00223662736562j)
5834,0.3270546025339164,(236.6755800000452+238.1810865496671j)
5835,0.3271106626303397,(325.06536842798425+123.45682972962368j)
5836,0.3271667227267631,(-179.0086113571363-34.44035543087987j)
5837,0.32722278282318645,(-63.02513186071693-370.9438519854105j)
5838,0.32727884291960985,(48.91643633504711+179.7439783010965j)
5839,0.3273349030160332,(-43.46247102480337+93.2830395360231j)
5840,0.3273909631124566,(-11.897024352354649+438.8843989215152j)
5841,0.3274470232088799,(139.33108925386492-307.1962804010946j)
5842,0.3275030833053033,(133.68178245023938-85.42149286333378j)
5843,0.32755914340172665,(256.1703113109425-138.4751326255064j)
5844,0.32761520349815004,(496.13797723605455-41.02194811806156j)
5845,0.3276712635945734,(14.833431274330486-53.910316364068265j)
5846,0.3277273236909968,(286.8662865610517+189.90869371885105j)
5847,0.3277833837874201,(56.700426825960925+424.5755585802866j)
5848,0.3278394438838435,(2.2465880055759158-279.70719837912293j)
5849,0.32789550398026684,(-91.25064307370985+16.94243656679867j)
5850,0.32795156407669024,(-599.0975829375534+35.04394151818272j)
5851,0.3280076241731136,(509.53939644862567-213.7589070756443j)
5852,0.32806368426953697,(-121.11989391542522-632.2283915305259j)
5853,0.3281197443659603,(-135.55788102254525-268.9046416897454j)
5854,0.3281758044623837,(-207.80430270824334+51.68139135965609j)
5855,0.32823186455880704,(-283.4427665051969+197.88928170828504j)
5856,0.32828792465523043,(60.97684130815077+337.05663222124736j)
5857,0.3283439847516538,(251.76361732270226-113.37683458500692j)
5858,0.32840004484807717,(225.85604399862757-367.96098121428946j)
5859,0.3284561049445005,(-59.346862777797604-266.26997840199977j)
5860,0.3285121650409239,(229.6613492683918-84.17511657292631j)
5861,0.32856822513734724,(-183.93519785604667-100.86129668949732j)
5862,0.32862428523377063,(385.6135364643118-223.3460608419345j)
5863,0.32868034533019397,(-370.2467447573569+123.21687064491786j)
5864,0.32873640542661736,(-87.77166521464238+124.10784823289409j)
5865,0.3287924655230407,(-189.57995400057533+2.9434954820278705j)
5866,0.3288485256194641,(513.4976384294613+141.63639351949618j)
5867,0.32890458571588743,(-512.4212153600971+268.50040832601314j)
5868,0.3289606458123108,(-155.58401898504076-24.858024650341683j)
5869,0.32901670590873416,(159.63946309867848+218.6284726538605j)
5870,0.32907276600515756,(156.1065370683845+537.9609134240675j)
5871,0.3291288261015809,(-283.91907999401985-443.0279986147492j)
5872,0.3291848861980043,(212.7353304599439-734.4609158552495j)
5873,0.3292409462944276,(64.02901514138057+431.594504358045j)
5874,0.329297006390851,(121.32570319589772+40.793529816060904j)
5875,0.32935306648727436,(26.48991055606725+351.88672680628537j)
5876,0.32940912658369775,(206.7236996863844+145.587548163336j)
5877,0.3294651866801211,(396.0568763558176+6.983395030148955j)
5878,0.3295212467765445,(303.37439535061947-193.42311462755688j)
5879,0.3295773068729678,(-191.65623239987616-299.8545840589033j)
5880,0.3296333669693912,(-134.8824093434529+132.54670370518735j)
5881,0.32968942706581456,(321.8626861135633-441.3347347138234j)
5882,0.32974548716223795,(449.173908023765+161.52490413236552j)
5883,0.3298015472586613,(-106.41545840620216-204.01003634091782j)
5884,0.3298576073550847,(151.42872318182233-245.68580184905062j)
5885,0.329913667451508,(-380.80036080883724-167.0720766143887j)
5886,0.3299697275479314,(-407.6477467183121-125.51045150160445j)
5887,0.33002578764435475,(51.29485172651424-364.08824914137153j)
5888,0.3300818477407781,(148.57634701300333+285.436077650987j)
5889,0.3301379078372015,(-308.6769764818887+164.08587876056046j)
5890,0.3301939679336248,(-273.82247231789995+17.15264128239552j)
5891,0.3302500280300482,(480.4763446143653+686.7938806569854j)
5892,0.33030608812647155,(-145.73238016044658+166.7102111838537j)
5893,0.33036214822289495,(457.53504031383176-77.81199330318213j)
5894,0.3304182083193183,(452.3823977656779+152.61728679755902j)
5895,0.3304742684157417,(-161.40495882343924+339.0995922205701j)
5896,0.330530328512165,(-100.99931717181371+174.83846773533116j)
5897,0.3305863886085884,(-162.17645340364217+208.63006542691576j)
5898,0.33064244870501175,(-161.80255252246548+297.16516745474297j)
5899,0.33069850880143514,(61.2524659207906-844.5468334304468j)
5900,0.3307545688978585,(-164.0932447442938+145.2693624085485j)
5901,0.3308106289942819,(370.77514501465976-548.3111352452515j)
5902,0.3308666890907052,(353.04442979467535+36.76765302680937j)
5903,0.3309227491871286,(233.13893843513253-12.179572418515662j)
5904,0.33097880928355194,(-588.2568892429939-54.86911273416763j)
5905,0.33103486937997534,(59.433420902050855+276.9840674744232j)
5906,0.3310909294763987,(77.60538002776534+258.7657581061333j)
5907,0.33114698957282207,(506.7385441338058+449.31449117013415j)
5908,0.3312030496692454,(132.11082940294972+379.61991154656494j)
5909,0.3312591097656688,(546.4252023702453+299.2734211042241j)
5910,0.33131516986209214,(211.0027880554527+408.25069871256557j)
5911,0.33137122995851553,(-191.38989805937834-273.19876039159584j)
5912,0.3314272900549389,(71.80260756575457-229.5636229101204j)
5913,0.33148335015136227,(229.9856497246609-453.6501467160193j)
5914,0.3315394102477856,(-243.78073907316292-509.1583927240562j)
5915,0.331595470344209,(267.1645033867539+97.68072501686818j)
5916,0.33165153044063234,(-139.93395153522908+337.39122783929673j)
5917,0.33170759053705573,(70.09273776129601-143.62487688433092j)
5918,0.33176365063347907,(-123.0485599321884+291.01784532540415j)
5919,0.33181971072990246,(-235.55299292017196+624.1066062150883j)
5920,0.3318757708263258,(238.11989554056498-72.49919753337082j)
5921,0.3319318309227492,(524.1650468958424-191.65257834430332j)
5922,0.33198789101917253,(-187.0577254812939-202.64058789550467j)
5923,0.3320439511155959,(207.39238124943643+435.1441130033417j)
5924,0.33210001121201926,(-409.1504380834559+357.26371155225945j)
5925,0.33215607130844266,(87.00790493235934-28.84443103170474j)
5926,0.332212131404866,(-163.34354115673335+374.91244762769134j)
5927,0.3322681915012894,(-120.89848112933045+35.45493835125676j)
5928,0.3323242515977127,(-125.81607858439834-254.5674207653723j)
5929,0.3323803116941361,(157.21051134527028+311.03580552907j)
5930,0.33243637179055946,(-214.2117126573762+248.1859024029349j)
5931,0.33249243188698285,(133.00209380324176+412.92958797566325j)
5932,0.3325484919834062,(189.2923142532371-147.16540785891738j)
5933,0.3326045520798296,(467.7390206907134-128.77286894914442j)
5934,0.3326606121762529,(-119.56072292697054+368.7341657315424j)
5935,0.3327166722726763,(209.95625876892493-462.62866134541696j)
5936,0.33277273236909966,(112.3398935276344-502.52618305791515j)
5937,0.33282879246552305,(49.050625834678-154.70897636261287j)
5938,0.3328848525619464,(-332.25362796349793-34.83691334519534j)
5939,0.3329409126583698,(54.66339425143872-478.7459958408936j)
5940,0.3329969727547931,(-434.56898868574484-241.39558147326147j)
5941,0.3330530328512165,(-112.92652600174168-93.72952989121043j)
5942,0.33310909294763985,(-469.42619166453005-101.22765206784602j)
5943,0.33316515304406324,(-181.04953218695158+432.86377263800574j)
5944,0.3332212131404866,(-219.66477194039996+124.24367307040268j)
5945,0.33327727323691,(31.84043841131676+54.74849145492042j)
5946,0.3333333333333333,(67.64999999999793-575.6470858955162j)
5947,0.3333893934297567,(-565.2168575689246+273.76508589173665j)
5948,0.33344545352618005,(304.750483840286-121.53199227885897j)
5949,0.33350151362260344,(-457.6401429482296-151.65928662363675j)
5950,0.3335575737190268,(572.1399784053641-86.2519769547518j)
5951,0.3336136338154502,(294.6938097939832+621.785792108835j)
5952,0.3336696939118735,(510.08939808922185+89.89405794262514j)
5953,0.3337257540082969,(256.770239650247-533.9020501447147j)
5954,0.33378181410472024,(-64.09462175131024+115.3429249422139j)
5955,0.33383787420114364,(-270.5379675531267-86.40491237453884j)
5956,0.333893934297567,(170.414656301476-204.16193033725804j)
5957,0.33394999439399037,(-230.39764653677562+86.10205847563996j)
5958,0.3340060544904137,(279.468423404208-203.8836344571901j)
5959,0.3340621145868371,(-269.18006743315595+9.359597152004625j)
5960,0.33411817468326044,(-239.37653560194005-111.03883197165314j)
5961,0.33417423477968383,(460.9920908138684+31.385647974899022j)
5962,0.33423029487610717,(425.5178293235051-74.89043970418322j)
5963,0.33428635497253056,(286.59590810731584-251.39667894099063j)
5964,0.3343424150689539,(32.45037796100257+115.75553726532831j)
5965,0.3343984751653773,(-366.1259846992074+198.811708288601j)
5966,0.33445453526180063,(-18.784064263170308+140.20972020143597j)
5967,0.334510595358224,(110.04751701534809+367.1618168700252j)
5968,0.33456665545464737,(-377.490871380304+31.781434780075898j)
5969,0.33462271555107076,(385.602704839623+194.93767972958j)
5970,0.3346787756474941,(-51.91622433175548+542.7368600825081j)
5971,0.3347348357439175,(214.97644292367312-2.746363338891811j)
5972,0.33479089584034083,(64.72498727307342+477.5851777413769j)
5973,0.3348469559367642,(-31.41286574748749+7.423160448262573j)
5974,0.33490301603318756,(-136.52482565348188+4.768873116271145j)
5975,0.33495907612961096,(227.49203987773865-36.176337984725706j)
5976,0.3350151362260343,(-351.39162487295255-86.80648130199606j)
5977,0.3350711963224577,(78.16954975196222-104.49918553162345j)
5978,0.335127256418881,(-350.7615255052848-33.810396991327224j)
5979,0.3351833165153044,(183.68069172080664+189.9767479000472j)
5980,0.33523937661172776,(-4.383627324815613-40.955205952764075j)
5981,0.33529543670815115,(-167.2571684153993+612.5754737638039j)
5982,0.3353514968045745,(169.4933977479856-48.12729942115659j)
5983,0.3354075569009979,(-512.4270185981164-87.97282399153931j)
5984,0.3354636169974212,(51.76323899751725-208.27647212932806j)
5985,0.3355196770938446,(253.80502019499858+208.4958421311032j)
5986,0.33557573719026795,(347.1000269522679+4.3545142884781j)
5987,0.33563179728669135,(83.06358566611578-305.9503502499805j)
5988,0.3356878573831147,(-32.557813904556106-250.75081267070124j)
5989,0.3357439174795381,(17.358991170270997-579.1643829375641j)
5990,0.3357999775759614,(16.371511099086028+70.01723133082665j)
5991,0.3358560376723848,(89.16251460522233-55.156376291641024j)
5992,0.33591209776880815,(-317.51656563932244-68.96859478533922j)
5993,0.33596815786523154,(190.42686010676968-126.47920586277831j)
5994,0.3360242179616549,(-112.17326436611894-224.9750996097973j)
5995,0.3360802780580783,(39.58982414840662+197.2734253009565j)
5996,0.3361363381545016,(-184.685223436041-389.6650423879985j)
5997,0.336192398250925,(89.32295873746938-270.7274288562474j)
5998,0.33624845834734834,(-333.7497523755346+7.911077104410936j)
5999,0.33630451844377174,(-51.67745089753831-184.0843780985107j)
6000,0.3363605785401951,(-418.8219871211833-6.302047418305733j)
6001,0.33641663863661847,(-187.69386734319926+160.84115131941678j)
6002,0.3364726987330418,(360.24963903018323+230.56323426139664j)
6003,0.3365287588294652,(-14.812534067679223-402.5146081980539j)
6004,0.33658481892588854,(-49.80967491949576-37.71477180782613j)
6005,0.33664087902231193,(551.6282340882881+293.2615695759415j)
6006,0.3366969391187353,(295.6365413738205-114.88361278874748j)
6007,0.33675299921515867,(9.1974979040437-514.645433957511j)
6008,0.336809059311582,(-211.5642969751784-46.32051989396697j)
6009,0.3368651194080054,(411.83729018431035-411.39326823251184j)
6010,0.33692117950442874,(-12.089945477651838+498.8693121147827j)
6011,0.33697723960085213,(0.0272503725279023+132.21747377314745j)
6012,0.33703329969727547,(413.33320801477885+237.14923179622093j)
6013,0.33708935979369886,(-192.15459731611952+112.64983892392804j)
6014,0.3371454198901222,(194.26280852256025-185.2008076146785j)
6015,0.3372014799865456,(150.2901667983964-343.58807178263913j)
6016,0.33725754008296893,(125.61390023238718+105.47499310661325j)
6017,0.3373136001793923,(47.121001680479694+1.6426851619805145j)
6018,0.33736966027581566,(157.52063073764901+354.136590232991j)
6019,0.33742572037223906,(-311.4722532592878+305.7345826601604j)
6020,0.3374817804686624,(-141.55363570654083+83.17006186349641j)
6021,0.3375378405650858,(-443.98828719104154+39.9842927872003j)
6022,0.3375939006615091,(-558.2449642317639-195.61301963684488j)
6023,0.3376499607579325,(-367.7104414374183+119.48535937739057j)
6024,0.33770602085435586,(371.9709663873648-97.46654031631385j)
6025,0.33776208095077925,(280.72418209012324-238.7390684769866j)
6026,0.3378181410472026,(522.9227938436147-224.78267218599908j)
6027,0.337874201143626,(-360.9443280432622+54.32805373986686j)
6028,0.3379302612400493,(56.61881648637339+257.2825543172641j)
6029,0.3379863213364727,(-95.96981555572886+106.69981339754989j)
6030,0.33804238143289606,(-255.25125046924626+365.52981377312193j)
6031,0.33809844152931945,(149.0594251329597+262.20437426131485j)
6032,0.3381545016257428,(421.9303453610481-176.2539559641333j)
6033,0.3382105617221662,(170.81072193396682-337.77496176627886j)
6034,0.3382666218185895,(31.0115277621841+530.9432874424031j)
6035,0.3383226819150129,(601.8865160216327+25.36923013711538j)
6036,0.33837874201143625,(164.25975863870192-333.3330463739689j)
6037,0.33843480210785964,(-85.22027607340021+138.92384553647767j)
6038,0.338490862204283,(331.538642126482-269.9507929045138j)
6039,0.3385469223007064,(-53.553125339707535+256.11638614827484j)
6040,0.3386029823971297,(27.638666310845675+101.70015883124387j)
6041,0.3386590424935531,(75.2775162598921-179.03051952813775j)
6042,0.33871510258997645,(-50.65077013327208-182.10471586729753j)
6043,0.33877116268639984,(-276.21352521284246-179.10840326122212j)
6044,0.3388272227828232,(-177.07219846609098-19.461857594036708j)
6045,0.3388832828792466,(-20.25042142656899+116.04781501507559j)
6046,0.3389393429756699,(398.1507463210147+264.6200749562963j)
6047,0.3389954030720933,(-282.5767430845282+218.36646872715266j)
6048,0.33905146316851664,(437.0950115242863+264.814512878773j)
6049,0.33910752326494004,(150.4882536995301-528.3159426124184j)
6050,0.3391635833613634,(-318.25461535450745-306.1490215403229j)
6051,0.33921964345778677,(-61.7806050105118-84.26394474509303j)
6052,0.3392757035542101,(-289.8802843782396+33.25757380826629j)
6053,0.3393317636506335,(-132.63631040060147-291.3544285811931j)
6054,0.33938782374705684,(-260.37163850109005+328.70926703995144j)
6055,0.33944388384348023,(428.4228577227485+690.1106251557433j)
6056,0.33949994393990357,(20.065067603793842-296.2593405673427j)
6057,0.33955600403632696,(-132.4979258130262+79.48775926095284j)
6058,0.3396120641327503,(283.3316117637352+130.19761176536394j)
6059,0.3396681242291737,(-8.724296804914816-33.566777588614826j)
6060,0.33972418432559703,(-69.9990155440937-154.824504160989j)
6061,0.3397802444220204,(189.73007243134452-348.30140536671405j)
6062,0.33983630451844377,(-179.61294344443627+274.4804954158061j)
6063,0.33989236461486716,(-56.62128155515268+597.5000103432792j)
6064,0.3399484247112905,(-210.61387500412675+143.11068369586525j)
6065,0.3400044848077139,(-514.8205247532009-241.4175961067511j)
6066,0.34006054490413723,(-182.3104027872136+46.083875402654954j)
6067,0.3401166050005606,(-12.335764175983723+240.0933192663581j)
6068,0.34017266509698396,(-22.63883424474814-243.59980906506212j)
6069,0.34022872519340736,(493.20773330568693-112.33031794690712j)
6070,0.3402847852898307,(-360.6128053249641-32.149788994499524j)
6071,0.3403408453862541,(-25.228650710279148+99.14019235189872j)
6072,0.3403969054826774,(-203.13105066880863+101.54176463021162j)
6073,0.3404529655791008,(333.40152474659504-15.566132984838774j)
6074,0.34050902567552416,(295.5586919105547+184.95539228915678j)
6075,0.34056508577194755,(174.73134682724154+324.82783664636514j)
6076,0.3406211458683709,(67.145424793057+251.58289685174256j)
6077,0.3406772059647943,(333.42728756450424-166.56744066749906j)
6078,0.3407332660612176,(87.82315497462388+113.59518213040745j)
6079,0.340789326157641,(-303.433514300759+101.68358904646485j)
6080,0.34084538625406435,(79.33590817530305-421.0417902311835j)
6081,0.34090144635048775,(11.745794395454274+157.27123076364848j)
6082,0.3409575064469111,(147.57321894740144+232.81582818051464j)
6083,0.3410135665433345,(-80.91754398168845+60.90164645093735j)
6084,0.3410696266397578,(12.162761608164681+24.462483973545158j)
6085,0.3411256867361812,(-159.25301326519752-296.785955585369j)
6086,0.34118174683260455,(-45.11934561051153+227.13612934072432j)
6087,0.34123780692902794,(-45.485348549867965+235.8726861495652j)
6088,0.3412938670254513,(125.8873707203509-81.35018508242406j)
6089,0.3413499271218747,(88.18570750574519-104.19304221645855j)
6090,0.341405987218298,(352.65376552192083-302.2348715069591j)
6091,0.3414620473147214,(-154.19794260789905-172.2981546144362j)
6092,0.34151810741114474,(-216.76405021377818-148.28117681792162j)
6093,0.34157416750756814,(-6.989450447031558-64.92310269609592j)
6094,0.3416302276039915,(-4.994790138753089-414.66097527072577j)
6095,0.34168628770041487,(280.3672796259318-439.8065679415537j)
6096,0.3417423477968382,(27.385165779201685+189.62416518429558j)
6097,0.3417984078932616,(-555.109213660996+174.91012551000514j)
6098,0.34185446798968494,(103.01422311663217-178.5865924737334j)
6099,0.34191052808610833,(399.30792641583207+52.95404621836212j)
6100,0.34196658818253167,(-129.26526868880785+406.4114229800253j)
6101,0.34202264827895507,(79.7495863859528+190.91468063514046j)
6102,0.3420787083753784,(277.80426705346684+166.62043091397476j)
6103,0.3421347684718018,(-348.5516955716852-388.5383910914657j)
6104,0.34219082856822514,(65.21159587345208+55.636117886592004j)
6105,0.34224688866464853,(626.3948453575433-119.92809365971257j)
6106,0.34230294876107187,(-15.732435083441674+29.513363767202588j)
6107,0.34235900885749526,(81.92766989442049-463.5326917554461j)
6108,0.3424150689539186,(590.2733956529149+79.7520948587289j)
6109,0.342471129050342,(-129.84847469522168-507.76726105636374j)
6110,0.34252718914676533,(448.93116943117377-399.73177827054906j)
6111,0.3425832492431887,(16.431022493161315-47.71197376321651j)
6112,0.34263930933961206,(42.14060632129+108.99150172349076j)
6113,0.34269536943603546,(-141.52470025145408+41.61329929022679j)
6114,0.3427514295324588,(636.5421546585827-193.2573206798239j)
6115,0.3428074896288822,(-339.12029463960533-303.1832171796988j)
6116,0.3428635497253055,(-229.86207445944456+112.16213376727391j)
6117,0.3429196098217289,(-116.08853813908993+186.7526102034488j)
6118,0.34297566991815226,(578.4399682152617+251.7791671989488j)
6119,0.34303173001457565,(-50.860936300196066+21.78976182537176j)
6120,0.343087790110999,(625.8672157316721-12.51489818546986j)
6121,0.3431438502074224,(387.22632585602156-502.6419239391686j)
6122,0.3431999103038457,(-137.89823673141436-194.96245885677675j)
6123,0.3432559704002691,(221.33882352633714+140.36948124760244j)
6124,0.34331203049669246,(-228.8443424313819-47.68298560853295j)
6125,0.34336809059311585,(-59.64777885029682+525.244546967388j)
6126,0.3434241506895392,(408.7818198957271-12.846038949030032j)
6127,0.3434802107859626,(379.1394334762071+82.41801926236683j)
6128,0.3435362708823859,(171.5560784814939-72.35708769123526j)
6129,0.3435923309788093,(213.04214114672945+211.58036495628974j)
6130,0.34364839107523265,(-240.1398246652111+45.85138926980656j)
6131,0.34370445117165604,(-135.640870046545-0.5964047604036722j)
6132,0.3437605112680794,(-156.74062464744122+158.0945743256717j)
6133,0.3438165713645028,(-287.3364615402515+115.76270054502706j)
6134,0.3438726314609261,(75.40689789845553-104.45459662355788j)
6135,0.3439286915573495,(-353.217523803557-200.05709608088804j)
6136,0.34398475165377285,(-142.11829901325723-405.4440829916707j)
6137,0.34404081175019624,(-87.75514929214059-196.63959804245104j)
6138,0.3440968718466196,(81.06790212701813+45.275844765647356j)
6139,0.344152931943043,(-39.62057537944253-509.015387238211j)
6140,0.3442089920394663,(-589.7028234814356-171.83721000383673j)
6141,0.3442650521358897,(-40.67017585332669-56.91220793734651j)
6142,0.34432111223231304,(-600.2094462929417+128.49625225520464j)
6143,0.34437717232873644,(267.3502676486362-293.6951576288835j)
6144,0.3444332324251598,(25.187939115076375+327.428115783517j)
6145,0.3444892925215831,(-66.96212158705153+253.37588091231768j)
6146,0.3445453526180065,(76.34291835044866+86.81714992925882j)
6147,0.34460141271442984,(-155.04876877059306-122.5973988759098j)
6148,0.34465747281085324,(-169.7135728726942-176.33539618473532j)
6149,0.3447135329072766,(-231.1657850427997+166.79317937297657j)
6150,0.34476959300369997,(-208.4002184360569-154.93495142482078j)
6151,0.3448256531001233,(-554.2746053657866+365.67688238043735j)
6152,0.3448817131965467,(124.03931815968355-323.02097331291543j)
6153,0.34493777329297004,(77.07089166983295-213.4327144790097j)
6154,0.34499383338939343,(-197.85839262108846+157.66069604418533j)
6155,0.34504989348581677,(459.74104890235344-211.66172678154712j)
6156,0.34510595358224017,(538.7598035522401+129.77533118251333j)
6157,0.3451620136786635,(-570.3656851713574+273.51679467787096j)
6158,0.3452180737750869,(-148.7331592192291+5.0846926896494296j)
6159,0.34527413387151024,(143.50293111617512+172.11897304130252j)
6160,0.34533019396793363,(452.9829424498907+486.15845105486795j)
6161,0.34538625406435697,(19.801249717959735-351.6077466052677j)
6162,0.34544231416078036,(-173.82774610533457+174.75828371563557j)
6163,0.3454983742572037,(444.7279054493021+273.5403210392j)
6164,0.3455544343536271,(290.3688583860191+75.8529319731741j)
6165,0.34561049445005043,(-149.6666386091493+71.60901974915099j)
6166,0.3456665545464738,(-572.9342373808365+254.54564433533886j)
6167,0.34572261464289716,(-132.74159994114757-276.1415515844783j)
6168,0.34577867473932056,(110.81118431215206-183.33910160434772j)
6169,0.3458347348357439,(257.4889710798075+204.20879392154788j)
6170,0.3458907949321673,(262.3499066461288+31.351589954949162j)
6171,0.3459468550285906,(3.5335962983055182+94.14987709814599j)
6172,0.346002915125014,(426.7351736493066+149.067901952398j)
6173,0.34605897522143736,(485.73329884342616+111.31311925166952j)
6174,0.34611503531786075,(143.51921395320161+392.6493711693919j)
6175,0.3461710954142841,(78.5655405753788+285.82869649094755j)
6176,0.3462271555107075,(307.14372104445846+70.8711428847588j)
6177,0.3462832156071308,(265.65519455608705+149.0228631698092j)
6178,0.3463392757035542,(-280.1482108660116+502.797817978118j)
6179,0.34639533579997756,(-284.09063376436507-589.3941607889458j)
6180,0.34645139589640095,(-189.6048131148426-241.84320350388796j)
6181,0.3465074559928243,(-278.18233660954434+246.1081065567571j)
6182,0.3465635160892477,(273.4655428002999-43.50618562231375j)
6183,0.346619576185671,(-50.46060384367247-151.94965835963043j)
6184,0.3466756362820944,(-291.02690683534416-38.863098302142305j)
6185,0.34673169637851775,(110.53481892040375-236.71403423113418j)
6186,0.34678775647494114,(-135.9805626169453-323.31329585945485j)
6187,0.3468438165713645,(-289.5977804471252+286.0360206130195j)
6188,0.3468998766677879,(163.4206351229681-203.7520255094273j)
6189,0.3469559367642112,(117.19903521824301-66.33191991140494j)
6190,0.3470119968606346,(-153.53123378423393+332.8693782365742j)
6191,0.34706805695705795,(-493.45317332396706-291.08205289039006j)
6192,0.34712411705348134,(399.245101682151-35.31721460472342j)
6193,0.3471801771499047,(19.909371417101255-409.0914068978471j)
6194,0.34723623724632807,(-14.465432022855907-186.4093357798503j)
6195,0.3472922973427514,(495.50460367327736+320.93919556659023j)
6196,0.3473483574391748,(-342.980021491914+42.63000722868048j)
6197,0.34740441753559814,(77.48449315135413+29.460622575588744j)
6198,0.34746047763202154,(522.2245161537658-121.38693115268478j)
6199,0.3475165377284449,(344.6913007110576-338.3866525494007j)
6200,0.34757259782486827,(241.82236293288926-297.79989906274614j)
6201,0.3476286579212916,(306.367524866958+303.6073804595292j)
6202,0.347684718017715,(-83.26673352260131-281.1906220958405j)
6203,0.34774077811413834,(-298.4993038034637-449.36260193708324j)
6204,0.34779683821056173,(232.10797912346735+261.61597911791836j)
6205,0.34785289830698507,(213.51623209511612+464.8014982407255j)
6206,0.34790895840340846,(-481.8660279774515-300.95223968933414j)
6207,0.3479650184998318,(-278.37673153851136-120.84122179578229j)
6208,0.3480210785962552,(252.38384330474716-145.25141778408945j)
6209,0.34807713869267853,(176.91932899348063+265.78748445024024j)
6210,0.3481331987891019,(346.54397168387254-247.72096160593168j)
6211,0.34818925888552527,(-17.895939996382403+142.095708778643j)
6212,0.34824531898194866,(130.98579034491232+250.5663586417j)
6213,0.348301379078372,(252.09721001279325+152.18156148965636j)
6214,0.3483574391747954,(240.21438480728594-92.86368584708714j)
6215,0.34841349927121873,(-292.2388944128955-161.19239329894395j)
6216,0.3484695593676421,(36.157099806786675-389.8566951849697j)
6217,0.34852561946406546,(-147.30441377041547+151.09270150764553j)
6218,0.34858167956048886,(320.8432406834074+372.9341555686299j)
6219,0.3486377396569122,(71.06148586601023-94.27825839596281j)
6220,0.3486937997533356,(-228.31034904219507+17.363387415627912j)
6221,0.3487498598497589,(-86.37109973985136-371.37302552342624j)
6222,0.3488059199461823,(129.22855962461819+36.4216500894005j)
6223,0.34886198004260566,(-337.5394797446456-374.0788933223144j)
6224,0.34891804013902905,(-98.9800342100199-125.23605257702435j)
6225,0.3489741002354524,(147.210491374121-14.80138456398732j)
6226,0.3490301603318758,(-82.38352279757316-498.9255889183735j)
6227,0.3490862204282991,(447.42427854887757-188.73374480078724j)
6228,0.3491422805247225,(-0.5808769979712487+196.42411576531214j)
6229,0.34919834062114585,(268.75852441624204+132.1028149287116j)
6230,0.34925440071756925,(399.04229231894163+265.911107705815j)
6231,0.3493104608139926,(-307.78923931810823-109.11547421858853j)
6232,0.349366520910416,(15.9425034003321+125.66665650558762j)
6233,0.3494225810068393,(-255.2883938731261+645.3902793140425j)
6234,0.3494786411032627,(-107.05719580539105-596.2805018094923j)
6235,0.34953470119968605,(55.796209973044725-149.63589051825022j)
6236,0.34959076129610944,(-570.7576229120414+16.170245462547825j)
6237,0.3496468213925328,(127.00548361560567-185.07533343996369j)
6238,0.3497028814889562,(-167.8730811389512-76.9518079684462j)
6239,0.3497589415853795,(-17.990806838174677-247.77576312031144j)
6240,0.3498150016818029,(129.11933129818556-162.62531746305814j)
6241,0.34987106177822624,(274.63483317339507+426.0931174778797j)
6242,0.34992712187464964,(81.58972602608566+162.19433613072403j)
6243,0.349983181971073,(-200.3881088898553-8.95725419391167j)
6244,0.35003924206749637,(-430.17890090156163+350.8265928484604j)
6245,0.3500953021639197,(10.748377587005214-23.330125946504808j)
6246,0.3501513622603431,(-471.11788771327053+337.4110876297048j)
6247,0.35020742235676644,(-42.707411457817926+182.74859865674796j)
6248,0.35026348245318983,(181.9588308400904-86.08025970648093j)
6249,0.35031954254961317,(-38.961237635000614+338.89723175713493j)
6250,0.35037560264603657,(63.57417671611378+489.7597884041099j)
6251,0.3504316627424599,(-57.557803407254156+44.67187323749508j)
6252,0.3504877228388833,(663.8440151469034-317.38291524889064j)
6253,0.35054378293530664,(163.63824480784544-116.51162787746682j)
6254,0.35059984303173003,(-257.9394842417196+165.14788481102428j)
6255,0.35065590312815337,(-246.5560978640916+53.994395958920535j)
6256,0.35071196322457676,(-202.25840361391832+0.8157366592723605j)
6257,0.3507680233210001,(-149.2774513243598+480.80673941665725j)
6258,0.3508240834174235,(362.4607589312632+174.66431593841162j)
6259,0.35088014351384683,(311.63386758930636+458.38269373147426j)
6260,0.3509362036102702,(-69.55675921778722+96.44073723787687j)
6261,0.35099226370669356,(-426.10945291322895+239.89676754531916j)
6262,0.35104832380311696,(25.1127431613914-45.41304022363222j)
6263,0.3511043838995403,(112.10557169126537-233.93086418335085j)
6264,0.3511604439959637,(-103.8906297722283-170.18606494812877j)
6265,0.351216504092387,(-162.9094142304753-417.7813761606602j)
6266,0.3512725641888104,(-306.867157502447-364.4443459469891j)
6267,0.35132862428523376,(-50.774089447164236+178.0570618305209j)
6268,0.35138468438165715,(20.79197878342583+96.71587834779606j)
6269,0.3514407444780805,(-6.929377880426955+170.23944361324016j)
6270,0.3514968045745039,(-48.83725983375702+196.738681753874j)
6271,0.3515528646709272,(-127.65863392408853-5.462881024347006j)
6272,0.3516089247673506,(-97.12948911554089+23.754980386214704j)
6273,0.35166498486377396,(368.0546913525211+166.15225501020123j)
6274,0.35172104496019735,(414.8524919611847+100.74768787603037j)
6275,0.3517771050566207,(-188.44416526556873-336.5210583567719j)
6276,0.3518331651530441,(211.9920557539098-193.29433099771012j)
6277,0.3518892252494674,(-336.99390567437786+60.915563451715485j)
6278,0.3519452853458908,(-333.1161966501153+23.274553462147097j)
6279,0.35200134544231415,(-78.56854657355422+57.71184612043955j)
6280,0.35205740553873754,(138.7713969849142-254.78493154685506j)
6281,0.3521134656351609,(-116.10150059523681-145.8776892326142j)
6282,0.3521695257315843,(-535.1217913473297-30.730823355050006j)
6283,0.3522255858280076,(120.5487052425896+244.39730535684058j)
6284,0.352281645924431,(135.4717837381129+56.56606570771222j)
6285,0.35233770602085435,(-232.66178029204522-371.31405103383037j)
6286,0.35239376611727774,(-354.06173103571183+121.0061331056281j)
6287,0.3524498262137011,(-249.11589651989289+264.81090197864904j)
6288,0.35250588631012447,(-345.6775855072286-499.9139255340171j)
6289,0.3525619464065478,(211.09114036257057+244.95008200851015j)
6290,0.3526180065029712,(-225.7868871033141-233.65232964414992j)
6291,0.35267406659939454,(11.074316141265655+419.74664614118694j)
6292,0.35273012669581794,(-33.5238538939642+167.99153282571802j)
6293,0.3527861867922413,(-481.21403937035785-44.56068457675208j)
6294,0.35284224688866467,(-120.81541081530621-214.68384988727297j)
6295,0.352898306985088,(-311.2177036676533-240.09178731601764j)
6296,0.3529543670815114,(352.8402962049069-212.03971685526272j)
6297,0.35301042717793474,(0.2970955613450812-116.6885262942283j)
6298,0.35306648727435813,(-242.86956728093963-166.8033168640317j)
6299,0.35312254737078147,(-278.57304479953314-405.4454991986846j)
6300,0.35317860746720486,(72.7472489690149-524.1771764390076j)
6301,0.3532346675636282,(51.3648743573993-199.6928346819288j)
6302,0.3532907276600516,(114.49242349559448+165.88783756108495j)
6303,0.35334678775647493,(340.20592860720006-158.522623604308j)
6304,0.3534028478528983,(170.54028708536416+51.65753993021441j)
6305,0.35345890794932167,(-147.78517020229185+142.612305260286j)
6306,0.35351496804574506,(-36.47706865292484-260.7824455732516j)
6307,0.3535710281421684,(51.59043198270562+675.8206856362002j)
6308,0.3536270882385918,(56.29093645409108+543.1870808939965j)
6309,0.35368314833501513,(-138.36528114192262+387.33169311453764j)
6310,0.3537392084314385,(138.2746877220591+507.4952899140423j)
6311,0.35379526852786186,(-112.84833549890007-152.96596667936024j)
6312,0.35385132862428526,(100.96008332423874-88.81885468199984j)
6313,0.3539073887207086,(-176.36414921196456-29.135145653659393j)
6314,0.353963448817132,(95.75468254167271+174.09154595413435j)
6315,0.3540195089135553,(266.86683256648786-113.19960521750451j)
6316,0.3540755690099787,(-367.2013900493203-478.8844154484193j)
6317,0.35413162910640206,(236.07232917870635-414.91459904409436j)
6318,0.35418768920282545,(4.182196346357026+31.070269917275155j)
6319,0.3542437492992488,(-68.06992765580273+176.60823279139981j)
6320,0.3542998093956722,(-540.7229174391508-233.49039109332398j)
6321,0.3543558694920955,(165.13379276646634-140.10620824543236j)
6322,0.3544119295885189,(-31.105425765442753-211.58422592240865j)
6323,0.35446798968494225,(144.41239273237827+465.1491800431295j)
6324,0.35452404978136565,(-381.05315542226754+423.89775565454306j)
6325,0.354580109877789,(249.43259622953417-457.0783877641004j)
6326,0.3546361699742124,(-206.9039207001397+76.35743870396385j)
6327,0.3546922300706357,(40.81088612807681-1.8861164496014489j)
6328,0.3547482901670591,(-2.382418348343407+243.32951427414037j)
6329,0.35480435026348245,(-104.49669918690121-120.28733698294022j)
6330,0.35486041035990584,(-68.06918409827877-301.62590526746345j)
6331,0.3549164704563292,(-317.18498813720106-33.64328889158211j)
6332,0.3549725305527526,(185.52996061656637-111.86328816439234j)
6333,0.3550285906491759,(-0.2182735340782358+372.4250483496141j)
6334,0.3550846507455993,(-329.76082654303434-19.118247407999306j)
6335,0.35514071084202264,(14.133432092120259-242.79301417510453j)
6336,0.35519677093844604,(75.13114999203789+94.03336419418629j)
6337,0.3552528310348694,(447.9481413021182-201.10080527584188j)
6338,0.35530889113129277,(-0.16562394121799429+199.72537759616958j)
6339,0.3553649512277161,(-149.24270131128367+93.30917177452993j)
6340,0.3554210113241395,(35.05274396048136-60.525162630176546j)
6341,0.35547707142056284,(-295.8253608884822+197.67332663019818j)
6342,0.35553313151698623,(-242.1815137496136-822.8766660336421j)
6343,0.35558919161340957,(98.92400744878566-357.8950118804533j)
6344,0.35564525170983297,(71.49076222651311-63.45118898578731j)
6345,0.3557013118062563,(402.91874382797397+384.3103893641126j)
6346,0.3557573719026797,(143.68063702682434+132.9558913536035j)
6347,0.35581343199910304,(-411.00037755694166-362.1447581002451j)
6348,0.35586949209552643,(283.7903515172953-23.360709216689894j)
6349,0.35592555219194977,(486.4109479612566+9.26864330909936j)
6350,0.35598161228837316,(179.4588142346638-50.43210978106188j)
6351,0.3560376723847965,(8.470131403833125+74.08632022387945j)
6352,0.3560937324812199,(-72.0761096341441+58.844322208664906j)
6353,0.35614979257764323,(365.3434425094157-2.275283703508549j)
6354,0.3562058526740666,(-62.1435016452451+199.18190549594533j)
6355,0.35626191277048996,(-281.6939578277654-158.8950915606887j)
6356,0.35631797286691336,(-67.91371706416741+109.5841644815638j)
6357,0.3563740329633367,(-404.8784534722144-38.362752191281785j)
6358,0.3564300930597601,(-334.58137251434925-122.0272019078904j)
6359,0.3564861531561834,(-154.36226774975154+147.2451400367347j)
6360,0.3565422132526068,(-76.96023774137777-270.8845789634407j)
6361,0.35659827334903016,(-381.3348802349909-278.3409082656583j)
6362,0.35665433344545355,(-449.96154707559737+459.8969691268975j)
6363,0.3567103935418769,(138.04279053067552-14.217456981629269j)
6364,0.3567664536383003,(273.10301421319826-482.18946983525313j)
6365,0.3568225137347236,(420.53448999548436-25.128675170243213j)
6366,0.356878573831147,(98.3841257272345+163.2897982122106j)
6367,0.35693463392757036,(-49.551471904889866+146.77194712996487j)
6368,0.35699069402399375,(-21.884504804848167+63.42532444533098j)
6369,0.3570467541204171,(100.89848891727301+127.90039904840928j)
6370,0.3571028142168405,(482.1591892888415-10.270634203481961j)
6371,0.3571588743132638,(11.099630227809286-13.81878974042484j)
6372,0.3572149344096872,(-7.873813383321458+26.336994291991793j)
6373,0.35727099450611055,(-295.7293292061786+174.48985109125917j)
6374,0.35732705460253394,(-68.04662084586872-420.732236681797j)
6375,0.3573831146989573,(-169.68683938776024-370.69874741728285j)
6376,0.3574391747953807,(-232.56978451465432+717.9698133575132j)
6377,0.357495234891804,(216.77716876375925-50.95132766375525j)
6378,0.3575512949882274,(-434.1315477194157+140.3800270708068j)
6379,0.35760735508465075,(-212.7116527313499-147.7953874880914j)
6380,0.35766341518107414,(4.877809470890667-26.70453818279917j)
6381,0.3577194752774975,(-293.4509388272575+38.835392896509916j)
6382,0.35777553537392087,(-37.331977088448554+165.6563766098004j)
6383,0.3578315954703442,(-303.3400904295456-161.75734854862787j)
6384,0.3578876555667676,(484.02734957825544-109.64627555922021j)
6385,0.35794371566319094,(-69.88495736459134-67.13948144058953j)
6386,0.35799977575961434,(-31.37781898549531+899.742495652496j)
6387,0.3580558358560377,(322.9308694746637-189.99915708966807j)
6388,0.35811189595246107,(46.07738068327485+337.14204113521123j)
6389,0.3581679560488844,(639.9135679355328+58.421362344515614j)
6390,0.3582240161453078,(-67.36636054723195+545.5376515449119j)
6391,0.35828007624173114,(479.4138148987665-103.78177900908108j)
6392,0.35833613633815453,(0.37015115320087943-225.84259585166757j)
6393,0.35839219643457787,(-196.26866336785324+125.48902066593008j)
6394,0.35844825653100126,(-87.17503075473967+430.6548815725945j)
6395,0.3585043166274246,(76.1424334754325+39.27200603496455j)
6396,0.358560376723848,(-281.7363074512012-341.23193022490653j)
6397,0.35861643682027133,(-279.65278994875763+98.25971593255737j)
6398,0.3586724969166947,(506.3449378563988+74.40945214716629j)
6399,0.35872855701311807,(-299.9130725473251-270.2866548302204j)
6400,0.35878461710954146,(-135.96873075670985-651.0315793204071j)
6401,0.3588406772059648,(-160.82575311811348-134.705729465053j)
6402,0.35889673730238814,(91.96211393467212+82.9302513069131j)
6403,0.35895279739881153,(-74.69251467363547+188.23380306644097j)
6404,0.35900885749523487,(48.005728761511804-389.5994839348805j)
6405,0.35906491759165826,(459.6828587523086+234.70240445467647j)
6406,0.3591209776880816,(38.85288473916707+9.486237823511454j)
6407,0.359177037784505,(715.9737359784103-96.83444905435567j)
6408,0.35923309788092833,(71.33325805825805+290.08297420304746j)
6409,0.3592891579773517,(-10.65094666314917-376.48340416530294j)
6410,0.35934521807377506,(-188.4627408345425-125.09999122758009j)
6411,0.35940127817019846,(55.81222581116265-251.01120709246072j)
6412,0.3594573382666218,(-128.82357554085624+223.17242275661405j)
6413,0.3595133983630452,(37.235757679211105-361.16022875577266j)
6414,0.3595694584594685,(82.7714172355225+517.2124944908251j)
6415,0.3596255185558919,(334.8270515076276-393.84488599715996j)
6416,0.35968157865231526,(-220.44860795073788-135.65428099220992j)
6417,0.35973763874873865,(-209.72279069772705-222.88900117648106j)
6418,0.359793698845162,(19.420691010297986-214.83706877119286j)
6419,0.3598497589415854,(73.29294341412063-61.37415492481847j)
6420,0.3599058190380087,(-602.0501234091475-163.1441963656845j)
6421,0.3599618791344321,(-61.319714189420225+261.63803298569036j)
6422,0.36001793923085545,(65.0965822407319-107.13675933831671j)
6423,0.36007399932727885,(113.77137693075672-364.6121223837342j)
6424,0.3601300594237022,(72.14277862320586-31.288561235870375j)
6425,0.3601861195201256,(-236.04573184821766+196.1269392992646j)
6426,0.3602421796165489,(536.2354998018158+521.961487557844j)
6427,0.3602982397129723,(652.3741642988589-265.2565014886733j)
6428,0.36035429980939565,(-255.16403756296737-62.2870042538565j)
6429,0.36041035990581904,(-21.183323024905675+217.59786953096733j)
6430,0.3604664200022424,(-189.39555915644206+129.36232390731544j)
6431,0.3605224800986658,(-143.47221336763107+392.6682771029112j)
6432,0.3605785401950891,(-174.5360774612807-172.40463079579507j)
6433,0.3606346002915125,(100.30345595728014+278.6907683358648j)
6434,0.36069066038793585,(402.455251874806-243.17375750439564j)
6435,0.36074672048435924,(172.3115585514347+159.20847702821573j)
6436,0.3608027805807826,(-121.92988160726242-59.61773338204272j)
6437,0.36085884067720597,(72.64418414127542-175.7506389552166j)
6438,0.3609149007736293,(485.7461916135098-3.9566467273835j)
6439,0.3609709608700527,(-170.04288430914224-92.50451616094108j)
6440,0.36102702096647604,(286.19582035406603+258.29670735085176j)
6441,0.36108308106289944,(-44.07174509436859-114.43277829492614j)
6442,0.3611391411593228,(-426.2233690761205-169.2776655090586j)
6443,0.36119520125574617,(-80.5868265362918-33.65819629005986j)
6444,0.3612512613521695,(253.26474129852224+101.14287821685362j)
6445,0.3613073214485929,(-36.33567870042206+159.56748448710306j)
6446,0.36136338154501624,(-141.0965701260441+182.27285540032213j)
6447,0.36141944164143963,(373.0258522543253+238.41685085330573j)
6448,0.36147550173786297,(46.93637437908873-363.8133341902963j)
6449,0.36153156183428636,(-341.8352402009008+138.61578203262204j)
6450,0.3615876219307097,(-219.34120567310674-775.3559089963911j)
6451,0.3616436820271331,(260.07034218338936-96.04846961178637j)
6452,0.36169974212355643,(344.7362696657177-62.39777908969849j)
6453,0.3617558022199798,(283.46751109385434-259.5319438620999j)
6454,0.36181186231640317,(247.27120173560263+388.3493903936873j)
6455,0.36186792241282656,(164.73305374594167+157.63725093058298j)
6456,0.3619239825092499,(-192.84999311858886+42.439417701131255j)
6457,0.3619800426056733,(164.56039840311936-184.6528583888023j)
6458,0.36203610270209663,(298.4775264541133-537.4402081461121j)
6459,0.36209216279852,(183.86901787542476-126.91595839989634j)
6460,0.36214822289494336,(433.2240118164175-3.9397205748462945j)
6461,0.36220428299136675,(-118.34774387660256-184.72265592514134j)
6462,0.3622603430877901,(-328.2896839807514+242.05413835893734j)
6463,0.3623164031842135,(-271.7857180617237-42.876143829925155j)
6464,0.3623724632806368,(642.9791914589125-345.22556856992594j)
6465,0.3624285233770602,(275.7608636551378+96.50065222113932j)
6466,0.36248458347348356,(23.638997767162735-122.09353621380782j)
6467,0.36254064356990695,(340.24045684969684+393.68922956615563j)
6468,0.3625967036663303,(-54.454016989573155-151.57039303366065j)
6469,0.3626527637627537,(-217.4296152437066+138.8857055481151j)
6470,0.362708823859177,(164.80995820600495-167.81320208290876j)
6471,0.3627648839556004,(-48.94257005725234-67.7753716945821j)
6472,0.36282094405202375,(96.09696381160624+384.01882412333083j)
6473,0.36287700414844715,(-205.94567743019013+213.2779900430026j)
6474,0.3629330642448705,(54.333148908727864+477.7125030276877j)
6475,0.3629891243412939,(-263.5860621768402+73.58474183363138j)
6476,0.3630451844377172,(252.29375706304552+310.40849950270365j)
6477,0.3631012445341406,(-226.25720925490558-121.97696399960341j)
6478,0.36315730463056395,(349.9052716092714+52.680663375825766j)
6479,0.36321336472698734,(120.8330838271524+550.9704357128421j)
6480,0.3632694248234107,(-446.6263149055887-267.4981524371235j)
6481,0.3633254849198341,(-146.1556625382887+69.62555333971824j)
6482,0.3633815450162574,(-419.0891696960421-219.73475262156074j)
6483,0.3634376051126808,(124.95097490300553-36.68476528683879j)
6484,0.36349366520910414,(240.33970379979328+175.17934266151923j)
6485,0.36354972530552754,(7.628852874314665+26.259935299627074j)
6486,0.3636057854019509,(-5.422024889582033+99.51388085539347j)
6487,0.36366184549837427,(33.221475817808425-348.9893055454359j)
6488,0.3637179055947976,(-44.37015003681611-491.0468787012958j)
6489,0.363773965691221,(257.0329674432907-256.71934302625124j)
6490,0.36383002578764434,(146.64331925074927-159.11465585053844j)
6491,0.36388608588406773,(-268.60004699602877-299.2758132534603j)
6492,0.36394214598049107,(-112.50829985021731+101.02871467759893j)
6493,0.36399820607691447,(-199.60890294882805-194.8476878099315j)
6494,0.3640542661733378,(-170.87105336452692+135.44200292017666j)
6495,0.3641103262697612,(-320.5362247753984+631.9127255033939j)
6496,0.36416638636618454,(327.14223574274973-285.60524443278075j)
6497,0.36422244646260793,(143.602746085479-211.14355795192492j)
6498,0.36427850655903127,(-811.7783011009956+228.5355473438205j)
6499,0.36433456665545466,(370.6402021886912+21.20414321543302j)
6500,0.364390626751878,(-219.75587488394294+51.72171994876285j)
6501,0.3644466868483014,(-19.268717114712246-371.6223022045627j)
6502,0.36450274694472473,(329.9010581129223+374.62746575290504j)
6503,0.3645588070411481,(124.72181680991986+263.89148699453904j)
6504,0.36461486713757146,(-210.85928123656925+520.5706485804523j)
6505,0.36467092723399486,(118.8652946180389-33.759316448193715j)
6506,0.3647269873304182,(158.2258112378811-201.4684779939777j)
6507,0.3647830474268416,(244.2435923801288+119.7660086747897j)
6508,0.3648391075232649,(-349.62310751252573+256.0065659414299j)
6509,0.3648951676196883,(247.24269451474424+137.51943469656499j)
6510,0.36495122771611166,(432.50275361643145-49.448536637908205j)
6511,0.36500728781253505,(119.59426082134999+241.40040083177593j)
6512,0.3650633479089584,(83.25318489633172+179.93493908347125j)
6513,0.3651194080053818,(-425.72234073470526+5.123744206224913j)
6514,0.3651754681018051,(-192.48041741067718+233.41006461281304j)
6515,0.3652315281982285,(-184.6419269525241+8.514709018220538j)
6516,0.36528758829465185,(-435.60962847696555-174.87887119790406j)
6517,0.36534364839107525,(116.43620567420356-26.473685995530392j)
6518,0.3653997084874986,(-64.52072414409588+82.14362252993172j)
6519,0.365455768583922,(143.11147736839558+302.7045167318453j)
6520,0.3655118286803453,(-170.23482360347563+160.78361073849248j)
6521,0.3655678887767687,(139.54053344542532+30.94908525380935j)
6522,0.36562394887319205,(312.2976620672594-31.863232045665328j)
6523,0.36568000896961544,(-155.82376850360092-65.86697652662373j)
6524,0.3657360690660388,(83.8310957197572+228.63378987613382j)
6525,0.3657921291624622,(283.2765919681118+272.4509333193928j)
6526,0.3658481892588855,(284.0995919168931+1.5025567681663112j)
6527,0.3659042493553089,(102.62731724683512+116.22640627534422j)
6528,0.36596030945173225,(-223.49186817500467+161.48218576143378j)
6529,0.36601636954815564,(299.57406655357056-202.01165923874865j)
6530,0.366072429644579,(75.70150711418864-22.042662698620525j)
6531,0.36612848974100237,(-55.165253450832694+222.14935692230463j)
6532,0.3661845498374257,(42.29686092418406-78.2981705123448j)
6533,0.3662406099338491,(79.47925712234742-111.87969894118638j)
6534,0.36629667003027244,(-101.5655212196759-160.29361694655188j)
6535,0.36635273012669584,(31.866039181612322+50.03848597337253j)
6536,0.3664087902231192,(-384.21401685979964+123.79625265870621j)
6537,0.36646485031954257,(-339.87587967199124-177.96141015488968j)
6538,0.3665209104159659,(32.4329981679185+81.36737320117953j)
6539,0.3665769705123893,(-337.6211438134626-284.9273845709686j)
6540,0.36663303060881264,(-268.617818020309+78.76752052532402j)
6541,0.36668909070523603,(18.035099948509654-175.50804267707971j)
6542,0.36674515080165937,(211.3425872107173-548.8778699814283j)
6543,0.36680121089808276,(447.47058210357324+90.90708387037034j)
6544,0.3668572709945061,(-834.4999337180441-75.42590606042347j)
6545,0.3669133310909295,(-71.46646588331113+65.48998359870741j)
6546,0.36696939118735283,(231.57313042203847+520.7745440051605j)
6547,0.3670254512837762,(-380.0834849885544+338.5621953355157j)
6548,0.36708151138019957,(220.50687761295194-83.9603553613996j)
6549,0.36713757147662296,(-39.59668793412523-26.448687153180494j)
6550,0.3671936315730463,(-52.81024978705983-454.69722047515654j)
6551,0.3672496916694697,(-242.5588625258817+641.3321921297843j)
6552,0.36730575176589303,(-205.0345467108278+13.144658556419927j)
6553,0.3673618118623164,(-256.0728518561813-496.26585050479525j)
6554,0.36741787195873976,(-34.93756305382158+430.07600331589475j)
6555,0.36747393205516315,(34.46004269231847-227.77417949783376j)
6556,0.3675299921515865,(23.496538678804495-52.856056114727515j)
6557,0.3675860522480099,(-158.78246561755716+70.23478356821754j)
6558,0.3676421123444332,(149.08792351702363-65.7246368142248j)
6559,0.3676981724408566,(273.0254998839236+235.96643479406117j)
6560,0.36775423253727996,(-69.1988817412846-26.09442530563583j)
6561,0.36781029263370335,(312.6094994159848+450.70602615999445j)
6562,0.3678663527301267,(-91.86077577067739-418.9770426380212j)
6563,0.3679224128265501,(-302.0784934961611-430.37691174713876j)
6564,0.3679784729229734,(-93.02991012671701-329.4652403837829j)
6565,0.3680345330193968,(129.30238299683253-585.3228693423594j)
6566,0.36809059311582015,(2.482048440248377-188.53559091986457j)
6567,0.36814665321224355,(-215.7531999475819+243.8288563614904j)
6568,0.3682027133086669,(-250.9862829687073-259.1179890051414j)
6569,0.3682587734050903,(24.259122000808574-159.5061422315007j)
6570,0.3683148335015136,(232.85128963155012-28.457539172901562j)
6571,0.368370893597937,(-60.103645541982615-23.45407456602517j)
6572,0.36842695369436035,(358.6288489211879+454.3935736894864j)
6573,0.36848301379078374,(-326.2718269500789-105.87034454610014j)
6574,0.3685390738872071,(34.13703457974023+261.71591447715696j)
6575,0.3685951339836305,(-243.42152568681922+265.5584692155703j)
6576,0.3686511940800538,(140.68849995496973+542.8052284892115j)
6577,0.3687072541764772,(-162.14574077828505-385.95657660382335j)
6578,0.36876331427290054,(184.0592764754898+84.88563545416886j)
6579,0.36881937436932394,(421.4044624854331-223.08861583252443j)
6580,0.3688754344657473,(-53.298186485420096-43.05041106754428j)
6581,0.36893149456217067,(-298.9350968020076+190.21699610400702j)
6582,0.368987554658594,(139.2007854349656+143.81761584518767j)
6583,0.3690436147550174,(2.943953151362135+16.906881408262606j)
6584,0.36909967485144074,(439.13547458950154+441.6977492985376j)
6585,0.36915573494786413,(117.43705149182796-4.965386558922695j)
6586,0.36921179504428747,(-483.0241454164858-555.1729062188532j)
6587,0.36926785514071087,(-153.14791124048838-272.2409968962824j)
6588,0.3693239152371342,(169.51966106294967-56.11537987261305j)
6589,0.3693799753335576,(-368.40718802905855+131.85001369237563j)
6590,0.36943603542998094,(-124.08590103961745-417.4568966477731j)
6591,0.36949209552640433,(-258.0211770062923+184.5406503769671j)
6592,0.36954815562282767,(96.09674458693789-49.3906018889417j)
6593,0.36960421571925106,(-96.80647886843178-244.08590746682995j)
6594,0.3696602758156744,(-92.58729840764798-36.780841932900884j)
6595,0.3697163359120978,(-56.78537291837393-16.75706910144934j)
6596,0.36977239600852113,(-338.17731846538027+204.3932599523207j)
6597,0.3698284561049445,(41.66932625117264+100.82791496879298j)
6598,0.36988451620136786,(461.8290483476726+21.696553465749293j)
6599,0.36994057629779126,(-342.0070464684359+233.59453494222524j)
6600,0.3699966363942146,(-208.91377691030917+175.56934497582947j)
6601,0.370052696490638,(213.58661328853464-244.82712401292557j)
6602,0.3701087565870613,(213.10284146540548+435.9956427341606j)
6603,0.3701648166834847,(-373.78499765694954+49.60919570406483j)
6604,0.37022087677990806,(-160.49040748582541-339.54225483036765j)
6605,0.37027693687633145,(423.3868351388014-205.93027403452692j)
6606,0.3703329969727548,(213.6466257738607+150.5469899362477j)
6607,0.3703890570691782,(302.8852243070913-81.633437105922j)
6608,0.3704451171656015,(274.3384235591776+537.8606026269161j)
6609,0.3705011772620249,(-36.72875345143996-125.37478759192659j)
6610,0.37055723735844825,(385.2092417437151-346.23616421532563j)
6611,0.37061329745487165,(-124.19574639024316-316.87033191353373j)
6612,0.370669357551295,(9.217737587814497-493.128276188464j)
6613,0.3707254176477184,(-91.20112421072108-169.8938602025277j)
6614,0.3707814777441417,(117.7428705512074-278.9208537357648j)
6615,0.3708375378405651,(89.60015793472498+119.87818519819028j)
6616,0.37089359793698845,(-524.8229126936739+21.719295591103986j)
6617,0.37094965803341184,(-275.3244347741+72.6705584378335j)
6618,0.3710057181298352,(283.38529840334127+382.14125011969173j)
6619,0.3710617782262586,(-335.9116998952766+9.219471295637248j)
6620,0.3711178383226819,(-603.9663085699881-106.09526200928997j)
6621,0.3711738984191053,(-329.35665944131034+164.51817001982823j)
6622,0.37122995851552865,(271.07244413587097-530.0699699830466j)
6623,0.37128601861195204,(293.78322780156907-147.40551008580866j)
6624,0.3713420787083754,(9.199779698683649-14.852132118196806j)
6625,0.37139813880479877,(95.89728084901814+162.1854750385714j)
6626,0.3714541989012221,(31.58897163192418-294.46144240037256j)
6627,0.3715102589976455,(185.937182617021-158.96229759722948j)
6628,0.37156631909406884,(-38.41449950545516+47.25479778187467j)
6629,0.37162237919049224,(-166.17841571165616-78.73481536837798j)
6630,0.3716784392869156,(95.70149571421618-67.16220702112412j)
6631,0.37173449938333897,(-173.52170550520384+46.199750531284536j)
6632,0.3717905594797623,(-136.85144534431998+347.3857746003551j)
6633,0.3718466195761857,(-37.43390871824657+416.61390824215596j)
6634,0.37190267967260904,(92.25510748271202-19.302875502971677j)
6635,0.37195873976903243,(119.30587253786337-193.88017557363233j)
6636,0.37201479986545577,(-38.392297549865596-10.648877224335223j)
6637,0.37207085996187916,(126.2561939321013-184.91703607292732j)
6638,0.3721269200583025,(79.17346866826324-155.25962291224783j)
6639,0.3721829801547259,(168.54380385181483-374.76164222218927j)
6640,0.37223904025114923,(-185.00888602503048-27.501575448295796j)
6641,0.3722951003475726,(208.89544848574195-312.79053853063823j)
6642,0.37235116044399597,(-396.14474729345534-181.63670466956737j)
6643,0.37240722054041936,(213.48397338423874+193.87578168281587j)
6644,0.3724632806368427,(350.38165150585274-311.49665848829267j)
6645,0.3725193407332661,(-239.39693722618668-301.14969940967774j)
6646,0.37257540082968943,(-31.607619658336205+131.49532896591396j)
6647,0.3726314609261128,(284.24418010735405+298.68153298689685j)
6648,0.37268752102253616,(-156.41261990234597-478.65272286569143j)
6649,0.37274358111895955,(8.795107600052518+184.45526288042464j)
6650,0.3727996412153829,(316.12442137339843-86.37608511231919j)
6651,0.3728557013118063,(-241.69206806769554+294.8573821992755j)
6652,0.3729117614082296,(-253.3654585406728-88.93120782253277j)
6653,0.372967821504653,(180.2112798330072-148.01581566776107j)
6654,0.37302388160107636,(300.62761034126845+225.96533894656207j)
6655,0.37307994169749975,(134.02893312400562+258.4726955151673j)
6656,0.3731360017939231,(-478.25749639176024-539.1093659570976j)
6657,0.3731920618903464,(-148.5789278820771+397.7598036731052j)
6658,0.3732481219867698,(175.76468182458913+181.61721578096666j)
6659,0.37330418208319316,(528.616274145939+121.02178657044448j)
6660,0.37336024217961655,(266.9153276795265-579.0997994451631j)
6661,0.3734163022760399,(136.91395365431177-149.86899035931907j)
6662,0.3734723623724633,(150.95693034036066-270.1004192639906j)
6663,0.3735284224688866,(312.0445980040289+443.90378286507575j)
6664,0.37358448256531,(117.93458490128141-95.8806099684847j)
6665,0.37364054266173335,(209.811415980462-298.365568773912j)
6666,0.37369660275815675,(5.349951409769709+309.8880766029781j)
6667,0.3737526628545801,(133.2461685455562+268.3644822873466j)
6668,0.3738087229510035,(-251.08554774565533+357.42143487528375j)
6669,0.3738647830474268,(-59.95341851217424-505.8860335834506j)
6670,0.3739208431438502,(-386.9241500553467-132.77783143741334j)
6671,0.37397690324027355,(-332.26103458229295-462.14620790713843j)
6672,0.37403296333669694,(293.8382085279396-242.78307806363995j)
6673,0.3740890234331203,(201.0945519810235+447.66293260116424j)
6674,0.3741450835295437,(65.94179356135324+27.698217235031365j)
6675,0.374201143625967,(164.7631087484589-229.94402186628605j)
6676,0.3742572037223904,(-2.75483339973443-343.51298335448564j)
6677,0.37431326381881375,(174.66918395197985-543.5148384748538j)
6678,0.37436932391523714,(-116.54933737010873+230.5208370810154j)
6679,0.3744253840116605,(3.6886678384252036-122.68704989255724j)
6680,0.37448144410808387,(535.7595665619677+178.7382414406852j)
6681,0.3745375042045072,(-295.7293882742233-41.28804835018134j)
6682,0.3745935643009306,(-104.85965134463495-102.58899268683027j)
6683,0.37464962439735394,(-69.05334982913824+62.71806608394631j)
6684,0.37470568449377734,(-29.198730821300867-208.24107607668273j)
6685,0.3747617445902007,(-35.173552941453956+131.82221157054002j)
6686,0.37481780468662407,(-44.478748847401384-228.31013457340427j)
6687,0.3748738647830474,(277.81041936421985+375.5006765137468j)
6688,0.3749299248794708,(18.731972275400306+7.8435440286008005j)
6689,0.37498598497589414,(-279.2607005781365+66.61822758459599j)
6690,0.37504204507231753,(112.09885258523931+44.11972335333547j)
6691,0.37509810516874087,(186.12254473040917-224.0289295935329j)
6692,0.37515416526516426,(-276.9658516725812-197.1679761939839j)
6693,0.3752102253615876,(-71.53791307189127+88.04951054374916j)
6694,0.375266285458011,(-354.0287897464459-589.7663723484785j)
6695,0.37532234555443433,(-58.94235711266205+247.35995900299415j)
6696,0.3753784056508577,(33.85457835060552+22.868511734341073j)
6697,0.37543446574728107,(88.34461519870803-39.43001690086713j)
6698,0.37549052584370446,(236.1332782620558+454.2467517372842j)
6699,0.3755465859401278,(-329.7818781041552+164.2278512755815j)
6700,0.3756026460365512,(-291.1684241945411+210.55438482797481j)
6701,0.37565870613297453,(-159.89956157054866-106.68563398728033j)
6702,0.3757147662293979,(-350.0112141443993+34.95315453734413j)
6703,0.37577082632582126,(43.89785647838349-49.79059790769492j)
6704,0.37582688642224465,(49.64486607726697+253.04967787648584j)
6705,0.375882946518668,(366.7034322549291-494.99488970846846j)
6706,0.3759390066150914,(-199.19826593809208+84.07402984864208j)
6707,0.3759950667115147,(72.4933924738802-120.74908365122005j)
6708,0.3760511268079381,(-200.98551789757784+169.18483038014372j)
6709,0.37610718690436146,(-69.51099562527102-418.74506550086676j)
6710,0.37616324700078485,(232.9719353369859-306.3629591050464j)
6711,0.3762193070972082,(206.97507613382885+466.2393654943826j)
6712,0.3762753671936316,(-70.00091466235716-133.58214928632796j)
6713,0.3763314272900549,(179.32945078876864+24.19416857992887j)
6714,0.3763874873864783,(91.673696170136-23.920894708481242j)
6715,0.37644354748290165,(-208.03033406911084-47.23752084366081j)
6716,0.37649960757932505,(587.4686307148105+4.567754787425571j)
6717,0.3765556676757484,(-35.68288484099753+477.2605222189409j)
6718,0.3766117277721718,(-242.7333457272848-337.72150892281235j)
6719,0.3766677878685951,(-238.18327898815775-92.54288159221048j)
6720,0.3767238479650185,(19.165501511638894-599.542229006925j)
6721,0.37677990806144185,(12.750426302177743+367.86167742029994j)
6722,0.37683596815786524,(148.13606704303942+341.700293202618j)
6723,0.3768920282542886,(179.62220926572382-85.75604127283952j)
6724,0.376948088350712,(178.75317525871685+34.23210996707719j)
6725,0.3770041484471353,(-53.85215869278329-142.5634882661935j)
6726,0.3770602085435587,(219.40400019064103-123.7809302911759j)
6727,0.37711626863998204,(195.87311086277867+305.7581482785223j)
6728,0.37717232873640544,(-147.12191618997633+33.27088711408604j)
6729,0.3772283888328288,(-310.8859912648578+278.7518477113643j)
6730,0.37728444892925217,(164.66910365729404-144.36321695171284j)
6731,0.3773405090256755,(27.405115861480517-168.3360818669403j)
6732,0.3773965691220989,(-72.1177914642774-105.21901144904751j)
6733,0.37745262921852224,(369.86322632810175-157.01236433428184j)
6734,0.37750868931494563,(107.06859283016607-242.92471085591814j)
6735,0.37756474941136897,(-322.36554319954917-290.4933813495702j)
6736,0.37762080950779237,(-102.41037562554051+143.64790234297055j)
6737,0.3776768696042157,(155.89237365336496+68.25805294553595j)
6738,0.3777329297006391,(18.23672175373963+262.2385804199488j)
6739,0.37778898979706244,(3.8928984531037276+19.934445055917394j)
6740,0.37784504989348583,(180.2556224982186+108.17300721189147j)
6741,0.37790110998990917,(355.52935787916056-527.0941861978206j)
6742,0.37795717008633256,(-386.10928429895387+103.37843943165011j)
6743,0.3780132301827559,(-402.8733959535191+302.88035606950535j)
6744,0.3780692902791793,(367.94556254915716+602.4884555768597j)
6745,0.37812535037560263,(373.29452351544376+154.33625023094186j)
6746,0.378181410472026,(-3.9747855563793024+187.8631701309454j)
6747,0.37823747056844936,(-54.258484897477416+211.44450253816316j)
6748,0.37829353066487276,(64.04594160800433-259.51243663382604j)
6749,0.3783495907612961,(-46.34560248990255+73.39788056483559j)
6750,0.3784056508577195,(-265.48545433176724+247.5051070711535j)
6751,0.3784617109541428,(-316.82591784330543-48.07815443856338j)
6752,0.3785177710505662,(-293.67781849457435+171.2087351781322j)
6753,0.37857383114698956,(169.7129988946449-39.288569934814454j)
6754,0.37862989124341295,(34.605135386855906+172.18233902437123j)
6755,0.3786859513398363,(168.8921494465958-6.756523052745452j)
6756,0.3787420114362597,(-212.65037438898906+119.44315617372072j)
6757,0.378798071532683,(-49.03379475237979+233.11849335852116j)
6758,0.3788541316291064,(-222.754228484385-479.8741051384271j)
6759,0.37891019172552975,(190.0183279144916-269.4953856099691j)
6760,0.37896625182195315,(-542.4808447997442+33.51354581875057j)
6761,0.3790223119183765,(-282.16009726908607-325.53139876160486j)
6762,0.3790783720147999,(401.900985708691-229.30664124837853j)
6763,0.3791344321112232,(293.63068272743783+286.45003324018853j)
6764,0.3791904922076466,(-111.40838991278187-126.70778801118055j)
6765,0.37924655230406995,(8.35672021862959-199.51305725236404j)
6766,0.37930261240049334,(51.253545750802886+109.79005004027303j)
6767,0.3793586724969167,(-124.55759923800169-531.522278591058j)
6768,0.3794147325933401,(247.47765295869664-34.42034526623557j)
6769,0.3794707926897634,(645.3688436930206-23.204989890323077j)
6770,0.3795268527861868,(190.48972225718148+442.9662973564579j)
6771,0.37958291288261015,(94.56766044270618+379.70466977484523j)
6772,0.37963897297903354,(97.04784131945787+346.4697122234329j)
6773,0.3796950330754569,(233.14708247019536+88.43117567424922j)
6774,0.37975109317188027,(86.31920602799184+9.801406837351392j)
6775,0.3798071532683036,(324.19377946312574-544.7576488183406j)
6776,0.379863213364727,(74.15680696616485+481.39656164910707j)
6777,0.37991927346115034,(13.89608457017864+57.60442221364963j)
6778,0.37997533355757374,(-103.86730482657448-15.360485457697301j)
6779,0.3800313936539971,(117.96026529301929-24.29307750979897j)
6780,0.38008745375042047,(56.68876742411533-199.98570091751736j)
6781,0.3801435138468438,(-375.2314632969419-67.03022728078673j)
6782,0.3801995739432672,(-77.98408109988506+14.370739633237005j)
6783,0.38025563403969054,(56.26935973934678-2.2031764243373892j)
6784,0.38031169413611393,(-19.278756499318664-185.7647824296149j)
6785,0.38036775423253727,(111.73494658080912-466.0414186955262j)
6786,0.38042381432896066,(384.61311019903405+235.27062911608067j)
6787,0.380479874425384,(-196.86206876745558+192.85384932669743j)
6788,0.3805359345218074,(-406.79013321544807+244.07982097729385j)
6789,0.38059199461823073,(-109.75527287819875+28.763935433178062j)
6790,0.3806480547146541,(78.95130827685068-14.362901427683228j)
6791,0.38070411481107747,(249.38234781249741-58.520284981569645j)
6792,0.38076017490750086,(77.3269346961246-202.406803527911j)
6793,0.3808162350039242,(-63.52413898135747+39.40347821144442j)
6794,0.3808722951003476,(-189.2268998871925-60.303222374865506j)
6795,0.38092835519677093,(466.9989211864848+221.7410434541973j)
6796,0.3809844152931943,(-200.500444225551-135.28029445976966j)
6797,0.38104047538961766,(174.29096768411796+361.1641919223347j)
6798,0.38109653548604105,(19.019093850147463+111.86302774405733j)
6799,0.3811525955824644,(70.1875986436249-95.78991691717681j)
6800,0.3812086556788878,(-136.78164608048078-74.7596100803965j)
6801,0.3812647157753111,(205.39970735345685-85.58172555748078j)
6802,0.3813207758717345,(9.057888718424692-173.74578527368334j)
6803,0.38137683596815786,(86.70681184151648+156.0260873093965j)
6804,0.38143289606458125,(-6.018338633778063+28.566657830098944j)
6805,0.3814889561610046,(-146.27069094435035-287.24720750508635j)
6806,0.381545016257428,(-16.608945247223573+330.91192332573087j)
6807,0.3816010763538513,(-249.06046961035656-458.6186968844736j)
6808,0.3816571364502747,(304.4551182459588-221.2700173111182j)
6809,0.38171319654669805,(-195.6099703612981-226.90272630478376j)
6810,0.38176925664312145,(8.181597698670174-199.5116679617139j)
6811,0.3818253167395448,(295.7050451855555-190.51022296226697j)
6812,0.3818813768359682,(-111.18080182544034-1.0491213890539157j)
6813,0.3819374369323915,(100.85527922955092-158.90432791667075j)
6814,0.3819934970288149,(290.02998983659654-357.1965480219035j)
6815,0.38204955712523825,(46.87912464309713+23.252651758695j)
6816,0.38210561722166164,(78.66681190920616-389.2463281508605j)
6817,0.382161677318085,(371.29530994998316+360.8750012136733j)
6818,0.3822177374145084,(44.520980742738494-213.34573454233436j)
6819,0.3822737975109317,(-380.76514275790987+40.92812949350258j)
6820,0.3823298576073551,(-310.08161191416343+183.19188691263798j)
6821,0.38238591770377844,(-52.93288382846211+154.54368645074138j)
6822,0.38244197780020184,(156.37841439146632+236.2849155602256j)
6823,0.3824980378966252,(123.009113214481+133.67671088915455j)
6824,0.38255409799304857,(661.6536453022128-77.95414830774487j)
6825,0.3826101580894719,(-57.22154737243607-126.60455919905664j)
6826,0.3826662181858953,(-123.23612750573275-195.6600702353312j)
6827,0.38272227828231864,(17.649725460241143-42.525351009194125j)
6828,0.38277833837874203,(-244.2401126283927+31.464329517937543j)
6829,0.38283439847516537,(-303.5475504428994-14.250619218405106j)
6830,0.38289045857158877,(-24.15672480484872+230.9188510990053j)
6831,0.3829465186680121,(8.022581631679778-248.5101625685283j)
6832,0.3830025787644355,(38.750064655091805-17.913266868343964j)
6833,0.38305863886085884,(226.1174510519659+245.49196562541755j)
6834,0.38311469895728223,(456.7278437235374+4.125673861049819j)
6835,0.38317075905370557,(187.64287809595334-216.8554572389204j)
6836,0.38322681915012896,(67.38618701986324-4.298251031445588j)
6837,0.3832828792465523,(-158.54342633468931-291.8115369867369j)
6838,0.3833389393429757,(79.51067720014095-212.78577759651267j)
6839,0.38339499943939903,(12.535977690049975-165.0196419231223j)
6840,0.3834510595358224,(266.07965072150387+35.541058700283j)
6841,0.38350711963224576,(216.05188690087573-211.15116899478897j)
6842,0.38356317972866916,(196.44089551617168+182.6485389005794j)
6843,0.3836192398250925,(11.36807379116799-76.81524832027962j)
6844,0.3836752999215159,(276.54086020419595+378.7538763701368j)
6845,0.3837313600179392,(-383.89246349607765-263.53175623767504j)
6846,0.3837874201143626,(-350.8812162490652-4.7534971459315045j)
6847,0.38384348021078596,(-167.27503742434175-46.64107885537316j)
6848,0.38389954030720935,(178.38585717675022-254.95878960600976j)
6849,0.3839556004036327,(-67.4810207641259-128.8907325962761j)
6850,0.3840116605000561,(166.403850583259+588.2384304189167j)
6851,0.3840677205964794,(-1.947102552993499+366.18322559646435j)
6852,0.3841237806929028,(-103.54352190422085+278.35817641980293j)
6853,0.38417984078932615,(187.9724827946669+234.5128559496273j)
6854,0.38423590088574955,(99.98508038011201+147.02762951032483j)
6855,0.3842919609821729,(-295.16402916262064-44.56475810126011j)
6856,0.3843480210785963,(419.82624587491205-27.79951026650363j)
6857,0.3844040811750196,(-91.62116288689458+87.69864868747322j)
6858,0.384460141271443,(61.94183099621115+293.23981296569536j)
6859,0.38451620136786635,(-90.22668833047909+61.5643333480611j)
6860,0.38457226146428974,(299.3511206688484+123.51487846368342j)
6861,0.3846283215607131,(-33.12252235442636-204.3692227673764j)
6862,0.3846843816571365,(-43.75168164733725-29.77647388928523j)
6863,0.3847404417535598,(-276.36717164119415-205.0082557407604j)
6864,0.3847965018499832,(74.04479413029358-353.1959173017979j)
6865,0.38485256194640655,(93.05490495879842+116.63445821288101j)
6866,0.38490862204282994,(-55.07776758108513-162.22484108384432j)
6867,0.3849646821392533,(-83.70832889982826-70.94815523466994j)
6868,0.38502074223567667,(83.4600474513284+86.6424242639245j)
6869,0.3850768023321,(-243.42682304007494-41.97437693865682j)
6870,0.3851328624285234,(89.35480516436716+105.73034712479034j)
6871,0.38518892252494674,(349.25349338234173+209.85740205122696j)
6872,0.38524498262137014,(184.27260857742237+350.7649065485403j)
6873,0.3853010427177935,(139.21290828962637-130.10453304681823j)
6874,0.38535710281421687,(-149.42559255743845-234.30569965781j)
6875,0.3854131629106402,(445.8018615805145-246.0178792066808j)
6876,0.3854692230070636,(201.7606169128197-86.93252460478429j)
6877,0.38552528310348694,(519.5144494556398+135.05302788672745j)
6878,0.38558134319991033,(89.76817195291198-128.02770067431908j)
6879,0.38563740329633367,(-293.6434343268627-210.74163283321772j)
6880,0.38569346339275706,(-207.5967801615321-175.2027602027462j)
6881,0.3857495234891804,(295.36442304766547+37.835275395944535j)
6882,0.3858055835856038,(76.14001089385627+46.76245766598711j)
6883,0.38586164368202713,(139.16528131688628+539.5479595700401j)
6884,0.3859177037784505,(-19.7969794487472-60.72894808283264j)
6885,0.38597376387487387,(295.8311231189583+67.91962712703098j)
6886,0.38602982397129726,(680.8110817724217-393.94136169704916j)
6887,0.3860858840677206,(264.4310231315103-328.3054716304044j)
6888,0.386141944164144,(263.27764550058697+115.01188285232048j)
6889,0.38619800426056733,(-243.71685931680034+231.58600229473134j)
6890,0.3862540643569907,(-430.34939583381407-75.75576813987351j)
6891,0.38631012445341406,(-8.963617547034687+309.6174684027862j)
6892,0.38636618454983745,(-380.3027914664307+234.7678020682373j)
6893,0.3864222446462608,(50.900384775533986-61.85250125993952j)
6894,0.3864783047426842,(315.46011958999225+121.66167032342948j)
6895,0.3865343648391075,(121.06030174164755+171.9749822299692j)
6896,0.3865904249355309,(627.9470981055229-60.24946084553113j)
6897,0.38664648503195426,(-251.3250801474338-475.5936748959269j)
6898,0.38670254512837765,(218.53757932174793+72.36902388718796j)
6899,0.386758605224801,(-770.9935427510416+300.933105279104j)
6900,0.3868146653212244,(-333.90091337965447+149.05992348212646j)
6901,0.3868707254176477,(60.362783895848345+158.51230780214843j)
6902,0.3869267855140711,(-395.27338713857574+36.38592788401097j)
6903,0.38698284561049445,(-0.5854889100645764+99.15792649622207j)
6904,0.38703890570691785,(444.69677274930524-250.7574609204842j)
6905,0.3870949658033412,(151.03983568816767+314.78663337042036j)
6906,0.3871510258997646,(-169.142818254898-64.23241707872808j)
6907,0.3872070859961879,(189.1931004769507+326.1887081038958j)
6908,0.3872631460926113,(-77.96032891020829-409.88882259935497j)
6909,0.38731920618903465,(-150.92706644868082+164.46986736259328j)
6910,0.38737526628545804,(-157.91859663754022-99.78690655253912j)
6911,0.3874313263818814,(-3.107680604362894-262.10257756549584j)
6912,0.3874873864783047,(234.3495223417867+239.08067982331661j)
6913,0.3875434465747281,(140.4736932313027-21.461097696740577j)
6914,0.38759950667115145,(-132.36060241735225-91.99802179693815j)
6915,0.38765556676757484,(111.28809367403298-282.414141437531j)
6916,0.3877116268639982,(139.66920642160125-13.580744114915916j)
6917,0.3877676869604216,(131.44718854792606+540.7106891334864j)
6918,0.3878237470568449,(190.32812697385404-419.59506773194244j)
6919,0.3878798071532683,(46.164583966135154+527.552513937129j)
6920,0.38793586724969165,(-112.32267287217822-202.07035481245234j)
6921,0.38799192734611504,(139.41329874374338-11.60232261557811j)
6922,0.3880479874425384,(-156.05963011741875+210.93005450319177j)
6923,0.38810404753896177,(-53.9455868307607-477.53750319991923j)
6924,0.3881601076353851,(19.942270332069718+159.1764386348707j)
6925,0.3882161677318085,(-53.178119437449915-17.04590981813414j)
6926,0.38827222782823184,(-44.46915918656569+377.0956494345668j)
6927,0.38832828792465524,(121.16029624463404-66.28460995200172j)
6928,0.3883843480210786,(-317.7353611565478-327.59696340249576j)
6929,0.38844040811750197,(-255.83002798037646-402.60724834204694j)
6930,0.3884964682139253,(165.10335750923798+214.32844447276892j)
6931,0.3885525283103487,(343.520344032659-83.67875904763451j)
6932,0.38860858840677204,(-335.9904687392948-251.4454181805698j)
6933,0.38866464850319543,(-126.2265201809665-6.03362924512016j)
6934,0.38872070859961877,(-220.9733851245473+347.53159500677697j)
6935,0.38877676869604216,(-48.35862563050189+103.43762150204218j)
6936,0.3888328287924655,(108.00635877688734-152.69911685385878j)
6937,0.3888888888888889,(87.82374050001874-22.153057420913502j)
6938,0.38894494898531223,(-131.66236374305944+148.70929792451912j)
6939,0.3890010090817356,(-244.61995079248814-316.4172114834464j)
6940,0.38905706917815897,(-696.0703390223014-324.39068071424344j)
6941,0.38911312927458236,(-558.2484715339564-532.1257330094301j)
6942,0.3891691893710057,(363.5233360070949-397.45291464899356j)
6943,0.3892252494674291,(447.2658573806449+373.9090409593359j)
6944,0.38928130956385243,(42.97022252041252-227.52051373837423j)
6945,0.3893373696602758,(-103.67697817063045-252.42674834965783j)
6946,0.38939342975669916,(159.2861347572588-372.36878982905705j)
6947,0.38944948985312255,(57.6260305563408+260.98412799655205j)
6948,0.3895055499495459,(-72.19920437512408-415.0879894257375j)
6949,0.3895616100459693,(-314.6142591138011+194.32255649610784j)
6950,0.3896176701423926,(-195.79724762171725+63.67215414193234j)
6951,0.389673730238816,(198.5075218601068+6.634520533946983j)
6952,0.38972979033523936,(-368.52318658028423+103.46248193852067j)
6953,0.38978585043166275,(-356.6612380829738-85.60072445563807j)
6954,0.3898419105280861,(-412.80089721170174+40.347541269878604j)
6955,0.3898979706245095,(-139.83981802365116-0.7462357405944857j)
6956,0.3899540307209328,(109.49267872269886+50.80498921734867j)
6957,0.3900100908173562,(285.01768620922076+5.700406060982942j)
6958,0.39006615091377955,(58.06653892149756-121.54996775293276j)
6959,0.39012221101020295,(399.54753543078357-157.48560962895897j)
6960,0.3901782711066263,(216.59291546104257-122.0596721279533j)
6961,0.3902343312030497,(-279.3082206711516+170.6742355584944j)
6962,0.390290391299473,(-131.06787626872776-312.834202501132j)
6963,0.3903464513958964,(-133.8729262960196-331.83360039388293j)
6964,0.39040251149231975,(505.94413303635906-119.96456360698804j)
6965,0.39045857158874314,(108.12041835535302+15.024319100836012j)
6966,0.3905146316851665,(-35.82362203034015+119.10642767381215j)
6967,0.3905706917815899,(413.682186753972-204.23158485362268j)
6968,0.3906267518780132,(-219.15159874423125+58.04468392469187j)
6969,0.3906828119744366,(-495.18985902761517-359.88590381801185j)
6970,0.39073887207085994,(100.45142484754894-13.51733971878418j)
6971,0.39079493216728334,(-71.76201204534699+87.17666318724525j)
6972,0.3908509922637067,(155.1133137549189-389.2237221466577j)
6973,0.39090705236013007,(82.70052900895328+8.244332757263813j)
6974,0.3909631124565534,(213.8236818248143+41.131384515518164j)
6975,0.3910191725529768,(507.0866419569278+367.3088056898905j)
6976,0.39107523264940014,(273.0785056199435+134.98332768178125j)
6977,0.39113129274582353,(-49.348791935876605-412.4904965466958j)
6978,0.39118735284224687,(-86.41213748016176-274.01856801330837j)
6979,0.39124341293867027,(-413.6201034792008+17.447512679790172j)
6980,0.3912994730350936,(327.753548892592+316.0280947779411j)
6981,0.391355533131517,(-396.6691613900648-280.92392248947226j)
6982,0.39141159322794034,(466.6316949110285-120.00917958291944j)
6983,0.39146765332436373,(-266.5015732669949+227.18433169966085j)
6984,0.39152371342078707,(-38.14680803587936+195.32674654404707j)
6985,0.39157977351721046,(100.7274566858099+244.48753638465558j)
6986,0.3916358336136338,(98.40960720073201+129.99913419310997j)
6987,0.3916918937100572,(-268.75410064971004+181.18771125074824j)
6988,0.39174795380648053,(18.141519036819812+214.97299795689133j)
6989,0.3918040139029039,(166.631374730145-183.57040750038496j)
6990,0.39186007399932726,(118.52847122535789-493.01341078391346j)
6991,0.39191613409575066,(191.6010039448548+220.07558543942224j)
6992,0.391972194192174,(-114.14420996549694+722.1169599791394j)
6993,0.3920282542885974,(408.96662378746277+12.42216338003572j)
6994,0.3920843143850207,(-103.61442037263849+19.418549452958487j)
6995,0.3921403744814441,(289.85346302691926-11.620067366910584j)
6996,0.39219643457786746,(-155.39426368573857+320.3433545177386j)
6997,0.39225249467429085,(279.39429543790686-345.1119312936896j)
6998,0.3923085547707142,(291.21294083409964-149.3632800188589j)
6999,0.3923646148671376,(212.57762070332873-437.0804463037233j)
7000,0.3924206749635609,(-56.676217592186916+388.6201583335709j)
7001,0.3924767350599843,(54.50997738895879+318.5037035528282j)
7002,0.39253279515640765,(-33.2616481801671-229.38554960344024j)
7003,0.39258885525283105,(-318.16096745966695+171.29154220299515j)
7004,0.3926449153492544,(-406.76650398831316-371.1663492345622j)
7005,0.3927009754456778,(296.77277560947385-137.52383671239826j)
7006,0.3927570355421011,(-363.3987741211145-232.81427742250182j)
7007,0.3928130956385245,(58.59960412635118+105.50824444832772j)
7008,0.39286915573494785,(394.49160841093783+225.5774968858212j)
7009,0.39292521583137124,(73.43282108887277-206.077987077613j)
7010,0.3929812759277946,(-431.21393534985646-235.76423491760386j)
7011,0.393037336024218,(310.9289093684166-144.03015902127038j)
7012,0.3930933961206413,(124.25003140720149-16.64347911368614j)
7013,0.3931494562170647,(-240.60139288810907-62.739429490954066j)
7014,0.39320551631348805,(-92.20412571038356+382.5955748665043j)
7015,0.39326157640991144,(-293.51387982600806+268.1319645395599j)
7016,0.3933176365063348,(48.96829731562633+310.854559058144j)
7017,0.39337369660275817,(-128.03979356754067+430.577684227115j)
7018,0.3934297566991815,(306.1434126558236+3.952668548681231j)
7019,0.3934858167956049,(178.2745440114925-585.8692267502126j)
7020,0.39354187689202824,(163.79800117406091+21.613435870259707j)
7021,0.39359793698845164,(186.5805662058387-477.02962797192816j)
7022,0.393653997084875,(14.631371755153353-41.23343808264697j)
7023,0.39371005718129837,(21.296006994415535-42.79559720430284j)
7024,0.3937661172777217,(-28.08068936844728+365.2185915784052j)
7025,0.3938221773741451,(121.19574661497364+147.25833282366924j)
7026,0.39387823747056844,(128.29012579526378-103.03120880397248j)
7027,0.39393429756699183,(158.82823668696489-575.4088303381469j)
7028,0.39399035766341517,(204.99877678548228+39.63153691190834j)
7029,0.39404641775983856,(171.44440430527737+94.86130434932993j)
7030,0.3941024778562619,(61.4827214467653-94.57802668726373j)
7031,0.3941585379526853,(103.2050319024099+58.290276686679796j)
7032,0.39421459804910863,(-123.6833705316084+88.77136569335697j)
7033,0.394270658145532,(-214.03003443078632-297.48675825998464j)
7034,0.39432671824195537,(22.91753475339121-13.738932626265168j)
7035,0.39438277833837876,(2.8981243386600752+463.4447360234748j)
7036,0.3944388384348021,(-173.85730193789908+257.641077292203j)
7037,0.3944948985312255,(238.30057472983643-53.815080533250004j)
7038,0.39455095862764883,(-73.38675618127084+57.64656863523862j)
7039,0.3946070187240722,(377.20207752112543-103.64219036442144j)
7040,0.39466307882049556,(-128.08822391785338+62.4898998883167j)
7041,0.39471913891691895,(-370.7254448730341-124.3155080029878j)
7042,0.3947751990133423,(-241.9689590816159+118.96153191786134j)
7043,0.3948312591097657,(-261.6506887243971+81.56155268608565j)
7044,0.394887319206189,(-519.9481271218964+199.18099680633247j)
7045,0.3949433793026124,(-560.8486949429941-543.2261840614333j)
7046,0.39499943939903576,(54.77097348091419+4.841535419570398j)
7047,0.39505549949545915,(-30.295360799724435+119.94423882677333j)
7048,0.3951115595918825,(291.14413653336715-289.8411878115395j)
7049,0.3951676196883059,(202.2194634663605+29.89791970175511j)
7050,0.3952236797847292,(-186.15613153445142-88.4434547118071j)
7051,0.3952797398811526,(271.5547644422218+147.85416002139678j)
7052,0.39533579997757595,(345.8648541527558+128.86343326216516j)
7053,0.39539186007399935,(-193.4604944259582-11.508424177559547j)
7054,0.3954479201704227,(-14.445935797072927+48.80029198879907j)
7055,0.3955039802668461,(-28.46768883116559-463.86363940888714j)
7056,0.3955600403632694,(66.10008614759802-307.69878233262557j)
7057,0.3956161004596928,(22.355309202907165+201.60523103871515j)
7058,0.39567216055611615,(-45.58634892003397+154.5544984383413j)
7059,0.39572822065253954,(260.129405169112-421.02466267688027j)
7060,0.3957842807489629,(57.304580731656884-44.2797375534598j)
7061,0.3958403408453863,(-12.16606289527569+105.91969261163591j)
7062,0.3958964009418096,(-240.13471409569132-340.7070259571234j)
7063,0.395952461038233,(205.92083264655386+522.6971296113398j)
7064,0.39600852113465634,(-90.13270351645767-39.405377494774875j)
7065,0.39606458123107974,(88.4638118630824-101.43051996733905j)
7066,0.3961206413275031,(-186.67665966070095-248.87994982980842j)
7067,0.39617670142392647,(54.23989588912062-129.28950728113756j)
7068,0.3962327615203498,(238.91955577306646-462.53580632349167j)
7069,0.3962888216167732,(101.25771920340792+127.11034981596094j)
7070,0.39634488171319654,(-23.7897516975774+408.16996210001633j)
7071,0.39640094180961993,(206.5650360385884-73.51239481428819j)
7072,0.39645700190604327,(369.8663445012926+16.70500272989196j)
7073,0.39651306200246667,(387.5196757439565-226.25727730273852j)
7074,0.39656912209889,(284.3884240412877+250.85751006056034j)
7075,0.3966251821953134,(71.05328468432361-99.0013863194888j)
7076,0.39668124229173674,(53.382105106116185-103.65458916600002j)
7077,0.39673730238816013,(277.75800423288985+128.7162894219011j)
7078,0.39679336248458347,(-33.56590024856777-203.65173033978107j)
7079,0.39684942258100686,(391.70083358328856+469.54931476593134j)
7080,0.3969054826774302,(183.9880977102104-170.409182355989j)
7081,0.3969615427738536,(50.78268550425648+198.624801017676j)
7082,0.39701760287027693,(-129.83320157230514+45.61662520178871j)
7083,0.3970736629667003,(231.6115895632938-421.91918382851554j)
7084,0.39712972306312366,(-67.76938166263753-152.39995645703146j)
7085,0.39718578315954706,(17.659076773829206-246.65640481428588j)
7086,0.3972418432559704,(535.0451638612442-79.77007444755844j)
7087,0.3972979033523938,(324.5033548577765+240.12388461613727j)
7088,0.3973539634488171,(121.15368904779362-46.60558678656773j)
7089,0.3974100235452405,(68.2681206028435+124.88647098440936j)
7090,0.39746608364166386,(-302.08278240935226-89.48942713139922j)
7091,0.39752214373808725,(405.5342345361244-282.90225839239247j)
7092,0.3975782038345106,(0.5862782988265565-387.27923663122357j)
7093,0.397634263930934,(-290.08136191111686-44.893248774583j)
7094,0.3976903240273573,(-217.02848153774613-467.37776625127503j)
7095,0.3977463841237807,(-80.03791085613037+164.8334760404284j)
7096,0.39780244422020405,(-185.51245345598898+161.3676652487596j)
7097,0.39785850431662745,(55.17334254151499-155.66093400192005j)
7098,0.3979145644130508,(218.9422982060293+331.426056207924j)
7099,0.3979706245094742,(166.51163968365614-116.58952436175437j)
7100,0.3980266846058975,(-148.62068280903281+273.5207823922425j)
7101,0.3980827447023209,(142.46892385660897+250.3967004624718j)
7102,0.39813880479874425,(-161.53675792250843-66.5921858479897j)
7103,0.39819486489516764,(295.9046523015448-194.6395490755304j)
7104,0.398250924991591,(-71.6159943638152+286.2293271889171j)
7105,0.3983069850880144,(369.2599108805708-504.04319162554026j)
7106,0.3983630451844377,(156.90121149463016+217.2707525303659j)
7107,0.3984191052808611,(-153.71659420117467+223.403775604504j)
7108,0.39847516537728445,(87.55266364960626+336.82396534424834j)
7109,0.39853122547370784,(-69.54681041991238-59.85401227198544j)
7110,0.3985872855701312,(308.52481565878634-119.86992223681526j)
7111,0.39864334566655457,(-179.30342568816928-76.37814904423517j)
7112,0.3986994057629779,(-263.5403420472199+285.664842470303j)
7113,0.3987554658594013,(197.3664028844521+119.25177224994343j)
7114,0.39881152595582464,(126.90711464505463+249.54665957081446j)
7115,0.39886758605224804,(353.5173349283335+27.889112441756026j)
7116,0.3989236461486714,(115.02933049589834-405.21563326713994j)
7117,0.39897970624509477,(-34.09315082066851+283.2287399829948j)
7118,0.3990357663415181,(73.95194133616253-2.6748985223852877j)
7119,0.3990918264379415,(-357.9802238435776+71.81616723707718j)
7120,0.39914788653436484,(222.24668044378734+147.43913599269936j)
7121,0.39920394663078823,(-111.79578807773301+259.9436767090831j)
7122,0.39926000672721157,(601.4990549762169-592.5977377195951j)
7123,0.39931606682363496,(70.34468221466264+142.62364281221198j)
7124,0.3993721269200583,(-224.26022764376023+358.85307119899966j)
7125,0.3994281870164817,(520.8222548894571-92.43728795307466j)
7126,0.39948424711290503,(121.68974833469736-130.17033730228692j)
7127,0.3995403072093284,(-87.03645755060882-144.93510493775133j)
7128,0.39959636730575177,(121.29668380403791+82.87942256439503j)
7129,0.39965242740217516,(244.3959656920397+182.80550391874158j)
7130,0.3997084874985985,(124.48880228644025+495.9407152060787j)
7131,0.3997645475950219,(142.02876950391283+180.20824874630424j)
7132,0.39982060769144523,(75.7466871371255-106.26157812832037j)
7133,0.3998766677878686,(300.3835334902597+117.49960821951743j)
7134,0.39993272788429196,(314.20857179514917-81.25108084509753j)
7135,0.39998878798071535,(231.95442929543324+38.27604991207632j)
7136,0.4000448480771387,(-1.0282861130479546+354.2245371385728j)
7137,0.4001009081735621,(134.66423506312242-277.0885623066205j)
7138,0.4001569682699854,(-221.49953065015765-132.13588457482558j)
7139,0.4002130283664088,(195.38732714255016+27.189503085765615j)
7140,0.40026908846283216,(87.30832481937178-54.34101980108794j)
7141,0.40032514855925555,(345.2831292354641+42.67161892361824j)
7142,0.4003812086556789,(-35.40813639694976+273.9866252590225j)
7143,0.4004372687521023,(114.23104843394475-144.20194712175297j)
7144,0.4004933288485256,(-85.41551389568801+49.377128478312734j)
7145,0.400549388944949,(210.420018889602+36.50250963753655j)
7146,0.40060544904137235,(-277.1607471804249-276.09491920778083j)
7147,0.40066150913779575,(55.35979190827988+234.56589313599463j)
7148,0.4007175692342191,(-307.2620342923358+125.44902657015349j)
7149,0.4007736293306425,(-175.0622138884487+172.39287098980517j)
7150,0.4008296894270658,(57.87565758541305+367.5825484234587j)
7151,0.4008857495234892,(402.1788834000936+169.4046855172357j)
7152,0.40094180961991255,(-214.12481941660164-355.2714306472168j)
7153,0.40099786971633594,(-130.00521520144503-269.94396770341024j)
7154,0.4010539298127593,(418.24859971275157-4.1150564373019165j)
7155,0.4011099899091827,(-47.59280030112443-220.16336539302546j)
7156,0.401166050005606,(348.9119701605971+12.886332384999122j)
7157,0.4012221101020294,(-70.16734546781106+484.11410289526196j)
7158,0.40127817019845274,(-657.0615966900563-110.4549123894785j)
7159,0.40133423029487614,(202.18176164239316+369.71046393380516j)
7160,0.4013902903912995,(-34.65566870116243-314.5845513046754j)
7161,0.40144635048772287,(252.9601666017165-629.6817085279155j)
7162,0.4015024105841462,(301.9038892779612+193.48531658176933j)
7163,0.4015584706805696,(9.61368139188481+219.70244203708188j)
7164,0.40161453077699294,(-214.97405880551537-336.1202710759856j)
7165,0.40167059087341633,(440.47734193913334+269.9753869623538j)
7166,0.40172665096983967,(231.27203433508737-82.3489885762454j)
7167,0.40178271106626307,(169.22813661990966+212.83209508980224j)
7168,0.4018387711626864,(1.5079148787908876-16.364648473215325j)
7169,0.40189483125910974,(-294.713385342388+211.0855738871461j)
7170,0.40195089135553314,(-158.30929764222302-130.34054159244369j)
7171,0.4020069514519565,(78.52928999691483+326.7942035259637j)
7172,0.40206301154837987,(-142.11194267190714+255.3610607460655j)
7173,0.4021190716448032,(-325.9931596460028-523.4093161604173j)
7174,0.4021751317412266,(-105.3099650704165-302.7340635809833j)
7175,0.40223119183764994,(199.1099912184804-123.6721711647629j)
7176,0.40228725193407333,(-100.27542233113297-55.01994544224668j)
7177,0.40234331203049667,(367.8391236689028+97.38418667209285j)
7178,0.40239937212692006,(142.67170900391102-5.745380794404674j)
7179,0.4024554322233434,(-262.8066638196275-35.115997211043265j)
7180,0.4025114923197668,(476.9116785639026-58.24136567203226j)
7181,0.40256755241619013,(-89.6668036807518+220.46094235815949j)
7182,0.4026236125126135,(-475.5867379454045-273.04771821696454j)
7183,0.40267967260903686,(-71.18933599521357-64.26573316950945j)
7184,0.40273573270546026,(-54.86530452884553-286.1804537488328j)
7185,0.4027917928018836,(172.22968053028902-20.25120173017922j)
7186,0.402847852898307,(-232.6130167312915+115.37797255646724j)
7187,0.40290391299473033,(87.6534184440446+221.3356957695698j)
7188,0.4029599730911537,(75.40923001487249+30.575492918444247j)
7189,0.40301603318757706,(110.07484986008745+11.449785625842843j)
7190,0.40307209328400045,(271.5536405890568+482.1767465302727j)
7191,0.4031281533804238,(-279.55476910481104-101.95685932976549j)
7192,0.4031842134768472,(-11.194997399740448-5.810159306153452j)
7193,0.4032402735732705,(305.2900558564918+174.02363343038743j)
7194,0.4032963336696939,(607.8442527173486+217.1264514407636j)
7195,0.40335239376611726,(-276.78064370091124-107.2429683307259j)
7196,0.40340845386254065,(525.9533170622917+254.23452228991715j)
7197,0.403464513958964,(22.720719632534273-11.314017157426214j)
7198,0.4035205740553874,(-171.41711619645787-185.37086867252702j)
7199,0.4035766341518107,(-166.76782838846472+241.03947748387264j)
7200,0.4036326942482341,(-19.546036653737115+78.10276017818424j)
7201,0.40368875434465745,(256.8993366075315-178.71188854798294j)
7202,0.40374481444108085,(196.71907961882198-304.0228480085651j)
7203,0.4038008745375042,(22.117263861123856+207.79746915822588j)
7204,0.4038569346339276,(393.53826872538417+133.72803204782474j)
7205,0.4039129947303509,(20.344018377710825+501.31187219337664j)
7206,0.4039690548267743,(-149.78250692498128+498.2246401937281j)
7207,0.40402511492319765,(-165.14453393988904-508.0304436692602j)
7208,0.40408117501962104,(-567.5590717322768-51.8402478717868j)
7209,0.4041372351160444,(-64.00035398438385-203.59097211360051j)
7210,0.4041932952124678,(572.2972785306366-248.6397039366925j)
7211,0.4042493553088911,(-344.22546205379757+70.41063893798997j)
7212,0.4043054154053145,(-122.941975831958-37.78047855677514j)
7213,0.40436147550173784,(627.2567551693007-455.55487470849516j)
7214,0.40441753559816124,(-109.44289312144546+85.19447115932996j)
7215,0.4044735956945846,(33.246950107446125-18.695640228011886j)
7216,0.40452965579100797,(-63.46057025349937+329.09054779917227j)
7217,0.4045857158874313,(-354.271890477209+134.3509777895702j)
7218,0.4046417759838547,(316.5215966729209+36.73951482542046j)
7219,0.40469783608027804,(29.529162674450163+163.3200011959231j)
7220,0.40475389617670143,(126.47074531455301+111.34440835432125j)
7221,0.40480995627312477,(31.68309123225739-143.5677357896167j)
7222,0.40486601636954817,(-286.7254607215498-889.1069397004134j)
7223,0.4049220764659715,(101.16876930244514-284.0085915931878j)
7224,0.4049781365623949,(-97.4215095776461-174.4397916777379j)
7225,0.40503419665881824,(352.5869789676424-58.87069287174022j)
7226,0.40509025675524163,(32.91849237398877+262.92939333245477j)
7227,0.40514631685166497,(180.4552179615069+211.2220413626319j)
7228,0.40520237694808836,(141.1776016557959+12.885851119752083j)
7229,0.4052584370445117,(509.8675913111224-67.80168936766235j)
7230,0.4053144971409351,(59.50840359901618-348.9501370874814j)
7231,0.40537055723735843,(379.15692509694753-77.07806172171013j)
7232,0.4054266173337818,(-384.75038854166473-150.39378018292456j)
7233,0.40548267743020516,(-193.57580552251986-652.6521633752606j)
7234,0.40553873752662856,(210.83480831312662+91.51580927736735j)
7235,0.4055947976230519,(-383.7874356573989-388.49312373647655j)
7236,0.4056508577194753,(72.19659350654359+147.07705039699806j)
7237,0.4057069178158986,(423.58961878520597+72.81069834290565j)
7238,0.405762977912322,(357.92181868443-275.05084586231044j)
7239,0.40581903800874536,(-160.03824041457727+342.9916828435395j)
7240,0.40587509810516875,(-177.41797487856206+15.278638159171148j)
7241,0.4059311582015921,(61.371489583773354+499.6957240931192j)
7242,0.4059872182980155,(251.32052858403574+164.84524159364332j)
7243,0.4060432783944388,(-1.0166720134785003-24.204987940838777j)
7244,0.4060993384908622,(-275.190854471038-94.12591229501717j)
7245,0.40615539858728555,(289.11655596842064+135.9896525332744j)
7246,0.40621145868370895,(426.337521841847-70.77970257649575j)
7247,0.4062675187801323,(604.760019863723+38.172811898234215j)
7248,0.4063235788765557,(-50.74859550745858+103.28887065789603j)
7249,0.406379638972979,(-43.952476308402765+65.65184478042187j)
7250,0.4064356990694024,(8.90204844331777-56.86714661749535j)
7251,0.40649175916582575,(-514.551542192346+354.8821202687538j)
7252,0.40654781926224914,(306.71810901601964-119.69719431948438j)
7253,0.4066038793586725,(-225.89772341051147+399.38469429390847j)
7254,0.4066599394550959,(14.86564424839177+72.4844138052962j)
7255,0.4067159995515192,(56.05241971662474-236.54758219601075j)
7256,0.4067720596479426,(137.4798663864429-121.93809331914028j)
7257,0.40682811974436595,(235.5148738009015-68.05285266327384j)
7258,0.40688417984078934,(610.2531456961924-232.31129140457134j)
7259,0.4069402399372127,(-125.5683860409212+61.759355828393126j)
7260,0.40699630003363607,(-290.75242969875444-66.47657880998003j)
7261,0.4070523601300594,(131.42103557346235+13.597738844173762j)
7262,0.4071084202264828,(147.66015675941946+367.820943606552j)
7263,0.40716448032290614,(-445.43441011987744-413.06780143062275j)
7264,0.40722054041932954,(204.47567346543624+313.5878801091415j)
7265,0.4072766005157529,(-212.66061738773212-420.11704029355803j)
7266,0.40733266061217627,(276.0826203397789-166.628990480038j)
7267,0.4073887207085996,(39.19946523460882-24.840225695902298j)
7268,0.407444780805023,(57.31634287764233+294.73168589468986j)
7269,0.40750084090144634,(278.59862769280176+202.21732680396406j)
7270,0.40755690099786973,(372.6537402810986-39.28438474203044j)
7271,0.40761296109429307,(29.552102354910687-243.32849715960066j)
7272,0.40766902119071646,(146.37860728379923+91.86399824521625j)
7273,0.4077250812871398,(-219.7277934793861-169.89785870066322j)
7274,0.4077811413835632,(169.2485856537811+41.126838635463415j)
7275,0.40783720147998653,(99.92484555186138+271.29298815216004j)
7276,0.4078932615764099,(-220.36775762528902+76.84580339286657j)
7277,0.40794932167283326,(331.7935454442452-122.0248582149272j)
7278,0.40800538176925666,(83.43229763962253-152.23935317315863j)
7279,0.40806144186568,(294.1016717470669+266.42253385487555j)
7280,0.4081175019621034,(-67.99343644433922+82.32784784190017j)
7281,0.40817356205852673,(-28.45922927525237+159.59716101672626j)
7282,0.4082296221549501,(-9.994058067495606-31.625596396199477j)
7283,0.40828568225137346,(-10.798230599412722-215.31994253355208j)
7284,0.40834174234779685,(-378.4197208136367+48.33541134185242j)
7285,0.4083978024442202,(102.13372375740845+128.78537285559577j)
7286,0.4084538625406436,(481.0391724641842+74.21424349165197j)
7287,0.4085099226370669,(405.5962301992283-158.96513397830347j)
7288,0.4085659827334903,(-169.6167809083106-142.71205091952123j)
7289,0.40862204282991366,(-425.54432455790965+227.57652362301621j)
7290,0.40867810292633705,(-17.59817576812072+1.4418085098253588j)
7291,0.4087341630227604,(108.73670180274738+113.56655008618245j)
7292,0.4087902231191838,(306.979565949318-111.01727445667915j)
7293,0.4088462832156071,(100.50025740845942+114.10974600578047j)
7294,0.4089023433120305,(539.3720972272781+345.145238559906j)
7295,0.40895840340845385,(104.08737938413461+365.83994743594076j)
7296,0.40901446350487725,(-180.62095138760182+31.67696522156635j)
7297,0.4090705236013006,(43.06988099645604+445.9026553973166j)
7298,0.409126583697724,(207.33623934586808-475.74397860005365j)
7299,0.4091826437941473,(-163.84321243919186-134.8759377903994j)
7300,0.4092387038905707,(-3.8351481834230583-254.0516428584905j)
7301,0.40929476398699405,(28.650194109956814+175.626536388396j)
7302,0.40935082408341744,(-452.79367804798903+190.9395663468079j)
7303,0.4094068841798408,(160.4030394561957-344.6264778951684j)
7304,0.4094629442762642,(278.02904065798253-185.21955791723585j)
7305,0.4095190043726875,(-7.308879341355734-687.8578069281259j)
7306,0.4095750644691109,(634.3890577669736-412.7140377650617j)
7307,0.40963112456553424,(174.21109633715474+33.60770365612714j)
7308,0.40968718466195764,(-78.31320723805362-786.5313919333794j)
7309,0.409743244758381,(43.47221014326722+52.09241837467683j)
7310,0.40979930485480437,(137.3274676347082+282.25421912193553j)
7311,0.4098553649512277,(256.7975396452724+113.21870005745265j)
7312,0.4099114250476511,(123.33232303391566+308.0022108240873j)
7313,0.40996748514407444,(307.0228506729103+142.20702466253726j)
7314,0.41002354524049783,(-6.952482699432295-377.3542413803218j)
7315,0.41007960533692117,(139.91742551414475-188.21123024892185j)
7316,0.41013566543334457,(-5.950557951772666-338.03277897774865j)
7317,0.4101917255297679,(-317.8611898380844-114.61523007456151j)
7318,0.4102477856261913,(-186.73256348050518+287.6023825968868j)
7319,0.41030384572261464,(505.23490448228017+43.211393222320254j)
7320,0.41035990581903803,(-292.70710160837575-386.02878172687576j)
7321,0.41041596591546137,(15.182963935715089+47.461975470920144j)
7322,0.41047202601188476,(116.46614760686526+389.31855587214756j)
7323,0.4105280861083081,(-23.857576561760084+102.69724435612667j)
7324,0.4105841462047315,(-110.01286796105079+308.0250121350328j)
7325,0.41064020630115483,(-256.54912113973023-23.43541385731153j)
7326,0.4106962663975782,(-37.70733014473834+110.75776255227845j)
7327,0.41075232649400156,(227.8246797496847+64.1915422000057j)
7328,0.41080838659042496,(72.836347819784+217.3106022158456j)
7329,0.4108644466868483,(-551.9918611333089-627.4625862953383j)
7330,0.4109205067832717,(-161.51894724009946+503.6026716550299j)
7331,0.410976566879695,(493.3764405938554+469.0716986662858j)
7332,0.4110326269761184,(199.7131445332439-305.4420148111718j)
7333,0.41108868707254176,(-119.28052603349711-200.58818909198115j)
7334,0.41114474716896515,(-75.98201700400261+266.01234643724524j)
7335,0.4112008072653885,(292.3869314736471-6.326377977753793j)
7336,0.4112568673618119,(138.9980383580965+158.4545244133651j)
7337,0.4113129274582352,(-15.885024138825974-17.240717630174917j)
7338,0.4113689875546586,(175.58456713660286-201.42045821462833j)
7339,0.41142504765108195,(140.7143363563172+165.79097179725926j)
7340,0.41148110774750535,(560.7770168349175+232.21377155966957j)
7341,0.4115371678439287,(-61.395841523377285+202.10022283518367j)
7342,0.4115932279403521,(-45.10857703922595+402.7697941523j)
7343,0.4116492880367754,(-348.63365979651735+336.0255036012055j)
7344,0.4117053481331988,(237.6169373426007+407.06646100236986j)
7345,0.41176140822962215,(-69.94282280500428-59.215981178739256j)
7346,0.41181746832604554,(-261.2571743234606+193.36898296593822j)
7347,0.4118735284224689,(166.06059914301392+345.7242202889603j)
7348,0.4119295885188923,(225.65423779878557-211.45291353242123j)
7349,0.4119856486153156,(296.13016198238313+21.40476202448656j)
7350,0.412041708711739,(-3.730570808650271+95.68108312404675j)
7351,0.41209776880816235,(143.71872419747214-79.44697186905435j)
7352,0.41215382890458574,(-220.9917374018912+17.69396605454665j)
7353,0.4122098890010091,(-89.84136187295013+235.692013383394j)
7354,0.41226594909743247,(184.80623506431613+125.60380478160324j)
7355,0.4123220091938558,(120.31008092679545+199.8882946966747j)
7356,0.4123780692902792,(344.63021465420934-278.5527521119717j)
7357,0.41243412938670254,(-65.25845074684818-256.554425701299j)
7358,0.41249018948312594,(-105.11420723723528-59.06270244887171j)
7359,0.4125462495795493,(-124.29767391791775-428.60967845936347j)
7360,0.41260230967597267,(235.6116848235811+498.0482584225567j)
7361,0.412658369772396,(133.77313072210154+255.37624686573523j)
7362,0.4127144298688194,(-83.69515989879278+432.46566956973624j)
7363,0.41277048996524274,(-30.635323583514236+392.8883541092291j)
7364,0.41282655006166613,(-123.30235611295726-153.87409959111895j)
7365,0.41288261015808947,(356.8190881284947-96.59087793336377j)
7366,0.41293867025451286,(369.7783530284944+109.46354994308922j)
7367,0.4129947303509362,(-16.583456042116865-233.3161674900904j)
7368,0.4130507904473596,(174.33473625698778-84.25411549316959j)
7369,0.41310685054378293,(164.05996666339024-524.841996885502j)
7370,0.4131629106402063,(84.4131272975852-109.13673319452553j)
7371,0.41321897073662966,(204.68310643205726+68.6606867843069j)
7372,0.41327503083305306,(-300.21579773394365-209.1701405569486j)
7373,0.4133310909294764,(-4.8171918696714915-296.2993921704155j)
7374,0.4133871510258998,(64.2632065021284+257.6263545459234j)
7375,0.41344321112232313,(-35.90088920603445+141.16589594721057j)
7376,0.4134992712187465,(-171.99814660671979-76.62856835873725j)
7377,0.41355533131516986,(-263.48733053633885+229.41811981479464j)
7378,0.41361139141159325,(-6.287858415171158-106.0649179442382j)
7379,0.4136674515080166,(-62.158342971286615+215.82279563976616j)
7380,0.41372351160444,(-259.5637379866938+225.9556985698485j)
7381,0.4137795717008633,(46.245052208764164+112.25656069591285j)
7382,0.4138356317972867,(142.9789318701997-456.8938934957717j)
7383,0.41389169189371006,(119.6500055837866+44.08993946552139j)
7384,0.41394775199013345,(95.86514123865157+38.77606387164801j)
7385,0.4140038120865568,(-240.51104961686758+361.28073247720613j)
7386,0.4140598721829802,(-323.5599969272715+186.78065375147315j)
7387,0.4141159322794035,(360.29867199831114-0.14200454830202602j)
7388,0.4141719923758269,(-201.00572312906837-97.00383609729346j)
7389,0.41422805247225025,(-111.56282991489488+211.3411357702269j)
7390,0.41428411256867365,(281.0916751907763-205.72018742178176j)
7391,0.414340172665097,(78.74793807764263-66.0802436663707j)
7392,0.4143962327615204,(0.18363670726577652-324.8331537719904j)
7393,0.4144522928579437,(170.88934955318743+146.0283655328117j)
7394,0.4145083529543671,(141.61050834744879+180.22744001769206j)
7395,0.41456441305079045,(-21.22932582640547-117.47263845387869j)
7396,0.41462047314721384,(-245.08336345159222+549.3618262625392j)
7397,0.4146765332436372,(59.73291237222538-61.7559800599682j)
7398,0.4147325933400606,(164.39197922344428+124.55385290516543j)
7399,0.4147886534364839,(-171.19159559602477-2.925760327693121j)
7400,0.4148447135329073,(104.42127018370094-226.91709707733114j)
7401,0.41490077362933064,(-254.554896123236-14.374607921853666j)
7402,0.41495683372575404,(49.51067668406289-88.00362172728019j)
7403,0.4150128938221774,(-252.64037680783883+390.7800007817838j)
7404,0.41506895391860077,(222.41457798184462+138.71152304194112j)
7405,0.4151250140150241,(126.58097191793146-143.13052033415994j)
7406,0.4151810741114475,(319.93148686827703-62.72084784145764j)
7407,0.41523713420787084,(-42.569904367153924-16.624961293207434j)
7408,0.41529319430429423,(-75.51693430449164-361.5701169384723j)
7409,0.41534925440071757,(310.9623500557768-163.52650986543466j)
7410,0.41540531449714097,(145.71637457810203-158.84892202309442j)
7411,0.4154613745935643,(331.64922740565373+85.93362071695523j)
7412,0.4155174346899877,(-351.44166634475766+234.75837834371643j)
7413,0.41557349478641104,(422.54980117473-346.25206473407883j)
7414,0.41562955488283443,(244.22322043480725+48.87800707865155j)
7415,0.41568561497925777,(-196.62389523657941-76.60350322778618j)
7416,0.41574167507568116,(15.50431065163417+234.10438390252457j)
7417,0.4157977351721045,(-285.45010461473305+41.68078975777624j)
7418,0.4158537952685279,(211.5873137463102+312.5636546765952j)
7419,0.41590985536495123,(-219.76374811472996+44.726304824379866j)
7420,0.4159659154613746,(532.6761929761934+330.2931645169205j)
7421,0.41602197555779796,(83.67526378358815+111.87560934615836j)
7422,0.41607803565422136,(92.99313305908618-567.173491199277j)
7423,0.4161340957506447,(229.1653945032461-344.4466124530896j)
7424,0.4161901558470681,(205.1909077547824+371.5831856075852j)
7425,0.4162462159434914,(3.7816693167721045-41.75487496372635j)
7426,0.41630227603991476,(-520.2739249136965+21.564065187465523j)
7427,0.41635833613633816,(165.62362185571195-87.30020836849907j)
7428,0.4164143962327615,(155.38903655482247-92.4410719649249j)
7429,0.4164704563291849,(-513.9629233837433+228.12290280964774j)
7430,0.41652651642560823,(293.12053454252447+211.95991730266633j)
7431,0.4165825765220316,(-12.534142876635311-76.01550612783765j)
7432,0.41663863661845496,(40.58215031023658-26.827253634821076j)
7433,0.41669469671487835,(-1.5863597848599227+38.93654684816205j)
7434,0.4167507568113017,(25.226547619340323+77.30220780894732j)
7435,0.4168068169077251,(-122.89551508358866-77.21128313770511j)
7436,0.4168628770041484,(-109.82290107090743+176.87983769485308j)
7437,0.4169189371005718,(94.71925804974313-469.3116761470087j)
7438,0.41697499719699516,(59.92990944773116-204.14161299458067j)
7439,0.41703105729341855,(-111.03100952615293+491.97033078512334j)
7440,0.4170871173898419,(-51.979483897980586-63.67281748089441j)
7441,0.4171431774862653,(-6.080865116221179+112.34052480377973j)
7442,0.4171992375826886,(-45.64145768090425+202.2817694625364j)
7443,0.417255297679112,(-304.99408319122193-34.239519552975466j)
7444,0.41731135777553535,(-160.54943147125115-376.05357444218635j)
7445,0.41736741787195875,(-181.96257183733132+123.70806395903844j)
7446,0.4174234779683821,(-20.772473630679826+266.326024256758j)
7447,0.4174795380648055,(-78.99491222717361-43.00831351990902j)
7448,0.4175355981612288,(-46.79739407717625-218.50005171323224j)
7449,0.4175916582576522,(127.45710075054075-153.05680258703973j)
7450,0.41764771835407555,(-359.1919177517457-183.85553003500823j)
7451,0.41770377845049894,(154.47698506200663+62.474053184344044j)
7452,0.4177598385469223,(-180.18730261537507-307.47591333195686j)
7453,0.4178158986433457,(-212.3833906705149+129.5641217741239j)
7454,0.417871958739769,(-154.09024711592204+189.16533155401928j)
7455,0.4179280188361924,(310.08180408962363+131.81895950928202j)
7456,0.41798407893261574,(270.44941349107626+287.8443970194333j)
7457,0.41804013902903914,(-141.23666915077797-4.54424550513145j)
7458,0.4180961991254625,(298.2851127171756+143.41692739349654j)
7459,0.41815225922188587,(115.6862672996973+66.75712656062001j)
7460,0.4182083193183092,(-233.9645864431401+238.49856023798685j)
7461,0.4182643794147326,(51.44242419092147+21.17480606126539j)
7462,0.41832043951115594,(327.89643113536675-7.588471257538146j)
7463,0.41837649960757933,(103.24064838202213-6.979121166210859j)
7464,0.41843255970400267,(67.57610996953645-233.37815244992282j)
7465,0.41848861980042606,(-68.08866251342157+6.46193004265259j)
7466,0.4185446798968494,(-21.691210991057165+26.50317350268286j)
7467,0.4186007399932728,(-251.83178410822404+103.18556778332173j)
7468,0.41865680008969614,(8.32262941921191-119.13657905659556j)
7469,0.41871286018611953,(-163.46608461496814-60.9396321039182j)
7470,0.41876892028254287,(-68.1405674500371+193.6452909983757j)
7471,0.41882498037896626,(-37.27425315026048+164.78810087594857j)
7472,0.4188810404753896,(93.17698151736565-28.910815402492997j)
7473,0.418937100571813,(120.60516252331595+141.32585644912024j)
7474,0.41899316066823633,(-154.79349301354893-50.94051805913402j)
7475,0.4190492207646597,(193.54427760330356-633.641736420289j)
7476,0.41910528086108306,(40.42284864111558-267.6076855986168j)
7477,0.41916134095750646,(344.2502145368462+74.034100107879j)
7478,0.4192174010539298,(-149.05514934618483+184.6849238383433j)
7479,0.4192734611503532,(-34.11615723361805+130.62047663388785j)
7480,0.4193295212467765,(-115.08049344682318-657.6612075074197j)
7481,0.4193855813431999,(39.898226719069456+136.19486061759815j)
7482,0.41944164143962326,(325.76825256177915+318.70986814161824j)
7483,0.41949770153604665,(132.12325502711698-88.37270271019437j)
7484,0.41955376163247,(-351.00132549311616+156.43057014694526j)
7485,0.4196098217288934,(31.348032460365545-228.52126291792965j)
7486,0.4196658818253167,(334.7338898164945+95.26042227469979j)
7487,0.4197219419217401,(499.56734113369896+63.534403353045825j)
7488,0.41977800201816345,(-9.887602438004862+99.7399798847174j)
7489,0.41983406211458685,(181.5805258506624-136.67094510607876j)
7490,0.4198901222110102,(124.17565002490498+62.88981092780835j)
7491,0.4199461823074336,(-233.8681473699438-245.1309308121851j)
7492,0.4200022424038569,(2.3017606039805116-192.2016711358426j)
7493,0.4200583025002803,(57.70452617061161-120.04925238428484j)
7494,0.42011436259670365,(-18.218959153255042-178.7189691585811j)
7495,0.42017042269312704,(-520.321874258409-53.31588785552654j)
7496,0.4202264827895504,(-40.43453533510187+2.6282599150509345j)
7497,0.4202825428859738,(-15.727884152977836-267.61904588934584j)
7498,0.4203386029823971,(11.739822374367378-96.02426253387917j)
7499,0.4203946630788205,(200.7911713570811+175.65176370774736j)
7500,0.42045072317524385,(-251.96136877355846-114.12190760243406j)
7501,0.42050678327166724,(42.96237947938089+178.31016933270766j)
7502,0.4205628433680906,(-440.6848367257139+148.00490752711156j)
7503,0.42061890346451397,(-240.0914033779397-145.75102272266548j)
7504,0.4206749635609373,(167.5153644112349+229.75730059792537j)
7505,0.4207310236573607,(278.60724040516294+37.64907170007622j)
7506,0.42078708375378404,(143.9094806149853-268.5792788284217j)
7507,0.42084314385020744,(-229.7602457159073+166.78755407164078j)
7508,0.4208992039466308,(198.92969717501109-85.75413750795369j)
7509,0.42095526404305417,(189.60696782736483+298.3099385521238j)
7510,0.4210113241394775,(-258.05504386686084+182.7842576534671j)
7511,0.4210673842359009,(182.75886325988643+282.3660938017463j)
7512,0.42112344433232424,(346.0826397980148-50.364875423823364j)
7513,0.42117950442874763,(-286.92399528757073+335.7761190073114j)
7514,0.42123556452517097,(14.104376779101543+283.6632273926344j)
7515,0.42129162462159436,(10.767372739893947+213.07632283742285j)
7516,0.4213476847180177,(236.085106276381-84.55225880851798j)
7517,0.4214037448144411,(68.56920163387565+128.80245630096817j)
7518,0.42145980491086443,(101.88473385888918+135.40399086778388j)
7519,0.4215158650072878,(133.0173659949358-187.91968590698514j)
7520,0.42157192510371116,(-31.38669044798496-237.3067296240086j)
7521,0.42162798520013456,(-104.16533699029715+110.01898465078092j)
7522,0.4216840452965579,(-82.79806127556233-14.999332703115718j)
7523,0.4217401053929813,(-205.55622045837939-206.55506953184792j)
7524,0.42179616548940463,(325.8364635610405-345.90567575311024j)
7525,0.421852225585828,(132.89512288865325-214.61237478275723j)
7526,0.42190828568225136,(-30.78863844361786+76.90327177841701j)
7527,0.42196434577867475,(-50.553420374214575+64.674762646033j)
7528,0.4220204058750981,(176.75685270625658+220.8485885244859j)
7529,0.4220764659715215,(332.60022685095987-100.86799047614771j)
7530,0.4221325260679448,(-73.05607427347077+212.23680358101166j)
7531,0.4221885861643682,(20.00745575219222+87.02904627521525j)
7532,0.42224464626079156,(-3.373358270080999+92.43420791828589j)
7533,0.42230070635721495,(349.02031612049444-232.4813851263119j)
7534,0.4223567664536383,(253.62426583061583+98.6317079264231j)
7535,0.4224128265500617,(131.30042632251926+175.06013634765523j)
7536,0.422468886646485,(156.18763432435287+69.23109592122901j)
7537,0.4225249467429084,(78.9739530090646-372.8230908166177j)
7538,0.42258100683933175,(25.24320028076931-72.18514206071168j)
7539,0.42263706693575515,(9.219480057869504+182.01287974336137j)
7540,0.4226931270321785,(-45.014609736798306+35.70648229703j)
7541,0.4227491871286019,(-355.61243698790236+125.06182792389015j)
7542,0.4228052472250252,(-83.98618243830911-199.06449305273833j)
7543,0.4228613073214486,(-207.26087771665988+281.7516582761408j)
7544,0.42291736741787195,(21.679788616170875-9.962673893648756j)
7545,0.42297342751429534,(-30.508293385398872+342.59777956416616j)
7546,0.4230294876107187,(53.17341757303782-116.66632929012306j)
7547,0.4230855477071421,(-98.35940981405635+34.45100462916442j)
7548,0.4231416078035654,(70.56515382017571+564.312378522566j)
7549,0.4231976678999888,(-32.14749053252828-297.7162032646386j)
7550,0.42325372799641214,(147.9834565785611-58.3997673175535j)
7551,0.42330978809283554,(5.577949445464057+322.63547146130674j)
7552,0.4233658481892589,(-105.04035534053806-133.6044215970496j)
7553,0.42342190828568227,(-209.1393918320562+247.81047519315425j)
7554,0.4234779683821056,(-280.55554229489735+216.5213419978097j)
7555,0.423534028478529,(-67.65937385695227-248.31044345518993j)
7556,0.42359008857495234,(-67.37553285555401-47.956967880063026j)
7557,0.42364614867137573,(-92.50660977546637-73.68250017036091j)
7558,0.42370220876779907,(170.71189419685797-2.767302319370458j)
7559,0.42375826886422246,(-499.16430629358814-271.41869350221214j)
7560,0.4238143289606458,(-365.43613423264895-367.9272661587045j)
7561,0.4238703890570692,(-249.30807965690147-261.39507651390363j)
7562,0.42392644915349253,(-310.847036459603-268.94778961811613j)
7563,0.42398250924991593,(27.98985654947511+140.48008037452317j)
7564,0.42403856934633927,(-233.3351600691777+0.4118554512229835j)
7565,0.42409462944276266,(-274.33293516436083+188.90294236356453j)
7566,0.424150689539186,(313.24925997098484+75.82951103319195j)
7567,0.4242067496356094,(-78.35923659794923+35.18886864036047j)
7568,0.42426280973203273,(205.59841416031136+42.986953663348146j)
7569,0.4243188698284561,(198.86545412200917+566.5853404231904j)
7570,0.42437492992487946,(-112.30990288382428+55.24712206236375j)
7571,0.42443099002130286,(-57.76515116717884+126.1818601013364j)
7572,0.4244870501177262,(-106.0018723995311-168.32217873576533j)
7573,0.4245431102141496,(-49.09446362159788-108.5196879928081j)
7574,0.4245991703105729,(182.0051545418119-308.7344983378598j)
7575,0.4246552304069963,(-108.69983327650817-239.23267172793854j)
7576,0.42471129050341966,(535.4193739223986+47.12630258818402j)
7577,0.42476735059984305,(325.0393195972217+108.76982677952063j)
7578,0.4248234106962664,(-331.72692557172445-53.58597876565376j)
7579,0.4248794707926898,(-213.452680788953+279.0531713464386j)
7580,0.4249355308891131,(-311.95217833013504-529.3159721922278j)
7581,0.4249915909855365,(-8.861680460044898+87.60881295266043j)
7582,0.42504765108195985,(-287.6029115572148+113.90307354269062j)
7583,0.42510371117838325,(-161.34423729340017+248.6410971546751j)
7584,0.4251597712748066,(1.1045880900193907+144.95760727177853j)
7585,0.42521583137123,(345.51773730714393-211.911426844508j)
7586,0.4252718914676533,(304.5168249022077-333.75375616006704j)
7587,0.4253279515640767,(362.1317722010266-300.6010639159201j)
7588,0.42538401166050005,(156.22801542073483+19.592180386635533j)
7589,0.42544007175692344,(-445.45175029060783-149.06215404649393j)
7590,0.4254961318533468,(-143.69106205346938-173.31187041514312j)
7591,0.4255521919497702,(458.9621508939489-92.57110569155031j)
7592,0.4256082520461935,(37.889068375266106+310.6220735173867j)
7593,0.4256643121426169,(-72.10014932354218+100.37300074526672j)
7594,0.42572037223904025,(183.552596231555+55.307798319502794j)
7595,0.42577643233546364,(-76.26331917054827-101.5277027238449j)
7596,0.425832492431887,(116.9863175153994+272.6401085690967j)
7597,0.42588855252831037,(-269.4637092802202+173.9926860070343j)
7598,0.4259446126247337,(-83.0469697615669+137.8896755665352j)
7599,0.4260006727211571,(523.3015395133441+332.559276198288j)
7600,0.42605673281758044,(197.9525291854407+149.26095185679065j)
7601,0.42611279291400384,(-256.82205168001116+292.60916347083094j)
7602,0.4261688530104272,(-69.18906375605648+242.8555518029943j)
7603,0.42622491310685057,(39.54627552972122+212.0070858134489j)
7604,0.4262809732032739,(176.44443783179494+58.61071573647159j)
7605,0.4263370332996973,(235.5172983952466-109.37810430283047j)
7606,0.42639309339612064,(-232.17600555772123+594.4989299139995j)
7607,0.42644915349254403,(279.889012196722-152.12088946977264j)
7608,0.42650521358896737,(471.95477008219393-86.29285786119513j)
7609,0.42656127368539076,(187.2142417734285-341.954419438946j)
7610,0.4266173337818141,(-110.30767994512024-280.388328977084j)
7611,0.4266733938782375,(295.53901987259053+357.26972738709236j)
7612,0.42672945397466083,(206.92085560909584-468.74142563568887j)
7613,0.4267855140710842,(59.92398681646634+75.0600250215806j)
7614,0.42684157416750756,(-315.0588072221808-320.92384589686907j)
7615,0.42689763426393096,(115.58527498960058+224.13058708809595j)
7616,0.4269536943603543,(-188.07959656232006-114.29882528243826j)
7617,0.4270097544567777,(57.57867084416077-193.3824605602158j)
7618,0.42706581455320103,(-332.09807898856076-76.71102694150397j)
7619,0.4271218746496244,(-174.26463122508466+232.1084801549058j)
7620,0.42717793474604776,(-195.55948289213876-194.38962999823121j)
7621,0.42723399484247115,(10.511285636275495-88.22601645796011j)
7622,0.4272900549388945,(157.01071092271545+187.10946225549768j)
7623,0.4273461150353179,(169.59797867810428+83.71208396708562j)
7624,0.4274021751317412,(446.530365201271+14.929070885010116j)
7625,0.4274582352281646,(-75.47978989342113-235.37505846466937j)
7626,0.42751429532458796,(249.26921143853957+195.78305386195964j)
7627,0.42757035542101135,(50.40366748328199+190.37895551370517j)
7628,0.4276264155174347,(180.5556053191163+345.70954168768253j)
7629,0.4276824756138581,(12.811679713300055-25.299765876089886j)
7630,0.4277385357102814,(221.87762892798185+45.42535987987107j)
7631,0.4277945958067048,(-444.657726350953-30.082899814775036j)
7632,0.42785065590312815,(-104.60970393245302+38.72484117695339j)
7633,0.42790671599955155,(-66.36530507570119+262.6710453155117j)
7634,0.4279627760959749,(-386.44844468434195-204.8981935607393j)
7635,0.4280188361923983,(255.26080829946503+61.08835826527652j)
7636,0.4280748962888216,(-80.59073215936347-50.704992720931784j)
7637,0.428130956385245,(432.6124919652314+43.81054939608285j)
7638,0.42818701648166835,(91.88018894564527-475.7188463418131j)
7639,0.42824307657809174,(40.07679959029798-138.53977297417103j)
7640,0.4282991366745151,(197.16959365678633-144.32072961309643j)
7641,0.4283551967709385,(-179.48966911365883+381.719184021331j)
7642,0.4284112568673618,(5.635861374397834+132.63530317728856j)
7643,0.4284673169637852,(32.87865206671235+259.63677689243644j)
7644,0.42852337706020854,(-29.0329572457605-299.27866059782923j)
7645,0.42857943715663194,(282.4705482639918+135.4834668557365j)
7646,0.4286354972530553,(73.51106828543607+192.2185314220538j)
7647,0.42869155734947867,(-365.29925866152774-213.20646710620008j)
7648,0.428747617445902,(162.32086953959038+27.542357518248732j)
7649,0.4288036775423254,(-87.2617895194582+210.70689529013032j)
7650,0.42885973763874874,(92.20104666947084-159.39023236702803j)
7651,0.42891579773517213,(-74.24498334495158+547.5378951613112j)
7652,0.42897185783159547,(323.6263744573341+223.6841874642092j)
7653,0.42902791792801886,(271.3764091279053-134.20358995775405j)
7654,0.4290839780244422,(91.7873015893195-89.00346449630578j)
7655,0.4291400381208656,(-105.42539898803562-211.91346795241344j)
7656,0.42919609821728893,(238.57515421507256-335.11452205596174j)
7657,0.42925215831371233,(-0.8774145208247575+164.20859759114404j)
7658,0.42930821841013567,(89.01627009697121+10.586906478053287j)
7659,0.42936427850655906,(-147.54041562852615-550.8688562840697j)
7660,0.4294203386029824,(-421.74509479392214+670.6693480503611j)
7661,0.4294763986994058,(-18.430779148975105-137.6376356951567j)
7662,0.42953245879582913,(175.92382364634673+50.455940763289085j)
7663,0.4295885188922525,(-4.697577322162957-321.7570609000538j)
7664,0.42964457898867586,(151.3561393785397-130.5933511480521j)
7665,0.42970063908509926,(-147.4330398165689+85.24773810721837j)
7666,0.4297566991815226,(-15.78401151131937+47.92842933194815j)
7667,0.429812759277946,(126.46930274288934-19.216933194356535j)
7668,0.4298688193743693,(-256.26041337493587-52.54611289105813j)
7669,0.4299248794707927,(136.82672472748197-322.72176118047247j)
7670,0.42998093956721606,(112.72908728184967-314.87058076428076j)
7671,0.43003699966363945,(2.4136299603931555-19.442063850155154j)
7672,0.4300930597600628,(-259.6483535245536+0.07767859037188884j)
7673,0.4301491198564862,(438.5427733700061+265.67604242615505j)
7674,0.4302051799529095,(-42.47289248203893-535.455273563352j)
7675,0.4302612400493329,(-289.9308461930464-86.51387499374415j)
7676,0.43031730014575625,(-86.46476387170082-127.49843371189839j)
7677,0.43037336024217965,(42.063188127560196+84.95151211209097j)
7678,0.430429420338603,(-313.01888398968646-47.96555363325156j)
7679,0.4304854804350264,(-149.78989389643374+407.27868630390475j)
7680,0.4305415405314497,(-232.1157140283857+532.8220077658839j)
7681,0.43059760062787306,(-66.51104929950343+98.48948332354126j)
7682,0.43065366072429645,(-70.71017180330959+76.81744636596596j)
7683,0.4307097208207198,(15.026724975204406-11.528181052508822j)
7684,0.4307657809171432,(-72.68945195954637+125.36158428736599j)
7685,0.4308218410135665,(66.63725311481248+126.83299465360273j)
7686,0.4308779011099899,(118.7381198637292-149.31587853464674j)
7687,0.43093396120641325,(-72.1219362668574-44.17730185494359j)
7688,0.43099002130283665,(-131.22370822367785+142.25579424895966j)
7689,0.43104608139926,(192.6852596724034-326.40237917291785j)
7690,0.4311021414956834,(-88.41912741920537+93.25852002887564j)
7691,0.4311582015921067,(77.55605080871715-52.6972192377207j)
7692,0.4312142616885301,(-240.40351148148343+294.3434609348871j)
7693,0.43127032178495345,(250.55798992510012-450.52154612975795j)
7694,0.43132638188137684,(-180.1883809467373+267.38113790944567j)
7695,0.4313824419778002,(-207.97547221387305+19.785612863898j)
7696,0.4314385020742236,(70.47620192120988-224.74080829174193j)
7697,0.4314945621706469,(150.2629469561536-33.73736103916035j)
7698,0.4315506222670703,(-65.05539172969915-118.7900179321328j)
7699,0.43160668236349364,(119.758430453221+50.351255721915386j)
7700,0.43166274245991704,(-335.7694468983829+296.9084390802659j)
7701,0.4317188025563404,(114.27558350223181+279.02795650235305j)
7702,0.43177486265276377,(547.2131773682443+232.85752358781372j)
7703,0.4318309227491871,(46.31175091986766-117.75708228169323j)
7704,0.4318869828456105,(247.78436734484143-45.63811984806807j)
7705,0.43194304294203384,(-103.2077035722571+208.17501111750886j)
7706,0.43199910303845723,(-100.10658717119698-116.86857081992386j)
7707,0.43205516313488057,(-291.4371845061107+361.48391131425257j)
7708,0.43211122323130396,(512.5451793486703+274.8571970457883j)
7709,0.4321672833277273,(-623.0775030506912-232.16771983182582j)
7710,0.4322233434241507,(223.36318323081326+203.9325001542106j)
7711,0.43227940352057403,(-75.47062945049181+80.2723644646448j)
7712,0.43233546361699743,(-64.22317613923725-261.87013040480895j)
7713,0.43239152371342077,(-25.913014417545078+8.232718761469968j)
7714,0.43244758380984416,(184.7106562682557+290.33003090988535j)
7715,0.4325036439062675,(-443.7609551298553-380.2966009882118j)
7716,0.4325597040026909,(-96.33960939286415+32.32491199650094j)
7717,0.43261576409911423,(47.65254667513127-237.11365052912888j)
7718,0.4326718241955376,(-51.81202925610587-313.3514762355834j)
7719,0.43272788429196096,(18.282485972780563-501.36029739503647j)
7720,0.43278394438838436,(72.00029796053357-219.22685731345848j)
7721,0.4328400044848077,(354.47973811226007-148.54877865931735j)
7722,0.4328960645812311,(-35.936152549379834-9.273241381892026j)
7723,0.4329521246776544,(432.41309996308985+32.91179507341033j)
7724,0.4330081847740778,(-15.265354030100866+38.253426642625286j)
7725,0.43306424487050116,(7.970046635366806+109.80646686019392j)
7726,0.43312030496692455,(254.47420558753691-459.45289820977405j)
7727,0.4331763650633479,(107.89023025009806+43.47750386913771j)
7728,0.4332324251597713,(-146.0642692608477+368.77185937407154j)
7729,0.4332884852561946,(-143.78012373475428+168.6814945135701j)
7730,0.433344545352618,(209.80816099499984-234.49166173217444j)
7731,0.43340060544904135,(183.97413395622394-111.1491838335902j)
7732,0.43345666554546475,(-79.06697338069452-143.8162406012592j)
7733,0.4335127256418881,(293.8598646744699-274.6843107219618j)
7734,0.4335687857383115,(121.59900482994827+140.76425037953047j)
7735,0.4336248458347348,(209.73852249865797-294.8075993634905j)
7736,0.4336809059311582,(196.1368497106567+165.4173143163264j)
7737,0.43373696602758155,(-539.1653139844558+48.49712286125168j)
7738,0.43379302612400494,(425.2303017688349-80.58028866496889j)
7739,0.4338490862204283,(-278.03237462949136+542.3043036228106j)
7740,0.4339051463168517,(52.23005090227831+424.6119693738966j)
7741,0.433961206413275,(-153.06629825192235-307.809515557779j)
7742,0.4340172665096984,(371.28177105359913-233.48824989651115j)
7743,0.43407332660612175,(-130.168895930646+231.67556978465748j)
7744,0.43412938670254514,(-214.60585273776977-314.108853342265j)
7745,0.4341854467989685,(-209.79341865533848+265.40984477240136j)
7746,0.43424150689539187,(66.79875022027602-108.6663246954521j)
7747,0.4342975669918152,(2.909868411668607+355.8429244955896j)
7748,0.4343536270882386,(191.14648625373016-60.18673597149375j)
7749,0.43440968718466194,(332.5957016349621-211.3003629038034j)
7750,0.43446574728108533,(110.22606534635358-278.8898119287247j)
7751,0.4345218073775087,(-188.7094632780057-183.18909981990748j)
7752,0.43457786747393207,(-92.67675973850817+130.8879309387856j)
7753,0.4346339275703554,(165.6668339543115-240.90866354224045j)
7754,0.4346899876667788,(-190.90178988047728+60.868108238282076j)
7755,0.43474604776320214,(276.1582154864927-106.95099519936203j)
7756,0.43480210785962553,(1.875022590600608+138.3707765249647j)
7757,0.43485816795604887,(-313.7272828970743+28.749090075807572j)
7758,0.43491422805247226,(-30.82965979401632-70.10569807903437j)
7759,0.4349702881488956,(172.17693048035017+455.3964206757148j)
7760,0.435026348245319,(-275.86249639953235-137.1399913944518j)
7761,0.43508240834174233,(433.5080102256915-355.1936878550076j)
7762,0.4351384684381657,(138.61877836004692-308.22675341125665j)
7763,0.43519452853458906,(79.8750423977232+84.42791199025854j)
7764,0.43525058863101246,(-70.1774579603744-180.83389595658082j)
7765,0.4353066487274358,(370.259181958624+252.3435302079955j)
7766,0.4353627088238592,(35.900463332548625-191.62375225601897j)
7767,0.43541876892028253,(20.099542496957348-195.33906494086213j)
7768,0.4354748290167059,(-245.8098261585978+337.1145016055118j)
7769,0.43553088911312926,(246.4085831701027-55.42814999765004j)
7770,0.43558694920955265,(407.97980563858073+154.4636712263608j)
7771,0.435643009305976,(-212.0816923818457-237.94751690522884j)
7772,0.4356990694023994,(280.567315198514+130.4808724450047j)
7773,0.4357551294988227,(-361.5204547655274-59.38890748961194j)
7774,0.4358111895952461,(-176.8822258149062+237.54141467958308j)
7775,0.43586724969166946,(434.19267460961316-70.7457415870951j)
7776,0.43592330978809285,(-259.2675687450446+102.4371061007847j)
7777,0.4359793698845162,(-313.06117183969627+144.58244369940314j)
7778,0.4360354299809396,(-284.6745394187004-141.5920672604282j)
7779,0.4360914900773629,(-263.7641932995669+26.64165342181228j)
7780,0.4361475501737863,(347.72755460103815-161.52672933162683j)
7781,0.43620361027020965,(1.5416851077057556-10.111481291238386j)
7782,0.43625967036663305,(300.2280587494469+201.74351319995228j)
7783,0.4363157304630564,(226.131124954121+21.711280042339837j)
7784,0.4363717905594798,(-209.86439973836337-139.01284431486823j)
7785,0.4364278506559031,(-127.21177481508066+64.25957131535594j)
7786,0.4364839107523265,(-109.20918050171481-196.9551800555532j)
7787,0.43653997084874985,(36.72391767709168+86.78045896799183j)
7788,0.43659603094517324,(73.64219363251816+177.7430792704277j)
7789,0.4366520910415966,(-41.11126266479999-192.88922935932126j)
7790,0.43670815113802,(308.31417090466334-42.35160826279576j)
7791,0.4367642112344433,(-232.98273013509984-11.416408890574573j)
7792,0.4368202713308667,(-34.539564965251444-42.27183050076105j)
7793,0.43687633142729004,(135.15140291664488-256.8607546299284j)
7794,0.43693239152371344,(-210.61829632326865-378.7452041623539j)
7795,0.4369884516201368,(144.36278095820316-250.1481291462314j)
7796,0.43704451171656017,(-97.85065100586664-9.610319586025433j)
7797,0.4371005718129835,(-13.299869074309118+55.30372162038288j)
7798,0.4371566319094069,(88.0188598057535+214.29000043900427j)
7799,0.43721269200583024,(52.00532974371393+384.8536416283314j)
7800,0.43726875210225363,(-14.252914227480563-35.453986708026655j)
7801,0.43732481219867697,(244.7070322538089-485.7303644223797j)
7802,0.43738087229510036,(354.884045270005-322.6124254888009j)
7803,0.4374369323915237,(-51.06545450365454-142.23037558038183j)
7804,0.4374929924879471,(207.50963239041653+215.0169908637817j)
7805,0.43754905258437043,(330.0516794588644+123.5287950178714j)
7806,0.43760511268079383,(472.9707433200428-235.88249804070284j)
7807,0.43766117277721717,(-337.7664208055524+165.34807692024992j)
7808,0.43771723287364056,(-118.51239546757904+7.236916858486708j)
7809,0.4377732929700639,(312.2440191920739+328.130411145793j)
7810,0.4378293530664873,(166.873668102076-211.02771665589148j)
7811,0.43788541316291063,(265.4817192666072+179.4157985303854j)
7812,0.437941473259334,(-138.93390610377207-8.198026693795313j)
7813,0.43799753335575736,(-378.18627655964514-327.8927541489801j)
7814,0.43805359345218076,(69.39873579211296-53.07166181239976j)
7815,0.4381096535486041,(-2.240166172009147+120.43358099637996j)
7816,0.4381657136450275,(580.37845169291-26.2076130662594j)
7817,0.4382217737414508,(-300.2279010777785-178.79574421226144j)
7818,0.4382778338378742,(-213.16133140290887-82.8233335005931j)
7819,0.43833389393429756,(-168.58722973912572-90.96456615747728j)
7820,0.43838995403072095,(87.80034557796655+68.78938220539528j)
7821,0.4384460141271443,(-3.163242079494058+105.6949818523242j)
7822,0.4385020742235677,(-76.27884121484011-236.39389847316698j)
7823,0.438558134319991,(-120.27544646293885+171.1328653304255j)
7824,0.4386141944164144,(-124.60632853711132-68.07626291006392j)
7825,0.43867025451283775,(-229.4800756584462+255.2778585753668j)
7826,0.43872631460926115,(376.190504347026-10.78931149559478j)
7827,0.4387823747056845,(146.23800722555768-78.03385936217735j)
7828,0.4388384348021079,(98.81955569067563-381.67298615253105j)
7829,0.4388944948985312,(64.88560992253731+319.9891175277618j)
7830,0.4389505549949546,(-100.56125389372163+118.33483778344504j)
7831,0.43900661509137795,(269.1579616763294-74.82026868006999j)
7832,0.43906267518780134,(-90.3251803905836-36.56202212974377j)
7833,0.4391187352842247,(321.864163018156-289.0371970318006j)
7834,0.4391747953806481,(240.79398209169315-162.62698353027386j)
7835,0.4392308554770714,(138.36689803511925+320.3007464197402j)
7836,0.4392869155734948,(-15.101853228289173+201.09069441419166j)
7837,0.43934297566991815,(-47.33519137898247-344.9697862935528j)
7838,0.43939903576634154,(140.67481751047814-118.42686959168022j)
7839,0.4394550958627649,(148.9115667517851-268.7707933728768j)
7840,0.43951115595918827,(-242.16538503684558-453.20763156335966j)
7841,0.4395672160556116,(-344.66548627974805+9.957695186466879j)
7842,0.439623276152035,(131.54857195995916+117.47084803233916j)
7843,0.43967933624845834,(562.4388079843318+34.189387899689336j)
7844,0.43973539634488173,(467.43658351676186-87.80528435577284j)
7845,0.4397914564413051,(-109.3719101972438+104.93891321343344j)
7846,0.43984751653772847,(-205.90466915460783-44.61670771328046j)
7847,0.4399035766341518,(22.399424863172513-283.99342248331783j)
7848,0.4399596367305752,(-195.21426362528416-51.04331068035267j)
7849,0.44001569682699854,(-265.10790428084783+282.5795856060779j)
7850,0.44007175692342193,(40.97229541383356+27.849712529968677j)
7851,0.44012781701984527,(312.92460988350854+56.59240035474372j)
7852,0.44018387711626866,(229.1242849684658+493.1226627536055j)
7853,0.440239937212692,(-18.411383228353586+169.47133343011612j)
7854,0.4402959973091154,(-80.36659443258529+233.69837799207193j)
7855,0.44035205740553873,(182.5165109138363+206.24088516131343j)
7856,0.4404081175019621,(-104.01527026534157-119.90531045438779j)
7857,0.44046417759838546,(258.247570847629+29.88874596940731j)
7858,0.44052023769480886,(240.31153563675576+277.6440689574188j)
7859,0.4405762977912322,(265.8439977077948-77.41107463249412j)
7860,0.4406323578876556,(-257.0475242310373-322.3152218755793j)
7861,0.44068841798407893,(-118.27477617995551+191.35627253236544j)
7862,0.4407444780805023,(-264.3071070910692+263.29946737160435j)
7863,0.44080053817692566,(197.28034504887808-383.3212804009389j)
7864,0.44085659827334905,(-276.0988747300378-392.1103696393018j)
7865,0.4409126583697724,(83.52372826402146+150.85467870102826j)
7866,0.4409687184661958,(95.56016859838317+119.52962505647311j)
7867,0.4410247785626191,(282.3051943736756-203.80931311733124j)
7868,0.4410808386590425,(124.64093833237287-107.1802044881827j)
7869,0.44113689875546586,(-13.707159243698044-228.39007803154396j)
7870,0.44119295885188925,(-316.6324400968697-91.60023347707957j)
7871,0.4412490189483126,(256.0951050319061-143.74322722306067j)
7872,0.441305079044736,(-280.3578023410708-30.581291685734655j)
7873,0.4413611391411593,(-120.41115632749919+355.75012643035996j)
7874,0.4414171992375827,(-66.77871728143332-51.45752154894857j)
7875,0.44147325933400605,(365.88408325396574-138.52918754353664j)
7876,0.44152931943042945,(543.4177471905598+35.40160322713257j)
7877,0.4415853795268528,(377.91117829110175+305.7332055886244j)
7878,0.4416414396232762,(21.056656503699685+372.9941833946222j)
7879,0.4416974997196995,(-189.6649392398019+239.1681730017071j)
7880,0.4417535598161229,(495.2455136983327-72.52628035936957j)
7881,0.44180961991254625,(226.50691809280613-65.05823861326817j)
7882,0.44186568000896964,(143.1611561963251-184.03481497460507j)
7883,0.441921740105393,(-334.7002402125214+382.4782968076259j)
7884,0.4419778002018164,(70.35470894288306+178.90171179286295j)
7885,0.4420338602982397,(-31.134903617346442+276.5007850340801j)
7886,0.4420899203946631,(109.2476938510358-454.9865903477581j)
7887,0.44214598049108644,(-190.71577249422873+192.19752944473842j)
7888,0.44220204058750984,(-145.98925361928676+161.45424199425761j)
7889,0.4422581006839332,(350.3403288953288-202.36726606392529j)
7890,0.44231416078035657,(92.14643523436817-22.977940264960534j)
7891,0.4423702208767799,(-162.30149561566134-92.57289895679698j)
7892,0.4424262809732033,(266.91839003784736+370.2163235076359j)
7893,0.44248234106962664,(41.574714656682126-125.41825747961427j)
7894,0.44253840116605003,(14.96233917619616+61.57135148574724j)
7895,0.44259446126247337,(113.83548551886913-218.5628872928005j)
7896,0.44265052135889676,(-34.32578136632605-77.48892566529572j)
7897,0.4427065814553201,(63.11861189617826-22.402166849164345j)
7898,0.4427626415517435,(276.1056214561739-107.09507049519911j)
7899,0.44281870164816683,(-110.88818901049079-39.11819883527615j)
7900,0.44287476174459023,(243.5368770201561+30.795979871112607j)
7901,0.44293082184101357,(46.130508214919196+99.32901123830032j)
7902,0.44298688193743696,(-373.14947337469084+100.78943194599066j)
7903,0.4430429420338603,(-76.28577349209203+231.7227866991508j)
7904,0.4430990021302837,(-357.71933102873606+59.75842137895043j)
7905,0.44315506222670703,(-140.43647591154493-369.7230456912532j)
7906,0.4432111223231304,(-305.62103459277637+243.26317542337048j)
7907,0.44326718241955376,(-504.9314104116026+293.89814150695145j)
7908,0.44332324251597716,(56.181612917290636-369.83612874574646j)
7909,0.4433793026124005,(-49.50461829043101-22.488627777092425j)
7910,0.4434353627088239,(-22.689858935379725+206.57245193539427j)
7911,0.4434914228052472,(30.5026673547453+327.7167211071817j)
7912,0.4435474829016706,(312.3211331224477-206.56196652599687j)
7913,0.44360354299809396,(-207.198042065212+145.75433501215056j)
7914,0.44365960309451735,(-52.98669615924328-390.3395796278878j)
7915,0.4437156631909407,(52.14914734370458+51.06026427063597j)
7916,0.4437717232873641,(342.0507413204226+124.39366481935498j)
7917,0.4438277833837874,(88.21848969011015+132.6928423476397j)
7918,0.4438838434802108,(37.870231677342176+3.2938479920416377j)
7919,0.44393990357663415,(-73.29553649058785-58.616372573732065j)
7920,0.44399596367305755,(56.66909002833354+111.47280828513487j)
7921,0.4440520237694809,(-252.38225117772245-636.9950080194433j)
7922,0.4441080838659043,(-17.581965103172905+438.6950436804989j)
7923,0.4441641439623276,(145.0693992989907+70.56507224108465j)
7924,0.444220204058751,(109.29411280835548-172.77539017969002j)
7925,0.44427626415517435,(-154.61492853888245+228.17143139559005j)
7926,0.44433232425159774,(-119.44502979453706+113.46901270640474j)
7927,0.4443883843480211,(-190.17693173925232+144.05736003961744j)
7928,0.4444444444444445,(263.2028647724548-5.537197224431296j)
7929,0.4445005045408678,(86.44726555514731+162.3766859913676j)
7930,0.4445565646372912,(296.59255803245964-153.9425622268185j)
7931,0.44461262473371455,(146.4534106831134+104.62824147819462j)
7932,0.44466868483013794,(-196.1034806598969-230.46850950606176j)
7933,0.4447247449265613,(237.26107665147606-83.87626340084462j)
7934,0.44478080502298467,(225.6976975258251-518.9129136512173j)
7935,0.444836865119408,(166.67155868126966-69.54333951334772j)
7936,0.44489292521583135,(-4.777658105325031-280.58536736275755j)
7937,0.44494898531225474,(160.15733775633294-197.23038406886383j)
7938,0.4450050454086781,(50.44250470241856+247.2312310541747j)
7939,0.4450611055051015,(-48.18815015889633+233.22653187299332j)
7940,0.4451171656015248,(-174.83401015877044-390.6280212574362j)
7941,0.4451732256979482,(-266.6932927212856+292.8231268680761j)
7942,0.44522928579437154,(153.62579520117157-93.139105431528j)
7943,0.44528534589079494,(87.31619938972588-71.12538235098174j)
7944,0.4453414059872183,(-238.7967279011651-497.70368148509357j)
7945,0.44539746608364167,(-278.38262616129987+2.00108451987181j)
7946,0.445453526180065,(-192.4172374727097+258.8686347626645j)
7947,0.4455095862764884,(282.2771760574264-108.58285153225556j)
7948,0.44556564637291174,(-100.24789367053025+211.2166225380771j)
7949,0.44562170646933513,(-39.31157116138947-42.70972271081795j)
7950,0.44567776656575847,(465.31536659943185+91.47148401758227j)
7951,0.44573382666218186,(-177.278141224632-378.5881787970994j)
7952,0.4457898867586052,(42.4111273861888+185.73120621867844j)
7953,0.4458459468550286,(-216.40329301789345-90.61041577174325j)
7954,0.44590200695145193,(345.7793252177002-368.9336360738558j)
7955,0.44595806704787533,(217.17405776962605-58.94786504697163j)
7956,0.44601412714429867,(177.0817886500957+57.00470574108992j)
7957,0.44607018724072206,(513.7162335204159+26.78955900422733j)
7958,0.4461262473371454,(315.4331853290187+264.1733782354394j)
7959,0.4461823074335688,(-86.43784146270781+201.6730329322525j)
7960,0.44623836752999213,(58.923464848860924+343.37950458661896j)
7961,0.4462944276264155,(272.644625492342-107.87286817844588j)
7962,0.44635048772283886,(-303.67439105764913+108.25875531617308j)
7963,0.44640654781926226,(206.76853442699706+317.74357279722113j)
7964,0.4464626079156856,(-119.94852472008685-223.01021425318265j)
7965,0.446518668012109,(-89.5001308432069+161.96481784840608j)
7966,0.4465747281085323,(-385.77441213844537-52.83558327873083j)
7967,0.4466307882049557,(-388.0596238609129+285.06517932563116j)
7968,0.44668684830137906,(-109.03136842100356+78.48711344679847j)
7969,0.44674290839780245,(102.14192932910925-208.11569438323497j)
7970,0.4467989684942258,(531.0785020157365+49.56001346791341j)
7971,0.4468550285906492,(-203.40000471208387-15.66072773712041j)
7972,0.4469110886870725,(280.3812898712017+0.792964843710223j)
7973,0.4469671487834959,(-821.9089075645852-420.7165686513274j)
7974,0.44702320887991925,(-252.21850709881227-521.2865272971007j)
7975,0.44707926897634265,(430.6151922010546-114.33572405313475j)
7976,0.447135329072766,(-270.65672940648466+254.87789136748427j)
7977,0.4471913891691894,(341.5867443232461+306.3878548342039j)
7978,0.4472474492656127,(31.186068734744936-283.41998273087233j)
7979,0.4473035093620361,(11.069084788275429-158.14717445268306j)
7980,0.44735956945845945,(-222.78180183810372-278.53645889456993j)
7981,0.44741562955488284,(-13.374281550936788+15.862578227571362j)
7982,0.4474716896513062,(122.03021614170027-153.78980664506196j)
7983,0.4475277497477296,(204.55278919218284-112.07294789386857j)
7984,0.4475838098441529,(120.67785806914925-31.762293429440227j)
7985,0.4476398699405763,(444.484597391517+385.98858932973894j)
7986,0.44769593003699965,(236.4885560644666+269.76776703447075j)
7987,0.44775199013342304,(-272.14199607455805-74.66195800857844j)
7988,0.4478080502298464,(21.176881216883505+175.32428989607797j)
7989,0.44786411032626977,(-16.878501488546725+139.14971714328968j)
7990,0.4479201704226931,(-279.3040104186886+46.792128283411614j)
7991,0.4479762305191165,(486.7472432650996+361.3150397942736j)
7992,0.44803229061553984,(-8.50000456003395+16.17909205699121j)
7993,0.44808835071196323,(130.36771232364526-102.6403821565789j)
7994,0.4481444108083866,(-40.63719838492651-24.755779451107543j)
7995,0.44820047090480997,(-276.76238896301595-46.55564817258761j)
7996,0.4482565310012333,(172.2943933078894-107.16906069068048j)
7997,0.4483125910976567,(361.32456557708184+260.43780257040305j)
7998,0.44836865119408004,(-54.037371827901985+3.9931505818892923j)
7999,0.44842471129050343,(-226.16304009126912+329.25481902203074j)
8000,0.44848077138692677,(-163.17939134247268-367.26915543826004j)
8001,0.44853683148335016,(195.14417570694272-108.70637255552387j)
8002,0.4485928915797735,(-109.93599724822636-364.5283621039886j)
8003,0.4486489516761969,(-27.799709210473196-119.73117443807574j)
8004,0.44870501177262023,(282.92953869585523-297.41586101628536j)
8005,0.4487610718690436,(235.8684874442818+233.83040214048924j)
8006,0.44881713196546696,(58.28870368720394+147.9257976629793j)
8007,0.44887319206189036,(449.08592852478967-26.318417562300766j)
8008,0.4489292521583137,(-25.58838892869567-93.8258520312268j)
8009,0.4489853122547371,(-192.60866586264706+27.51683705165305j)
8010,0.44904137235116043,(82.11727058639465+12.327317249094715j)
8011,0.4490974324475838,(370.9413368973102-222.7744245891608j)
8012,0.44915349254400716,(-86.28086972185434-34.245945526300545j)
8013,0.44920955264043055,(44.24854736988442-251.91696741041122j)
8014,0.4492656127368539,(11.262420050718745+140.3586532560258j)
8015,0.4493216728332773,(-57.327587347287505-440.2172131090081j)
8016,0.4493777329297006,(-216.92786166418426+17.235507788541398j)
8017,0.449433793026124,(-250.65962374213257-74.76711797112264j)
8018,0.44948985312254736,(-244.69012653465666-264.2912780924307j)
8019,0.44954591321897075,(74.62303375579907+232.9442904525971j)
8020,0.4496019733153941,(-6.90233285309715-112.17520678096682j)
8021,0.4496580334118175,(11.12888712319912+241.38762064517897j)
8022,0.4497140935082408,(49.60515560152745-186.98648886721978j)
8023,0.4497701536046642,(345.54234784068507-374.0303674680517j)
8024,0.44982621370108755,(231.57213731947527+103.37271514534424j)
8025,0.44988227379751095,(-355.13931158462015+491.86914501734617j)
8026,0.4499383338939343,(-215.14898671174535+246.79949146264994j)
8027,0.4499943939903577,(226.44563222973076-165.53401652831405j)
8028,0.450050454086781,(250.1804951485427-339.64804403214157j)
8029,0.4501065141832044,(-33.57476947162132-379.4018502125335j)
8030,0.45016257427962775,(-94.19753416140261-363.2467149979809j)
8031,0.45021863437605114,(244.5918193867875-38.539726335115716j)
8032,0.4502746944724745,(-308.73537664758226-312.8641368756841j)
8033,0.4503307545688979,(189.31267949485436-48.707905882615655j)
8034,0.4503868146653212,(266.64776287953765+247.07730553567043j)
8035,0.4504428747617446,(-320.9505847366171-0.8587102653375212j)
8036,0.45049893485816794,(37.241558679747016-563.3173161710965j)
8037,0.45055499495459134,(526.6450666925831+20.376100673870297j)
8038,0.4506110550510147,(-276.22657607076826-180.12322000822599j)
8039,0.45066711514743807,(387.19421441420053+56.19251484594003j)
8040,0.4507231752438614,(58.23938193757116+121.35749107949468j)
8041,0.4507792353402848,(68.8453055896292+176.85335662043087j)
8042,0.45083529543670814,(-73.92434319245176+297.6606526727611j)
8043,0.45089135553313153,(278.23115517463606+73.61643785301933j)
8044,0.45094741562955487,(91.1364589860684-293.84587636246175j)
8045,0.45100347572597826,(323.8672841020422-29.900417860377786j)
8046,0.4510595358224016,(-11.39688994585137-46.85468983951799j)
8047,0.451115595918825,(140.12268563523028+233.0985261597669j)
8048,0.45117165601524833,(-42.238533706795096+134.22573207439808j)
8049,0.45122771611167173,(-147.64685940176184-230.0613306004606j)
8050,0.45128377620809507,(74.62229095407938-83.7791058025468j)
8051,0.45133983630451846,(9.780287975964598-88.62879410207364j)
8052,0.4513958964009418,(-2.6650649137247946-80.3211959635841j)
8053,0.4514519564973652,(411.81560028877215+88.28847736603505j)
8054,0.45150801659378853,(-62.70545867085315+113.53247090802628j)
8055,0.4515640766902119,(-56.48748239582147-226.02786975663238j)
8056,0.45162013678663526,(91.52840842634933+89.09970349346652j)
8057,0.45167619688305866,(101.3712762421882-139.78232748072668j)
8058,0.451732256979482,(-171.29358643923226-341.9487770332895j)
8059,0.4517883170759054,(32.05675659707293-113.29928250761319j)
8060,0.4518443771723287,(325.51721692454345+19.041227025515838j)
8061,0.4519004372687521,(-45.169046975851955-95.06491896737977j)
8062,0.45195649736517546,(-46.22673529631953-11.94708688152809j)
8063,0.45201255746159885,(153.28392543600677-81.73434186094231j)
8064,0.4520686175580222,(-126.38001333327333+3.2513114621270036j)
8065,0.4521246776544456,(7.777438082323087+275.2026264085075j)
8066,0.4521807377508689,(405.78847938164023+139.637680415046j)
8067,0.4522367978472923,(-57.77284513364678-336.07313692197084j)
8068,0.45229285794371565,(-189.47241592752584+139.696025022563j)
8069,0.45234891804013905,(-132.8640495119534-36.30445877589195j)
8070,0.4524049781365624,(-302.27399201254366-217.4399399658433j)
8071,0.4524610382329858,(-93.18868667050307+38.44755160529762j)
8072,0.4525170983294091,(711.5252710085367-11.294188610785795j)
8073,0.4525731584258325,(-97.94797369415254-159.1756301945964j)
8074,0.45262921852225585,(-120.93096634521604+267.7481922554547j)
8075,0.45268527861867924,(42.26426456726798+262.1284864163003j)
8076,0.4527413387151026,(453.185787430564-210.50500729658663j)
8077,0.452797398811526,(269.5845607165282-178.7228535180713j)
8078,0.4528534589079493,(100.25006268644655+141.59211510215067j)
8079,0.4529095190043727,(-36.206352010563556-79.22400088572716j)
8080,0.45296557910079605,(-102.00182826889221+205.34307603542698j)
8081,0.45302163919721944,(276.9180832814928+147.75470467545003j)
8082,0.4530776992936428,(-194.3792352435371+311.85588451090496j)
8083,0.45313375939006617,(191.23204966801268+33.908934342134955j)
8084,0.4531898194864895,(0.3777090041591542-22.042749181550825j)
8085,0.4532458795829129,(13.32010952087448-150.61408669424114j)
8086,0.45330193967933624,(-320.12045695149345-57.23718450707797j)
8087,0.45335799977575963,(159.55448893578327-250.12460124797573j)
8088,0.453414059872183,(269.3206709275791+265.63924148058106j)
8089,0.45347011996860637,(-69.77644499741683+397.65864545637646j)
8090,0.4535261800650297,(-50.023954449426526-211.6962591352617j)
8091,0.4535822401614531,(-3.0116631173511053+83.94285831305781j)
8092,0.45363830025787644,(112.88562160322547+387.65901329685335j)
8093,0.45369436035429983,(376.0964411608504-95.70963408390082j)
8094,0.45375042045072317,(87.68161782028812-136.592700194602j)
8095,0.45380648054714656,(20.931187597328066+74.7052778076675j)
8096,0.4538625406435699,(-129.22232152436726-193.4502742154961j)
8097,0.4539186007399933,(313.2634983891984+265.5726362982903j)
8098,0.45397466083641663,(-158.97608942957848-175.2648484627241j)
8099,0.45403072093284,(2.209127069656212-112.63860744138624j)
8100,0.45408678102926336,(25.13661928088294+165.6295473262685j)
8101,0.45414284112568676,(251.97681570103805+35.05048849981644j)
8102,0.4541989012221101,(110.21295357845128+93.83489269759949j)
8103,0.4542549613185335,(176.78973748307953+11.346913437031546j)
8104,0.45431102141495683,(205.6705363194813-71.88978249593224j)
8105,0.4543670815113802,(80.19930252807514-214.72437997917058j)
8106,0.45442314160780356,(21.492119428090167-36.42542323941568j)
8107,0.45447920170422695,(-270.6998739048105-73.17251226031627j)
8108,0.4545352618006503,(-421.986426026621+123.45081233570929j)
8109,0.4545913218970737,(138.37053416090265+0.4078450001818794j)
8110,0.454647381993497,(-72.74900850533675-63.6599604318432j)
8111,0.4547034420899204,(-151.27773235319887+265.0429525144715j)
8112,0.45475950218634376,(331.6899308630292-306.7358254644758j)
8113,0.45481556228276715,(239.592343982883-134.978359044535j)
8114,0.4548716223791905,(-66.00702188066134-0.15690901816637393j)
8115,0.4549276824756139,(72.73224023592209+209.73755734691082j)
8116,0.4549837425720372,(60.0610793878202-220.3530621054145j)
8117,0.4550398026684606,(144.9740237488435+62.99518882228229j)
8118,0.45509586276488395,(195.0019585103833+253.7444775901536j)
8119,0.45515192286130735,(63.00474874669358+361.4751454118077j)
8120,0.4552079829577307,(-22.10587552317002-21.594760618440233j)
8121,0.4552640430541541,(-51.729954506737755+316.56427670380236j)
8122,0.4553201031505774,(166.52828164658763-21.548165315610618j)
8123,0.4553761632470008,(-154.24233954393128+16.745229948060846j)
8124,0.45543222334342415,(-383.8298598342213+224.51040880349672j)
8125,0.45548828343984754,(167.19691622390621+191.72187077791895j)
8126,0.4555443435362709,(425.03563917499974-438.352772325401j)
8127,0.4556004036326943,(-209.46315912912735-170.57943356183682j)
8128,0.4556564637291176,(-177.05417006305086+113.37728110659731j)
8129,0.455712523825541,(-144.834046747406-76.99186226096266j)
8130,0.45576858392196434,(186.53318011886003+229.22050375611235j)
8131,0.45582464401838774,(-193.69919054505155+123.80429726569695j)
8132,0.4558807041148111,(268.71218738120376+354.4059996996179j)
8133,0.45593676421123447,(-31.411311403103312+323.6854150525047j)
8134,0.4559928243076578,(99.87713347154745+91.40073432340093j)
8135,0.4560488844040812,(-257.61468018248604-479.4062010204258j)
8136,0.45610494450050454,(-27.557185169732264-181.5077702214041j)
8137,0.45616100459692793,(59.485946827979646+27.193215464412877j)
8138,0.45621706469335127,(-490.13270883423115-309.7107978349865j)
8139,0.45627312478977466,(-267.54661284292996-94.38504951261173j)
8140,0.456329184886198,(-165.82164804216478-153.35030849457746j)
8141,0.4563852449826214,(-108.427705075109-4.606104793881123j)
8142,0.45644130507904473,(-40.358337286623566-129.09588782664937j)
8143,0.45649736517546813,(-103.32536017953691-5.228640664009248j)
8144,0.45655342527189147,(-570.3538478535103+30.507763993416404j)
8145,0.45660948536831486,(-93.64740558663914-62.43576673616684j)
8146,0.4566655454647382,(372.97440236977127+357.01833661713994j)
8147,0.4567216055611616,(-2.557372522783325-239.97022319090797j)
8148,0.45677766565758493,(-347.47710344313015+217.25464920612848j)
8149,0.4568337257540083,(658.5195241695777-21.7101155340643j)
8150,0.45688978585043166,(21.052780697951363+363.47835064007324j)
8151,0.45694584594685506,(-102.37032922184639+115.21820587305584j)
8152,0.4570019060432784,(42.137263649327764+161.82880403717922j)
8153,0.4570579661397018,(-257.02236094054535-104.872410416777j)
8154,0.4571140262361251,(-249.77009483814822-78.25217566262435j)
8155,0.4571700863325485,(365.7249519010126-227.08947994373875j)
8156,0.45722614642897186,(-168.3272854071496+387.27396026692657j)
8157,0.45728220652539525,(-279.83359106026563-0.3237544300365798j)
8158,0.4573382666218186,(230.74880307283678-1.9297996684149794j)
8159,0.457394326718242,(-272.85127188260486+83.65203673788422j)
8160,0.4574503868146653,(-86.13780260843892+374.14571412305236j)
8161,0.4575064469110887,(118.02858667961561+303.4956656116088j)
8162,0.45756250700751205,(306.15991364468385-14.249530135623687j)
8163,0.45761856710393545,(124.67871558361126-11.36253682613169j)
8164,0.4576746272003588,(47.410505691353194+139.72216561966175j)
8165,0.4577306872967822,(45.335800309564675-7.2209754380362146j)
8166,0.4577867473932055,(-90.75686382050232-199.93791404688977j)
8167,0.4578428074896289,(-204.4774772194147+310.45815914670965j)
8168,0.45789886758605225,(230.65160972360104+427.7201698362467j)
8169,0.45795492768247564,(-133.69625984463553-69.26392520216544j)
8170,0.458010987778899,(-138.7003814411666-137.17167973670536j)
8171,0.4580670478753224,(-331.41337369080486+167.67966839544331j)
8172,0.4581231079717457,(195.72348567723478+93.67705446800213j)
8173,0.4581791680681691,(-624.3820555241482-247.1471750141586j)
8174,0.45823522816459245,(-68.06245256346534-227.9420657250801j)
8175,0.45829128826101584,(-238.39528789450813-72.46030837277698j)
8176,0.4583473483574392,(297.44726920821824+57.54320435509377j)
8177,0.45840340845386257,(-182.88172668269846-253.8728141590019j)
8178,0.4584594685502859,(126.79044932358043-99.14621828492602j)
8179,0.4585155286467093,(96.27521787982681+70.21729586770485j)
8180,0.45857158874313264,(39.24704368468852-305.3596158697455j)
8181,0.45862764883955603,(274.0303369804898+340.03596770115956j)
8182,0.4586837089359794,(-5.203172357939572+323.42817901227016j)
8183,0.45873976903240277,(-377.5995668141047+247.01715431492875j)
8184,0.4587958291288261,(262.6299028189934+89.43558090862018j)
8185,0.4588518892252495,(53.39776216371622+278.4844447218964j)
8186,0.45890794932167284,(-101.05262234652291-10.275945070620352j)
8187,0.45896400941809623,(-12.844192498615952+64.06282853555801j)
8188,0.45902006951451957,(-322.21692326788457-7.256930821321333j)
8189,0.45907612961094296,(157.77689899780842+211.76855350042973j)
8190,0.4591321897073663,(377.54865280328346+357.1767938178583j)
8191,0.4591882498037897,(191.48433944994423-309.6413170607219j)
8192,0.45924430990021303,(77.22245358412158+70.7351627659457j)
8193,0.45930036999663637,(-146.19646701634835-282.3723271907924j)
8194,0.45935643009305976,(-348.1590905481731-81.35874390194577j)
8195,0.4594124901894831,(-150.12022655371885-468.0986208344156j)
8196,0.4594685502859065,(-260.13447582922856-223.00251525205474j)
8197,0.45952461038232983,(-182.2880807077674+64.85982605104772j)
8198,0.45958067047875323,(98.9433651694523+533.2033373005268j)
8199,0.45963673057517657,(261.207895105809-27.204970514079754j)
8200,0.45969279067159996,(216.56938264458725+256.9029610808666j)
8201,0.4597488507680233,(68.02213860865578+225.65815254639475j)
8202,0.4598049108644467,(131.8399031995173-78.91775514221095j)
8203,0.45986097096087003,(-387.6298754100963+141.30516214892523j)
8204,0.4599170310572934,(72.66656569184676-158.28997678956586j)
8205,0.45997309115371676,(-152.45841805416865-306.00838845274603j)
8206,0.46002915125014016,(24.37066970993156+440.4148694791379j)
8207,0.4600852113465635,(186.44249387292157+232.24849844443318j)
8208,0.4601412714429869,(-129.56991448324945+158.44422063997987j)
8209,0.4601973315394102,(-189.1035448317021+176.14573245024135j)
8210,0.4602533916358336,(84.62315313982933+488.8427339440592j)
8211,0.46030945173225696,(-7.368869458809272-281.04899846523705j)
8212,0.46036551182868035,(352.90235166458183+161.78441957047426j)
8213,0.4604215719251037,(87.54697972504655+146.1590686813182j)
8214,0.4604776320215271,(-321.9658674614913+102.61115459338903j)
8215,0.4605336921179504,(-20.51813565910549-38.28003215934021j)
8216,0.4605897522143738,(-45.251130738177636-73.88117507445035j)
8217,0.46064581231079715,(131.89242096946805-214.37535825726303j)
8218,0.46070187240722055,(-307.7837029908585-346.2232133006577j)
8219,0.4607579325036439,(-244.4015945772925-15.597116627297806j)
8220,0.4608139926000673,(-25.89516936435389-20.261242474675807j)
8221,0.4608700526964906,(-221.03123102921202+367.95503937608805j)
8222,0.460926112792914,(45.826146095104804-253.8452318694787j)
8223,0.46098217288933735,(-45.2901737178466-343.83956212854366j)
8224,0.46103823298576074,(-50.6487384348039-248.01158820081162j)
8225,0.4610942930821841,(-78.00471842581094-112.02518754032283j)
8226,0.4611503531786075,(-26.66030765070525-230.07584704593359j)
8227,0.4612064132750308,(-74.57858659030525+154.72918046462755j)
8228,0.4612624733714542,(378.1219707790667+284.41546292957213j)
8229,0.46131853346787755,(-119.6840303504704-20.641920967244978j)
8230,0.46137459356430094,(229.93847248444237-48.056818457710264j)
8231,0.4614306536607243,(130.07689690417018+58.432656507827566j)
8232,0.46148671375714767,(-161.86914135541383+1.8591424881202414j)
8233,0.461542773853571,(52.40565389037312-65.4480065399776j)
8234,0.4615988339499944,(341.1223064639554-63.32134939942401j)
8235,0.46165489404641774,(-122.18660014833117+199.91128307172949j)
8236,0.46171095414284113,(-98.92190266757834-92.92516204580373j)
8237,0.4617670142392645,(-75.918310082306+280.0417208319352j)
8238,0.46182307433568787,(72.42834234355541-166.97387452529063j)
8239,0.4618791344321112,(-45.952428608825755-89.25492041850603j)
8240,0.4619351945285346,(-77.29157579237979+413.65450695413426j)
8241,0.46199125462495794,(281.16410878218-338.2519187998596j)
8242,0.46204731472138133,(-159.36072683109373+91.1149643798328j)
8243,0.46210337481780467,(-463.6384186437259+16.191471061002005j)
8244,0.46215943491422806,(299.9961716654799-336.6044784470667j)
8245,0.4622154950106514,(444.62354774275104-427.81374496472796j)
8246,0.4622715551070748,(145.572685428277+126.48090987311294j)
8247,0.46232761520349813,(-256.6627295201863+166.29805538803421j)
8248,0.4623836752999215,(247.86300102850203+124.36363824685728j)
8249,0.46243973539634486,(153.96693375096265+45.997826869699445j)
8250,0.46249579549276826,(-76.2415264070382-109.50164098857591j)
8251,0.4625518555891916,(6.591991930242427-124.89942788616668j)
8252,0.462607915685615,(-91.00280964914056-82.19134932561845j)
8253,0.46266397578203833,(150.52736995295567-317.19684861160465j)
8254,0.4627200358784617,(-235.7894691304686+33.7857658033771j)
8255,0.46277609597488506,(223.8159469268708+110.60226060482479j)
8256,0.46283215607130845,(-135.00028943090055+386.3013502000796j)
8257,0.4628882161677318,(-73.78522091661722+169.5584350034201j)
8258,0.4629442762641552,(242.06228653606365-2.13906065484821j)
8259,0.4630003363605785,(-163.4060464809324+144.865466440839j)
8260,0.4630563964570019,(342.7250577263494+9.042333358697363j)
8261,0.46311245655342526,(102.15292324840142+244.84727420915405j)
8262,0.46316851664984865,(-97.00176962483494-172.9258349732708j)
8263,0.463224576746272,(-274.9977616736135+188.39494395137856j)
8264,0.4632806368426954,(225.85182898818556+4.9241746409078j)
8265,0.4633366969391187,(-280.0940990269126-87.34848901524668j)
8266,0.4633927570355421,(73.10874157847418-278.98579854863596j)
8267,0.46344881713196545,(165.23391437361468-196.0810668426229j)
8268,0.46350487722838885,(-3.7037301021903204+321.9011237565835j)
8269,0.4635609373248122,(172.6186481919979-95.0631732354617j)
8270,0.4636169974212356,(-125.47841689896958+152.6955323265096j)
8271,0.4636730575176589,(73.0841335802646-209.26103185984343j)
8272,0.4637291176140823,(226.24328999588113-290.6298108865924j)
8273,0.46378517771050565,(387.7363999424641+70.52190141332613j)
8274,0.46384123780692904,(-89.8753218702639+76.72162058000461j)
8275,0.4638972979033524,(-207.31897816983997+153.1738827446491j)
8276,0.4639533579997758,(-430.908151024106+132.2298875348411j)
8277,0.4640094180961991,(-37.728729508756494+15.019064863595183j)
8278,0.4640654781926225,(-392.55913030843607+32.21437503092846j)
8279,0.46412153828904584,(-76.92448290315971-70.10891931411446j)
8280,0.46417759838546924,(-69.12967258750261+140.89864550421066j)
8281,0.4642336584818926,(-351.8094618285288-32.66367347183254j)
8282,0.46428971857831597,(151.0406328932967-119.92912412502315j)
8283,0.4643457786747393,(453.600926490202-127.86721895475351j)
8284,0.4644018387711627,(-618.9721235954629-264.0416215099045j)
8285,0.46445789886758604,(-227.5836590868895+119.82294945446587j)
8286,0.46451395896400943,(89.93135382051156+153.02064196347914j)
8287,0.46457001906043277,(226.35709330429523-79.2087201360813j)
8288,0.46462607915685616,(99.46205861523553-76.24946159821681j)
8289,0.4646821392532795,(-302.63658020389437-166.58495312022865j)
8290,0.4647381993497029,(174.2584811045928-471.06580572022654j)
8291,0.46479425944612623,(-119.3611940761811+10.813841852180012j)
8292,0.46485031954254963,(-237.53716200542544-75.92641900807628j)
8293,0.46490637963897297,(9.949853621131574-90.07655600593073j)
8294,0.46496243973539636,(172.7665851724642-146.0069713015315j)
8295,0.4650184998318197,(226.58655973690531-73.29047668150508j)
8296,0.4650745599282431,(83.77280317537509+162.4486170615538j)
8297,0.46513062002466643,(-187.2142292867144+278.2609992940994j)
8298,0.4651866801210898,(238.56524959100057-70.56648369763069j)
8299,0.46524274021751316,(-57.31330904272312+628.7252749299336j)
8300,0.46529880031393656,(-94.25735383151402+79.19013641761147j)
8301,0.4653548604103599,(-72.68227354243497+319.7783084563558j)
8302,0.4654109205067833,(-31.781912320828198+282.4371874491102j)
8303,0.4654669806032066,(203.04068645069174-144.08296842740447j)
8304,0.46552304069963,(576.0639944549921-68.38930782885234j)
8305,0.46557910079605336,(113.42747845569328+128.96754153526496j)
8306,0.46563516089247675,(-214.49184413864452-314.7572319091114j)
8307,0.4656912209889001,(-281.64027484372167+245.5406003931109j)
8308,0.4657472810853235,(-84.35531957241255-84.81462881679778j)
8309,0.4658033411817468,(320.6360984762686+8.660557298551637j)
8310,0.4658594012781702,(-108.47663105201693+250.43577699977934j)
8311,0.46591546137459355,(71.71806286650491-172.11260916131693j)
8312,0.46597152147101695,(102.294366318902-124.4559850805727j)
8313,0.4660275815674403,(120.0571029068497-48.21136944266045j)
8314,0.4660836416638637,(130.73895535453838+24.386427685563262j)
8315,0.466139701760287,(21.037559058294008-435.38756470132637j)
8316,0.4661957618567104,(1.9472504431743118-143.57322819252312j)
8317,0.46625182195313375,(-383.50103834865513-64.13461079462553j)
8318,0.46630788204955714,(-96.40246170173819+380.79857131025585j)
8319,0.4663639421459805,(-335.09181653626234-216.48199723998061j)
8320,0.4664200022424039,(-22.663772431104384-97.01084137549498j)
8321,0.4664760623388272,(-43.13775796608252-313.00614333270835j)
8322,0.4665321224352506,(-150.04426255318216-208.5365124768977j)
8323,0.46658818253167395,(23.000688157980072+149.52277719993995j)
8324,0.46664424262809734,(-223.51057510360184+287.2315557987686j)
8325,0.4667003027245207,(-71.50803163431345-169.11983245153172j)
8326,0.46675636282094407,(-110.09504851400263+2.413748043177989j)
8327,0.4668124229173674,(64.37192862402205-22.23373801086487j)
8328,0.4668684830137908,(90.53041951656789+106.55013917195816j)
8329,0.46692454311021414,(423.9529088790813+239.18859097748094j)
8330,0.46698060320663753,(-223.67144521497238-104.94285358970772j)
8331,0.4670366633030609,(-208.41860436352582-131.75594747672946j)
8332,0.46709272339948427,(188.4691303121164-405.66622926440124j)
8333,0.4671487834959076,(-104.31214659768702-484.1059751666236j)
8334,0.467204843592331,(74.38462437948318-201.3113966545896j)
8335,0.46726090368875434,(106.51872509734976+149.73691594267933j)
8336,0.46731696378517773,(68.6780170891036-190.79083533750205j)
8337,0.46737302388160107,(271.1223646421585+249.56044127870504j)
8338,0.46742908397802446,(-81.17572775213347+277.6322958157699j)
8339,0.4674851440744478,(192.705760992884+116.47163640757665j)
8340,0.4675412041708712,(-199.9637199050439+42.785469230141985j)
8341,0.46759726426729453,(69.2803278569518+54.45972904580879j)
8342,0.4676533243637179,(-57.94951873249723-180.2715042138674j)
8343,0.46770938446014126,(94.68097373652904-155.4372650418062j)
8344,0.46776544455656466,(248.0725489948087-467.2644492076814j)
8345,0.467821504652988,(303.61282618042065+4.622765163103001j)
8346,0.4678775647494114,(-174.76022423218922-129.22501452267167j)
8347,0.46793362484583473,(280.2630352961626+577.8974316866397j)
8348,0.4679896849422581,(-154.3084453128661-25.883791539670717j)
8349,0.46804574503868146,(-174.14761076532764+60.55173120694719j)
8350,0.46810180513510485,(500.5776486970641-623.9920895528387j)
8351,0.4681578652315282,(-363.66843137935155+77.23236332064656j)
8352,0.4682139253279516,(6.392627610507418-432.8387564895049j)
8353,0.4682699854243749,(185.8946033059579+316.05978613351556j)
8354,0.4683260455207983,(32.00422011842265+31.12489123171442j)
8355,0.46838210561722166,(240.31897015283857-546.9047196220055j)
8356,0.46843816571364505,(117.56061080306729-28.449757275055518j)
8357,0.4684942258100684,(-26.294596204855843-104.19901272429615j)
8358,0.4685502859064918,(534.0661760600725+78.24294037330762j)
8359,0.4686063460029151,(97.82431925262281+232.48529344815927j)
8360,0.4686624060993385,(335.49807909578965-17.955928799682983j)
8361,0.46871846619576185,(-22.94654914137939+163.16011677847962j)
8362,0.46877452629218525,(274.72423976705437-6.1306488551648215j)
8363,0.4688305863886086,(214.6951549573247-13.32857142853183j)
8364,0.468886646485032,(-109.81130355108033-41.94422456276232j)
8365,0.4689427065814553,(87.16682343055922+143.01218433722025j)
8366,0.4689987666778787,(323.48001215326366-605.333513149755j)
8367,0.46905482677430205,(-81.61779342351095-290.4832603275254j)
8368,0.46911088687072544,(-258.1497364977117-98.07696129855785j)
8369,0.4691669469671488,(-49.93689707462022+67.00634892441307j)
8370,0.4692230070635722,(307.64620857287235-6.117771303172148j)
8371,0.4692790671599955,(141.62769558228376-27.33865030410641j)
8372,0.4693351272564189,(-117.59689659600724+124.4611948106026j)
8373,0.46939118735284224,(48.92482836055343+9.99497413143158j)
8374,0.46944724744926564,(161.14958293063364-7.278028807133779j)
8375,0.469503307545689,(-48.87388305170512+80.6967854567549j)
8376,0.46955936764211237,(225.2048246471171-45.204691954153596j)
8377,0.4696154277385357,(-29.40516188744752-103.26449171757581j)
8378,0.4696714878349591,(-20.98360394882486+64.07215862807818j)
8379,0.46972754793138244,(138.4618807451557+399.38893247646314j)
8380,0.46978360802780583,(65.12379820723734+118.96302629964427j)
8381,0.46983966812422917,(-177.43270740580544+16.476470825857035j)
8382,0.46989572822065256,(327.9782266523167-82.87837238815293j)
8383,0.4699517883170759,(319.5158393104148+137.3373521865933j)
8384,0.4700078484134993,(-335.587878532929+96.54287817340477j)
8385,0.47006390850992263,(144.56641455517732+193.11675522862117j)
8386,0.47011996860634603,(198.62233569054473-109.25529213461596j)
8387,0.47017602870276937,(9.135879418296216+74.67831051699149j)
8388,0.47023208879919276,(-251.7526315849932+11.822634731459587j)
8389,0.4702881488956161,(-82.96586072638623+21.71346216314834j)
8390,0.4703442089920395,(86.97649554095044-52.00390213887572j)
8391,0.47040026908846283,(-129.61648358389346+100.791763289103j)
8392,0.4704563291848862,(317.8229215255169-310.03097593579315j)
8393,0.47051238928130956,(-44.0588168667666+26.827886883676186j)
8394,0.47056844937773296,(59.874229712574284-8.83188959004522j)
8395,0.4706245094741563,(34.66850956393934-4.314320723529267j)
8396,0.4706805695705797,(-203.35286789678034+258.12534584647995j)
8397,0.470736629667003,(-114.08968025378215-38.54237483047372j)
8398,0.4707926897634264,(7.007068567309361-109.11773905722978j)
8399,0.47084874985984976,(353.38546894338475-146.9055543836848j)
8400,0.47090480995627315,(-532.5735401764302+36.55024253473093j)
8401,0.4709608700526965,(-155.5065044829654-17.974269839679526j)
8402,0.4710169301491199,(51.29190156422831+184.07228454411023j)
8403,0.4710729902455432,(101.23245849841153-62.600196466590624j)
8404,0.4711290503419666,(267.9378790765925-115.77260882476384j)
8405,0.47118511043838995,(138.54525014200016+180.1579739334279j)
8406,0.47124117053481335,(135.42966889040525-126.36716906570354j)
8407,0.4712972306312367,(-161.43659855735305+131.75613486845575j)
8408,0.4713532907276601,(435.2733286695208+30.918010271564754j)
8409,0.4714093508240834,(428.4302087694395+289.23154006313956j)
8410,0.4714654109205068,(124.61457208210473-32.344473744196605j)
8411,0.47152147101693015,(664.6036681573819+189.9918376135685j)
8412,0.47157753111335354,(212.03952380012012+54.65689007821256j)
8413,0.4716335912097769,(611.762749109035+76.09728421728366j)
8414,0.4716896513062003,(-487.20020305471445+41.919728237383026j)
8415,0.4717457114026236,(373.5152766886531-221.10681107101038j)
8416,0.471801771499047,(199.02328855124756-264.7287623247231j)
8417,0.47185783159547035,(97.71922493562792+165.89166830555223j)
8418,0.47191389169189374,(320.99754304486237-170.7123404081524j)
8419,0.4719699517883171,(128.61844504480644+30.619319361920525j)
8420,0.47202601188474047,(35.58691096967539+150.4516688205908j)
8421,0.4720820719811638,(-95.67919433023664+227.10383705772412j)
8422,0.4721381320775872,(258.58213581162806+392.38786142772494j)
8423,0.47219419217401054,(-287.49107918838183+171.71522253080002j)
8424,0.47225025227043393,(-29.69821555545684+393.31714235014744j)
8425,0.4723063123668573,(28.14523150471399-174.24902477591314j)
8426,0.47236237246328067,(79.98216808664043+20.83260030896151j)
8427,0.472418432559704,(205.549983132455+17.1507067452957j)
8428,0.4724744926561274,(-81.21893302203554+422.78036095886057j)
8429,0.47253055275255074,(-38.92357515159129+282.32865562033754j)
8430,0.47258661284897413,(-53.80141436282254-289.99030020405553j)
8431,0.47264267294539747,(94.24317590798748-84.53456984728452j)
8432,0.47269873304182086,(127.25975547669714+420.84202754736634j)
8433,0.4727547931382442,(97.38220529399325-70.74137357239756j)
8434,0.4728108532346676,(-46.92798739572573+135.65830189088814j)
8435,0.47286691333109093,(-117.45404348138072+66.1744659018279j)
8436,0.4729229734275143,(7.0527196567508454-165.77074727653792j)
8437,0.47297903352393766,(60.68372700373722-121.43198418970701j)
8438,0.47303509362036106,(279.8341291759829-47.96241626856663j)
8439,0.4730911537167844,(-43.82965475509255-131.65333223339817j)
8440,0.4731472138132078,(124.47446439447876+21.30648074848895j)
8441,0.47320327390963113,(-220.78390016814683+445.67662896898327j)
8442,0.4732593340060545,(62.79323161494456-84.9362957526703j)
8443,0.47331539410247786,(-7.710756834531587-144.04797904089946j)
8444,0.47337145419890125,(-244.74127952688295-0.28664886978197046j)
8445,0.4734275142953246,(-53.01068221930873+38.26642619362275j)
8446,0.473483574391748,(246.95404889196678+319.31665827075807j)
8447,0.4735396344881713,(3.4267033460811467-165.8500335407737j)
8448,0.4735956945845947,(-227.0580434478781+163.12728104446416j)
8449,0.47365175468101806,(-16.235407522399477-193.0114879573075j)
8450,0.4737078147774414,(-222.19417202383707+120.74120895123866j)
8451,0.4737638748738648,(-256.98355215614737+281.3586121424295j)
8452,0.4738199349702881,(-120.90370838006828-192.62192824927257j)
8453,0.4738759950667115,(18.935043332955168-37.13861599531435j)
8454,0.47393205516313486,(187.4647001890475+150.78739051178442j)
8455,0.47398811525955825,(431.23362128292297-65.19647168398187j)
8456,0.4740441753559816,(-51.86035298310814-239.76191726503785j)
8457,0.474100235452405,(8.921315161089257+19.59083482059431j)
8458,0.4741562955488283,(-10.26274831443837-4.638046913513198j)
8459,0.4742123556452517,(-209.4385206655828-118.64900716296623j)
8460,0.47426841574167505,(301.15112670314994-64.18507664955929j)
8461,0.47432447583809845,(130.31960906342286+96.30636386520854j)
8462,0.4743805359345218,(196.57410294218846+379.77159195297577j)
8463,0.4744365960309452,(-131.62522100931562-94.23452648572945j)
8464,0.4744926561273685,(269.8447081606034+50.369812176603176j)
8465,0.4745487162237919,(-161.66617604417286-41.32496627596592j)
8466,0.47460477632021525,(-52.367133505912776+186.4840537990483j)
8467,0.47466083641663864,(-181.17415270533556+56.510628216803944j)
8468,0.474716896513062,(124.63167065996662+93.13054202191438j)
8469,0.4747729566094854,(-64.41533308329602-60.0333022067775j)
8470,0.4748290167059087,(144.97162525286558+214.91715180577467j)
8471,0.4748850768023321,(135.55704721543685+94.44963139929251j)
8472,0.47494113689875544,(-198.70306484471143+138.1569431016659j)
8473,0.47499719699517884,(176.18753595657122+372.650031361867j)
8474,0.4750532570916022,(0.9439381432495875-44.558776702784314j)
8475,0.47510931718802557,(175.503953454744+302.5277032663961j)
8476,0.4751653772844489,(-48.09483477330464+152.0889657915366j)
8477,0.4752214373808723,(-381.6216359457326-95.39862330349665j)
8478,0.47527749747729564,(35.249318726254174+56.34100398476737j)
8479,0.47533355757371903,(10.253852469912133+35.15978938385675j)
8480,0.4753896176701424,(19.88316409671168-225.61739106945328j)
8481,0.47544567776656577,(-293.50868537713376-147.89261063899943j)
8482,0.4755017378629891,(235.76728479907592+173.32408432636825j)
8483,0.4755577979594125,(288.27099112584756+308.82132502462485j)
8484,0.47561385805583584,(187.88352946247298+12.431605903774269j)
8485,0.47566991815225923,(-756.8538794030522-235.63697999931705j)
8486,0.47572597824868257,(-122.08586572520117-98.71777964124647j)
8487,0.47578203834510596,(409.603963917962+149.35639876649952j)
8488,0.4758380984415293,(-82.38487179614384+63.17433427459882j)
8489,0.4758941585379527,(193.6081965062874-81.86728935028651j)
8490,0.47595021863437603,(109.19569050578629+148.8640974328244j)
8491,0.4760062787307994,(-367.7473742096603-377.82108567994413j)
8492,0.47606233882722276,(379.45474132244124+31.389150653446194j)
8493,0.47611839892364616,(-21.888717995408225-36.53654095394569j)
8494,0.4761744590200695,(189.4583839991572-35.678456701319305j)
8495,0.4762305191164929,(529.7920986625197+154.66232409431245j)
8496,0.47628657921291623,(-177.421514481615-34.61519449311565j)
8497,0.4763426393093396,(-279.9413871969351+131.8449714366564j)
8498,0.47639869940576296,(-399.30245220232655+294.7191281143107j)
8499,0.47645475950218635,(63.61336160921377+123.38723502670952j)
8500,0.4765108195986097,(266.16642900870295+38.06899831391769j)
8501,0.4765668796950331,(-134.58711529721145+184.06003042020862j)
8502,0.4766229397914564,(127.65239879414125+164.28935555117857j)
8503,0.4766789998878798,(82.24007083141947+221.727918270948j)
8504,0.47673505998430316,(303.87476845142913-110.37845754907218j)
8505,0.47679112008072655,(-260.9946929896316-289.586021174347j)
8506,0.4768471801771499,(-1.0954457813094614-167.38081137176894j)
8507,0.4769032402735733,(29.894305967705684-123.77238452649685j)
8508,0.4769593003699966,(-387.5268571361391-76.56188874571677j)
8509,0.47701536046642,(172.36321791470408+296.24200041201925j)
8510,0.47707142056284335,(129.56362592134354+393.25807440459926j)
8511,0.47712748065926675,(-168.81729057700005+287.1119491037576j)
8512,0.4771835407556901,(-10.830898654591174+116.76929095354467j)
8513,0.4772396008521135,(-410.04403045439636-100.6157583091684j)
8514,0.4772956609485368,(-482.30384693272794-204.45653985592614j)
8515,0.4773517210449602,(-149.76490004611753+45.28291503362661j)
8516,0.47740778114138355,(125.79120079724044-152.39318840408401j)
8517,0.47746384123780694,(329.940325998328-167.99556645653098j)
8518,0.4775199013342303,(-207.6447647941161-146.399504932104j)
8519,0.4775759614306537,(-129.54917452265138+137.4561473857871j)
8520,0.477632021527077,(72.00530747612851-14.707966510976723j)
8521,0.4776880816235004,(55.142935622784975-25.340839642554506j)
8522,0.47774414171992374,(43.71975333340106-145.6602864059409j)
8523,0.47780020181634714,(370.942778955087+174.7945452304407j)
8524,0.4778562619127705,(251.0828183999143-1.2793843441395865j)
8525,0.47791232200919387,(246.62366164739677+128.69043263452824j)
8526,0.4779683821056172,(1.6615621930130118+102.17597935742054j)
8527,0.4780244422020406,(-114.62663356836114-91.65431624704749j)
8528,0.47808050229846394,(-85.56816844138555+124.21864982701155j)
8529,0.47813656239488733,(151.18164465356722-196.63087530928635j)
8530,0.47819262249131067,(493.82698330482464+138.1331177008271j)
8531,0.47824868258773406,(75.93443013908048-7.9192217194514445j)
8532,0.4783047426841574,(-142.91724169651386+492.4609298957517j)
8533,0.4783608027805808,(196.70205492761974+554.3904108528503j)
8534,0.47841686287700413,(-226.3936322028783-466.65790773549446j)
8535,0.47847292297342753,(-356.33036836740786-323.94822980398834j)
8536,0.47852898306985087,(96.82835325369288-26.38811158235916j)
8537,0.47858504316627426,(41.2042657609165+101.32490720837947j)
8538,0.4786411032626976,(-452.3937332816971+4.569115612282644j)
8539,0.478697163359121,(-177.61555844990468+172.37730534355813j)
8540,0.47875322345554433,(-285.5453295789889-358.5917824735851j)
8541,0.4788092835519677,(-155.48738776880688+220.78608927024268j)
8542,0.47886534364839106,(228.86103887175088+52.229885586991344j)
8543,0.47892140374481446,(163.92574386438545+184.67344092006925j)
8544,0.4789774638412378,(-51.02249753528314-186.9921013575115j)
8545,0.4790335239376612,(9.832171354913669-349.9047046691631j)
8546,0.4790895840340845,(163.74548504850014+196.65992102329696j)
8547,0.4791456441305079,(-300.53805872709654+3.5228719677123763j)
8548,0.47920170422693126,(-8.839642357683946+22.602206083203946j)
8549,0.47925776432335465,(118.53269505465022+427.0254113772646j)
8550,0.479313824419778,(73.67631946740607-222.44713961065293j)
8551,0.4793698845162014,(66.99011808355998+214.52483214978207j)
8552,0.4794259446126247,(312.4940505666732+147.06324195623026j)
8553,0.4794820047090481,(284.34717511941886-394.8745290221051j)
8554,0.47953806480547145,(4.359345017219038+171.70944722944728j)
8555,0.47959412490189485,(-227.24209219905924-106.22941443764498j)
8556,0.4796501849983182,(197.04083353014974-76.19205200699184j)
8557,0.4797062450947416,(-63.67391776625543-218.9552108862559j)
8558,0.4797623051911649,(-267.491952456473+99.00698890712721j)
8559,0.4798183652875883,(-390.5083229628519+457.3392526279819j)
8560,0.47987442538401165,(-87.33895713699586+184.55545244182622j)
8561,0.47993048548043504,(62.8658402247191+120.53333787290687j)
8562,0.4799865455768584,(-48.616089276412524+14.971036998646476j)
8563,0.4800426056732818,(179.09921001424453-274.7606235042978j)
8564,0.4800986657697051,(-30.70271567790304-156.95973381574973j)
8565,0.4801547258661285,(140.45309448724987-205.04691928616896j)
8566,0.48021078596255184,(198.7633870238602-33.223607918117175j)
8567,0.48026684605897524,(-274.0766809070801+297.7420184106458j)
8568,0.4803229061553986,(123.48768385226033-222.476720650175j)
8569,0.48037896625182197,(-189.20191558925566-12.14983955626225j)
8570,0.4804350263482453,(163.34255861930654-188.2688203180877j)
8571,0.4804910864446687,(45.63842555022518-113.88176359961734j)
8572,0.48054714654109204,(213.36716287800138+51.027604486145876j)
8573,0.48060320663751543,(192.86288070402068+231.24957724582632j)
8574,0.4806592667339388,(-159.5020267471055-246.97168331057958j)
8575,0.48071532683036217,(-180.19837569548034+213.5800947294118j)
8576,0.4807713869267855,(78.87428662320369-180.59871744842306j)
8577,0.4808274470232089,(-238.33722947374713-303.78916991388746j)
8578,0.48088350711963224,(129.77944394061078-273.7912465804888j)
8579,0.48093956721605563,(200.00349149793277-60.468994635739186j)
8580,0.48099562731247897,(-68.020998451395-366.12134478273805j)
8581,0.48105168740890236,(46.77620074952753-8.297759726379349j)
8582,0.4811077475053257,(152.81434698523185+184.85661654990713j)
8583,0.4811638076017491,(263.80210763146795+179.73009576329713j)
8584,0.48121986769817243,(-432.61050028615574-404.0638063126219j)
8585,0.4812759277945958,(112.62114227457089-369.95786482899814j)
8586,0.48133198789101916,(-47.92761718450673+278.5537280449197j)
8587,0.48138804798744256,(135.2296515306532-14.200596488182008j)
8588,0.4814441080838659,(173.53375376651772-373.57499344785083j)
8589,0.4815001681802893,(14.672986618451631-409.92219526937765j)
8590,0.48155622827671263,(175.40855127703242+104.30942302446061j)
8591,0.481612288373136,(-26.400493923226765-31.785352708151372j)
8592,0.48166834846955936,(388.36750677782015-46.27023803214949j)
8593,0.48172440856598275,(-259.9327878454849-100.24842617421847j)
8594,0.4817804686624061,(106.19352219645378+76.57514036134621j)
8595,0.4818365287588295,(-111.38430265998264+84.56257305586831j)
8596,0.4818925888552528,(-205.96761984614682-28.82062119983899j)
8597,0.4819486489516762,(78.41044632477988-39.45977031990468j)
8598,0.48200470904809956,(-198.87521414994387+81.98201787546282j)
8599,0.48206076914452295,(-225.68492305452017+32.794994813374316j)
8600,0.4821168292409463,(-161.3471507532475-269.8226929134402j)
8601,0.4821728893373697,(152.83241164311406+147.11137866757056j)
8602,0.482228949433793,(369.3444152881125+147.17611246172885j)
8603,0.4822850095302164,(578.0577203311194-212.45869602027489j)
8604,0.48234106962663975,(151.0336794475495+63.59549686623754j)
8605,0.48239712972306314,(333.72118224003503-135.95835755465885j)
8606,0.4824531898194865,(114.2876385825385-95.87533519488211j)
8607,0.4825092499159099,(-127.26181764906181+83.33589202624478j)
8608,0.4825653100123332,(-124.76408988999044-15.111329093423091j)
8609,0.4826213701087566,(-27.125758277026833+250.7001374288801j)
8610,0.48267743020517995,(-143.06694793002475+140.63433398234673j)
8611,0.48273349030160334,(-217.44618976665112+118.84918928635007j)
8612,0.4827895503980267,(-190.22419308620937+867.0100341862913j)
8613,0.4828456104944501,(380.4464034113155+102.48692172472747j)
8614,0.4829016705908734,(-35.77445326615334-147.53451734391106j)
8615,0.4829577306872968,(-32.97710588940747-29.014067970442934j)
8616,0.48301379078372014,(-218.39597292094564-17.585867482423538j)
8617,0.48306985088014354,(207.52980471932517+356.51318341632197j)
8618,0.4831259109765669,(15.0478568589471+369.96938825104405j)
8619,0.48318197107299027,(-196.9403310155328+70.30029262210786j)
8620,0.4832380311694136,(-142.42976785420902-115.71728293407763j)
8621,0.483294091265837,(133.21965792262043+233.44375584854959j)
8622,0.48335015136226034,(319.8362852463276+63.96021473822764j)
8623,0.48340621145868373,(318.9262820951113-272.74699208283073j)
8624,0.48346227155510707,(83.48844938238736+109.63192704228805j)
8625,0.48351833165153046,(-4.089153558800746+403.74661198710055j)
8626,0.4835743917479538,(-120.53817860703074-70.70760170186674j)
8627,0.4836304518443772,(236.26147169258195+221.2781407629247j)
8628,0.48368651194080053,(-440.08284204819-160.384139710762j)
8629,0.48374257203722393,(118.92578106741624-204.30453883217515j)
8630,0.48379863213364727,(-102.12744680570543+99.89573628747041j)
8631,0.48385469223007066,(291.034762220555-67.59958587747535j)
8632,0.483910752326494,(312.6755995128942+334.1883645496754j)
8633,0.4839668124229174,(-197.9549203594207+67.18919068577489j)
8634,0.48402287251934073,(-12.017963750511697-187.0081452990908j)
8635,0.4840789326157641,(105.06080067717323+56.96570710230794j)
8636,0.48413499271218746,(-255.99629050393884+360.55613195646134j)
8637,0.48419105280861086,(125.62643584154307-36.78825495861433j)
8638,0.4842471129050342,(386.3159133522115-304.14672511604005j)
8639,0.4843031730014576,(38.54309489668642+83.72918883661832j)
8640,0.4843592330978809,(-22.007188203012518-176.87870153891816j)
8641,0.4844152931943043,(113.06286559197443-60.34899095218571j)
8642,0.48447135329072766,(-140.6711182624147-160.97382023747124j)
8643,0.48452741338715105,(-158.1451519305684+356.81678352393874j)
8644,0.4845834734835744,(181.0124138867972-586.9494934225935j)
8645,0.4846395335799978,(30.404470810630663+80.76814627974798j)
8646,0.4846955936764211,(-376.01572173944896+187.50551166956734j)
8647,0.4847516537728445,(25.502254489648355+69.1899216140489j)
8648,0.48480771386926785,(-181.1704897600966+128.8072803660553j)
8649,0.48486377396569125,(391.32388920738856-294.2481094775767j)
8650,0.4849198340621146,(81.37660068086471-56.77888489143894j)
8651,0.484975894158538,(-138.59217961265256-229.21096130297082j)
8652,0.4850319542549613,(531.5140891832039+276.7943565340571j)
8653,0.4850880143513847,(136.3273045645108-30.504710197275962j)
8654,0.48514407444780805,(601.7325622390933+237.68284022239504j)
8655,0.48520013454423144,(-327.7111138189549-139.43676150721038j)
8656,0.4852561946406548,(58.884826276999505+124.87109625039696j)
8657,0.4853122547370782,(59.92994758867047+87.84478900286084j)
8658,0.4853683148335015,(-112.76035427767971-166.96768148243348j)
8659,0.4854243749299249,(90.42946379806921+331.0009988023289j)
8660,0.48548043502634824,(-34.107593291963404-128.17374125839393j)
8661,0.48553649512277164,(-432.11916038832817+82.23612319235625j)
8662,0.485592555219195,(307.88568270467204+132.9358146550202j)
8663,0.48564861531561837,(62.146556912497694-130.07492371350415j)
8664,0.4857046754120417,(173.13591876858214+62.37953967502458j)
8665,0.4857607355084651,(-424.8616825369487+158.95058087783144j)
8666,0.48581679560488844,(132.0431772965831+14.701473184571412j)
8667,0.48587285570131183,(-307.2708615097511+152.70561530667746j)
8668,0.4859289157977352,(242.60048399924435-127.51011585439069j)
8669,0.48598497589415857,(-159.61431264736743-145.48085653040835j)
8670,0.4860410359905819,(-201.4381940196285+24.608722123263973j)
8671,0.4860970960870053,(-63.95335160953762-162.17649457541683j)
8672,0.48615315618342864,(65.35047999923641+28.75902566194499j)
8673,0.48620921627985203,(184.32859348679185+180.90460254526346j)
8674,0.48626527637627537,(57.224297371141695-121.99128767573524j)
8675,0.48632133647269876,(-152.0669709756878-72.11418339509295j)
8676,0.4863773965691221,(-125.57124442910838+186.79061763395916j)
8677,0.4864334566655455,(175.8643546367543-307.4633599603987j)
8678,0.48648951676196883,(-269.6723179867462+63.45368300950376j)
8679,0.4865455768583922,(162.69089614546448+289.6334931431857j)
8680,0.48660163695481556,(-65.44606527241324-132.84818179335198j)
8681,0.48665769705123896,(-353.8459384130165+75.7138791873213j)
8682,0.4867137571476623,(-167.992633817559-197.89245675926537j)
8683,0.4867698172440857,(-35.32640942342727+42.763660521432925j)
8684,0.48682587734050903,(37.42703257334363+295.8047727597725j)
8685,0.4868819374369324,(61.35971672014456-100.55803100461384j)
8686,0.48693799753335576,(98.255999929964+227.23907913928156j)
8687,0.48699405762977915,(613.3782268853887-105.44721231573065j)
8688,0.4870501177262025,(204.68946230574699-162.26197095015058j)
8689,0.4871061778226259,(48.74455252632593+278.82197112989445j)
8690,0.4871622379190492,(-295.13448620343974+236.5737365106397j)
8691,0.4872182980154726,(294.6144623137535+98.4508292120671j)
8692,0.48727435811189596,(-166.33343096387887+299.4879896988155j)
8693,0.48733041820831935,(200.14174596346066-106.71721445461787j)
8694,0.4873864783047427,(-383.5087195310337-131.5832956417857j)
8695,0.4874425384011661,(-239.41265161001826-303.0524532301265j)
8696,0.4874985984975894,(30.731554471118443-127.21428169239262j)
8697,0.4875546585940128,(84.73434825970868+312.427103935099j)
8698,0.48761071869043615,(416.3906475519484-452.6501200793204j)
8699,0.48766677878685954,(545.7035661868745+2.875886734507958j)
8700,0.4877228388832829,(-43.58347138273186+467.36379525140717j)
8701,0.4877788989797063,(-124.1115782526838+134.1758357018689j)
8702,0.4878349590761296,(327.7830762430923-341.09324924151156j)
8703,0.487891019172553,(-17.489106605206416-158.29808318957274j)
8704,0.48794707926897635,(118.61438666728155-37.018808480161596j)
8705,0.4880031393653997,(18.97235630376641+373.3130499149297j)
8706,0.4880591994618231,(-164.16612151066602-15.22581805884112j)
8707,0.4881152595582464,(-271.61689093774265-241.3177288613926j)
8708,0.4881713196546698,(-157.86918235228316+145.90883936957985j)
8709,0.48822737975109315,(-187.86748639494598+255.2297682066536j)
8710,0.48828343984751654,(-345.8299678922423+8.739611471431012j)
8711,0.4883394999439399,(13.22525387734776-7.330585171646737j)
8712,0.4883955600403633,(-99.72218980450856-200.40042202147262j)
8713,0.4884516201367866,(195.4009941443928+92.13893292537001j)
8714,0.48850768023321,(-261.0339574299436-259.7961732539353j)
8715,0.48856374032963334,(62.939755349373435+9.129991907453025j)
8716,0.48861980042605674,(36.11488134561564+236.84719787268656j)
8717,0.4886758605224801,(120.64939189411874+397.7529754580953j)
8718,0.48873192061890347,(-96.41939122252916-201.9088330848001j)
8719,0.4887879807153268,(211.87946790671978-27.608307877046443j)
8720,0.4888440408117502,(189.98341286440393-417.6374127104355j)
8721,0.48890010090817354,(149.81075152235317-491.5849478903879j)
8722,0.48895616100459693,(1.2431255748990395+361.2346392226236j)
8723,0.4890122211010203,(152.53907165041795+177.37111159730233j)
8724,0.48906828119744367,(29.957312423288535+104.0023528757123j)
8725,0.489124341293867,(-241.843994020605-207.10245081021333j)
8726,0.4891804013902904,(24.50696904622334+225.7178933569856j)
8727,0.48923646148671374,(363.4137902315047+208.84173481736389j)
8728,0.48929252158313713,(-61.6214405140441+9.254847753931315j)
8729,0.48934858167956047,(56.59105598529598+92.21107359085673j)
8730,0.48940464177598386,(-192.36913179467467-106.59727145824817j)
8731,0.4894607018724072,(22.386509282130604-72.31721788888284j)
8732,0.4895167619688306,(-268.6841402023642-2.017640878029489j)
8733,0.48957282206525393,(-593.0170371217552+92.26288283741943j)
8734,0.4896288821616773,(-197.83758609526816-594.5775388457688j)
8735,0.48968494225810066,(80.56421376390716-176.7995433043995j)
8736,0.48974100235452406,(578.8416249852041+58.479340116417575j)
8737,0.4897970624509474,(179.68310061619005-65.1524723232655j)
8738,0.4898531225473708,(-258.19717823009046-77.51840621506756j)
8739,0.4899091826437941,(-383.7766370008992+51.617794446806386j)
8740,0.4899652427402175,(698.4419795612392+294.0253807971301j)
8741,0.49002130283664086,(156.00354195237557+426.2852957470466j)
8742,0.49007736293306425,(288.7681784112679-265.2422587869754j)
8743,0.4901334230294876,(-7.110250613710832-177.69800343141313j)
8744,0.490189483125911,(94.35350740220905+52.57827645315727j)
8745,0.4902455432223343,(108.33722982415304+217.15916588322645j)
8746,0.4903016033187577,(24.207083176684947+14.050612561496028j)
8747,0.49035766341518106,(44.0013255643716-368.5137440299219j)
8748,0.49041372351160445,(487.17306203281737-104.4141479444381j)
8749,0.4904697836080278,(-91.57405564915118+515.7582761431283j)
8750,0.4905258437044512,(244.09678552651422-124.57492540640018j)
8751,0.4905819038008745,(-55.5234284452868-133.15508662042464j)
8752,0.4906379638972979,(454.36066559712276-170.6694220233083j)
8753,0.49069402399372125,(106.62510623390838+24.760766408870104j)
8754,0.49075008409014464,(-369.8013419381663+317.85659048011905j)
8755,0.490806144186568,(-170.37418781186247-102.29633375712918j)
8756,0.4908622042829914,(171.64658640588948+450.7756065069546j)
8757,0.4909182643794147,(-247.44801344348846-319.73604655893143j)
8758,0.4909743244758381,(-172.3678830021437-71.92509023782384j)
8759,0.49103038457226145,(-82.9877124690463-168.4840044251789j)
8760,0.49108644466868484,(-235.11193733243266-269.92704413478737j)
8761,0.4911425047651082,(-199.95797055057102-100.13367260718383j)
8762,0.4911985648615316,(93.62413526559405-289.5436575043701j)
8763,0.4912546249579549,(-188.51837836005365+22.41200227292731j)
8764,0.4913106850543783,(229.7841215869837+24.61928918054278j)
8765,0.49136674515080164,(-68.00343871788934+471.724707699753j)
8766,0.49142280524722504,(-180.33648091002402+79.6865171858239j)
8767,0.4914788653436484,(-28.875603284702542-100.81369041570159j)
8768,0.49153492544007177,(110.01232881827703-270.4826274223292j)
8769,0.4915909855364951,(159.65480056432884+147.34182255085796j)
8770,0.4916470456329185,(321.57531746935274+175.5431774928988j)
8771,0.49170310572934184,(112.30413946949126+140.2188958959655j)
8772,0.49175916582576523,(-245.38835908133953-203.73848075903686j)
8773,0.49181522592218857,(25.082578127613118-33.42819997601601j)
8774,0.49187128601861196,(202.73806420954324-213.4984351451288j)
8775,0.4919273461150353,(-62.82735101483009+164.8970686803749j)
8776,0.4919834062114587,(-252.9911959188779+409.2908651096796j)
8777,0.49203946630788203,(178.2713978577894+120.0991175857726j)
8778,0.49209552640430543,(-52.68978140722818+8.20052657286745j)
8779,0.49215158650072877,(57.48997707310461-149.7088722757699j)
8780,0.49220764659715216,(-32.02358168902952+23.903900315831393j)
8781,0.4922637066935755,(-331.4392692189699-13.935152327839049j)
8782,0.4923197667899989,(40.505387626228455+120.48701204611115j)
8783,0.49237582688642223,(240.8974181098108-212.83624750480857j)
8784,0.4924318869828456,(31.213246727694386+88.98683350766275j)
8785,0.49248794707926896,(218.56160570584467-81.61148570770057j)
8786,0.49254400717569236,(-60.529932506596566-76.23327323849043j)
8787,0.4926000672721157,(-404.9196965561921-202.88838929256107j)
8788,0.4926561273685391,(-202.98136630892003-219.09086394035586j)
8789,0.4927121874649624,(282.97917567838135+130.89817737871556j)
8790,0.4927682475613858,(-126.50132932380731+4.660489821369293j)
8791,0.49282430765780916,(-18.996628564113095+260.0913171689717j)
8792,0.49288036775423255,(92.34883248666867-3.166969506628849j)
8793,0.4929364278506559,(-269.6830421053491+69.82586270107858j)
8794,0.4929924879470793,(591.9214578488853-236.41616321997125j)
8795,0.4930485480435026,(105.55414487059107-34.215683541099864j)
8796,0.493104608139926,(12.650932239978614-18.291455597162j)
8797,0.49316066823634935,(10.716707272760488+313.6985055667893j)
8798,0.49321672833277275,(-143.21989442362243+237.25936135441597j)
8799,0.4932727884291961,(156.00721588959703+208.34021474337757j)
8800,0.4933288485256195,(236.64449872268347-144.62868685793543j)
8801,0.4933849086220428,(10.163742630704334-95.44147186963377j)
8802,0.4934409687184662,(100.34493453850519+157.87841804617733j)
8803,0.49349702881488955,(-12.280437590216657-45.65200912136017j)
8804,0.49355308891131294,(-17.088991943380563-548.1811995187298j)
8805,0.4936091490077363,(-453.2090016588794+237.8258424134708j)
8806,0.4936652091041597,(-98.650896289483+36.46051369057583j)
8807,0.493721269200583,(-139.25590375257073+195.5393417746235j)
8808,0.4937773292970064,(-87.60481654343685-378.1503974519226j)
8809,0.49383338939342974,(54.38589618913696+330.83039854518006j)
8810,0.49388944948985314,(150.79558087024247-140.7910422776367j)
8811,0.4939455095862765,(406.87115110214467-17.58853209454503j)
8812,0.49400156968269987,(37.914801060453506+196.09168132271714j)
8813,0.4940576297791232,(-8.256558655532288+82.55673010130121j)
8814,0.4941136898755466,(37.02399715312521+569.2160177167477j)
8815,0.49416974997196994,(-161.0156117731501-109.32281153594158j)
8816,0.49422581006839333,(249.46622925438507+65.58124775237395j)
8817,0.4942818701648167,(270.35117306153336-216.36690786645028j)
8818,0.49433793026124007,(-364.0513702896353+125.25678774693907j)
8819,0.4943939903576634,(-215.46382092490862+153.63562424521905j)
8820,0.4944500504540868,(123.42172460428151+285.04986821042934j)
8821,0.49450611055051014,(200.07189506241775+8.858607070105624j)
8822,0.49456217064693353,(-31.87196256130857-5.552530566561875j)
8823,0.49461823074335687,(-36.276304089055756+6.878620415019432j)
8824,0.49467429083978026,(228.5321082563071+117.36108533318681j)
8825,0.4947303509362036,(11.169240373763163+186.10453242397608j)
8826,0.494786411032627,(198.73166209627956+83.99709818298965j)
8827,0.49484247112905033,(469.2134033846636-212.90489536162133j)
8828,0.4948985312254737,(11.120947726271417+86.41779087188051j)
8829,0.49495459132189706,(-112.11389140116232-106.4182342851762j)
8830,0.49501065141832046,(-299.21163484369725-343.87544095689265j)
8831,0.4950667115147438,(-90.98626454083526+84.5282179552087j)
8832,0.4951227716111672,(435.26121564651777+73.13828419516594j)
8833,0.4951788317075905,(66.1875619738969+315.5479237763394j)
8834,0.4952348918040139,(248.90539025535196+172.52378812271047j)
8835,0.49529095190043726,(34.6343731272115+217.76545083826454j)
8836,0.49534701199686065,(-124.67348804068267-377.5191949438512j)
8837,0.495403072093284,(129.10238623706795-8.964621740107894j)
8838,0.4954591321897074,(-13.836169198261814-58.015618568049604j)
8839,0.4955151922861307,(-63.98147615422849-398.94997282084984j)
8840,0.4955712523825541,(-100.51778068975308-104.60914549369298j)
8841,0.49562731247897746,(-147.7924844388861+235.80850159617984j)
8842,0.49568337257540085,(1.4557213181563924-115.9067045395392j)
8843,0.4957394326718242,(513.9097691407484+269.9522364566941j)
8844,0.4957954927682476,(58.32352800221897-84.01775221029041j)
8845,0.4958515528646709,(-74.34526688957293+109.68173229060235j)
8846,0.4959076129610943,(-177.34395778793248-101.91809122015181j)
8847,0.49596367305751765,(-212.21827204787115-32.18505444791205j)
8848,0.49601973315394104,(-55.19940090076659+17.392050372672504j)
8849,0.4960757932503644,(-68.30551060146122+28.8039088217584j)
8850,0.4961318533467878,(104.76629278940068+127.60485186343331j)
8851,0.4961879134432111,(-228.65516319757575-193.85229690761028j)
8852,0.4962439735396345,(-64.58872054577492+169.36237247420644j)
8853,0.49630003363605785,(-121.84578616799149-226.56137447198205j)
8854,0.49635609373248124,(-63.886582260995226-345.4062226745022j)
8855,0.4964121538289046,(-200.59564812466715+89.2459700545256j)
8856,0.496468213925328,(-181.44946262244449-46.54269501492402j)
8857,0.4965242740217513,(360.19313773955344-187.95044123908895j)
8858,0.4965803341181747,(-42.82156796951079+140.2682482278151j)
8859,0.49663639421459804,(387.0658806902186-98.00111564318468j)
8860,0.49669245431102144,(440.17293094312794-136.67587446617472j)
8861,0.4967485144074448,(176.17836508588795+343.12327030051983j)
8862,0.49680457450386817,(-49.1320127391124+47.78224366166253j)
8863,0.4968606346002915,(-110.88901763474888-3.463204764452364j)
8864,0.4969166946967149,(47.045905548788596-265.4923385115942j)
8865,0.49697275479313824,(-157.4240111593081-314.6718537739578j)
8866,0.49702881488956163,(-41.25224954789354-233.69734933145105j)
8867,0.49708487498598497,(-68.12469664356045-72.18429780095973j)
8868,0.49714093508240836,(-523.0801723232835-654.0791792373429j)
8869,0.4971969951788317,(129.55595065508686-10.778536511078428j)
8870,0.4972530552752551,(-34.41360061890411+319.649370333387j)
8871,0.49730911537167843,(118.10128521518573-177.33199221471088j)
8872,0.49736517546810183,(-200.98277286637494+86.31967974154834j)
8873,0.49742123556452517,(-193.79393887657656+251.4248255354944j)
8874,0.49747729566094856,(-228.84573467461735+294.8252093535049j)
8875,0.4975333557573719,(-257.4833791900241+153.43746204223234j)
8876,0.4975894158537953,(246.80308922937877+138.84478374017047j)
8877,0.49764547595021863,(-65.32185362343405+2.483428913314004j)
8878,0.497701536046642,(239.09694668429128+159.40909548348276j)
8879,0.49775759614306536,(104.14099486560676+19.77862728509755j)
8880,0.49781365623948876,(138.66442044070305+40.562658968906j)
8881,0.4978697163359121,(-45.699931060792906-166.74897468767895j)
8882,0.4979257764323355,(-19.358390868474196-18.057287590180017j)
8883,0.4979818365287588,(-65.82542501873324-358.08370446635774j)
8884,0.4980378966251822,(59.25620736434736+293.83658680599865j)
8885,0.49809395672160556,(-309.25449018622055-79.80049560225814j)
8886,0.49815001681802895,(-207.5957199911604-69.87435850571876j)
8887,0.4982060769144523,(-126.88827009901658-68.97459845634418j)
8888,0.4982621370108757,(-205.62115810522712-111.6476591227769j)
8889,0.498318197107299,(-129.60200552688462-199.92585010143097j)
8890,0.4983742572037224,(-181.9789994238414+184.2475566510985j)
8891,0.49843031730014575,(21.905965786948446+166.4610520461745j)
8892,0.49848637739656915,(-9.924154850109035-65.29888920083098j)
8893,0.4985424374929925,(89.66396649351532+106.80548482142555j)
8894,0.4985984975894159,(83.78631451468837-294.97446623702956j)
8895,0.4986545576858392,(227.5237574430307+197.9762953279371j)
8896,0.4987106177822626,(105.98833732462658-21.24093046126335j)
8897,0.49876667787868595,(187.63307485319984+101.44829368888668j)
8898,0.49882273797510934,(-132.41784565664096+228.8671062249852j)
8899,0.4988787980715327,(-147.0715298103374+266.70117187419254j)
8900,0.4989348581679561,(-147.07786333796176-202.19358967843408j)
8901,0.4989909182643794,(189.62150709045625+183.93261527213272j)
8902,0.4990469783608028,(-193.21365366379018+190.96758390963606j)
8903,0.49910303845722614,(117.98285025886355-6.17351038578144j)
8904,0.49915909855364954,(-107.27560427494964-14.261361584031043j)
8905,0.4992151586500729,(-128.76370734292098+24.49621430330116j)
8906,0.49927121874649627,(260.6965351836342+38.244589297115205j)
8907,0.4993272788429196,(-52.376963199153415+186.72819055600132j)
8908,0.499383338939343,(104.28939332687767+498.5219614042722j)
8909,0.49943939903576634,(-18.05095448753898-264.19638457269275j)
8910,0.49949545913218973,(-158.3798865239728-52.305438990680635j)
8911,0.4995515192286131,(83.61998898545623-326.76823070755614j)
8912,0.49960757932503647,(9.665211083748954-109.63634529417826j)
8913,0.4996636394214598,(170.28601768619703-42.61471871848318j)
8914,0.4997196995178832,(127.01875092703487+87.32537014908326j)
8915,0.49977575961430654,(-332.48580664836425-142.87735750330998j)
8916,0.49983181971072993,(-27.939328049682725+150.03745574238945j)
8917,0.49988787980715327,(289.8637746075356-606.2283341313126j)
8918,0.49994393990357666,(173.52025418786465-9.95893993851956j)
8919,-0.5,(-225.89999999999858+9.094947017729282e-13j)
8920,-0.49994393990357666,(173.5202541878637+9.95893993852219j)
8921,-0.49988787980715327,(289.8637746075344+606.2283341313118j)
8922,-0.49983181971072993,(-27.939328049683482-150.03745574238633j)
8923,-0.49977575961430654,(-332.4858066483643+142.8773575033076j)
8924,-0.4997196995178832,(127.01875092703489-87.32537014908331j)
8925,-0.4996636394214598,(170.28601768619848+42.61471871848015j)
8926,-0.49960757932503647,(9.665211083748613+109.63634529418178j)
8927,-0.4995515192286131,(83.61998898545569+326.7682307075579j)
8928,-0.49949545913218973,(-158.37988652397158+52.30543899067876j)
8929,-0.49943939903576634,(-18.0509544875382+264.1963845726934j)
8930,-0.499383338939343,(104.28939332687735-498.52196140427077j)
8931,-0.4993272788429196,(-52.37696319915135-186.72819055600334j)
8932,-0.49927121874649627,(260.69653518363504-38.244589297120314j)
8933,-0.4992151586500729,(-128.763707342921-24.4962143033017j)
8934,-0.49915909855364954,(-107.27560427494748+14.261361584036113j)
8935,-0.49910303845722614,(117.98285025886385+6.1735103857775675j)
8936,-0.4990469783608028,(-193.21365366379035-190.96758390963353j)
8937,-0.4989909182643794,(189.6215070904572-183.9326152721324j)
8938,-0.4989348581679561,(-147.07786333796204+202.19358967843334j)
8939,-0.4988787980715327,(-147.07152981033602-266.7011718741933j)
8940,-0.49882273797510934,(-132.41784565664244-228.8671062249864j)
8941,-0.49876667787868595,(187.63307485319882-101.44829368888628j)
8942,-0.4987106177822626,(105.98833732462477+21.24093046126091j)
8943,-0.4986545576858392,(227.52375744302938-197.9762953279402j)
8944,-0.4985984975894159,(83.78631451468887+294.9744662370321j)
8945,-0.4985424374929925,(89.66396649351506-106.80548482142638j)
8946,-0.49848637739656915,(-9.924154850107172+65.29888920082622j)
8947,-0.49843031730014575,(21.90596578694911-166.46105204617652j)
8948,-0.4983742572037224,(-181.9789994238417-184.2475566511027j)
8949,-0.498318197107299,(-129.6020055268854+199.9258501014299j)
8950,-0.4982621370108757,(-205.62115810522522+111.64765912277653j)
8951,-0.4982060769144523,(-126.88827009901492+68.97459845634444j)
8952,-0.49815001681802895,(-207.59571999116073+69.87435850572189j)
8953,-0.49809395672160556,(-309.2544901862215+79.80049560225379j)
8954,-0.4980378966251822,(59.25620736434746-293.8365868060023j)
8955,-0.4979818365287588,(-65.82542501873125+358.0837044663603j)
8956,-0.4979257764323355,(-19.35839086847252+18.057287590181172j)
8957,-0.4978697163359121,(-45.699931060792245+166.74897468767722j)
8958,-0.49781365623948876,(138.66442044070487-40.562658968909666j)
8959,-0.49775759614306536,(104.14099486560434-19.778627285096917j)
8960,-0.497701536046642,(239.09694668429083-159.40909548348316j)
8961,-0.49764547595021863,(-65.32185362343334-2.4834289133134604j)
8962,-0.4975894158537953,(246.8030892293773-138.844783740173j)
8963,-0.4975333557573719,(-257.48337919002387-153.43746204223288j)
8964,-0.49747729566094856,(-228.84573467461814-294.8252093535026j)
8965,-0.49742123556452517,(-193.79393887657537-251.42482553549422j)
8966,-0.49736517546810183,(-200.98277286637352-86.31967974154887j)
8967,-0.49730911537167843,(118.10128521518587+177.33199221471645j)
8968,-0.4972530552752551,(-34.41360061890565-319.64937033338623j)
8969,-0.4971969951788317,(129.5559506550852+10.778536511078727j)
8970,-0.49714093508240836,(-523.0801723232828+654.0791792373434j)
8971,-0.49708487498598497,(-68.12469664356162+72.18429780095946j)
8972,-0.49702881488956163,(-41.25224954789135+233.69734933145617j)
8973,-0.49697275479313824,(-157.42401115930613+314.6718537739563j)
8974,-0.4969166946967149,(47.045905548789435+265.4923385115924j)
8975,-0.4968606346002915,(-110.88901763474925+3.4632047644503885j)
8976,-0.49680457450386817,(-49.132012739112554-47.78224366166254j)
8977,-0.4967485144074448,(176.17836508588647-343.12327030051614j)
8978,-0.49669245431102144,(440.1729309431257+136.67587446617358j)
8979,-0.49663639421459804,(387.06588069021706+98.00111564318817j)
8980,-0.4965803341181747,(-42.82156796950869-140.26824822781325j)
8981,-0.4965242740217513,(360.19313773955446+187.95044123908943j)
8982,-0.496468213925328,(-181.44946262244522+46.54269501492158j)
8983,-0.4964121538289046,(-200.5956481246695-89.24597005452964j)
8984,-0.49635609373248124,(-63.88658226099352+345.4062226745021j)
8985,-0.49630003363605785,(-121.84578616799001+226.56137447198162j)
8986,-0.4962439735396345,(-64.58872054577557-169.36237247420587j)
8987,-0.4961879134432111,(-228.65516319757444+193.8522969076094j)
8988,-0.4961318533467878,(104.76629278939944-127.60485186343409j)
8989,-0.4960757932503644,(-68.30551060146215-28.80390882175781j)
8990,-0.49601973315394104,(-55.19940090076681-17.392050372672774j)
8991,-0.49596367305751765,(-212.21827204786777+32.185054447914794j)
8992,-0.4959076129610943,(-177.3439577879314+101.91809122015117j)
8993,-0.4958515528646709,(-74.34526688957325-109.68173229060218j)
8994,-0.4957954927682476,(58.32352800221975+84.01775221029263j)
8995,-0.4957394326718242,(513.9097691407483-269.95223645669444j)
8996,-0.49568337257540085,(1.4557213181572308+115.90670453954236j)
8997,-0.49562731247897746,(-147.79248443888574-235.80850159617916j)
8998,-0.4955712523825541,(-100.51778068975518+104.60914549369295j)
8999,-0.4955151922861307,(-63.981476154230336+398.94997282085103j)
9000,-0.4954591321897074,(-13.836169198261318+58.015618568047785j)
9001,-0.495403072093284,(129.1023862370695+8.964621740108015j)
9002,-0.49534701199686065,(-124.67348804068298+377.5191949438512j)
9003,-0.49529095190043726,(34.63437312720912-217.76545083826238j)
9004,-0.4952348918040139,(248.90539025535145-172.52378812271283j)
9005,-0.4951788317075905,(66.18756197389723-315.54792377633777j)
9006,-0.4951227716111672,(435.261215646518-73.13828419516317j)
9007,-0.4950667115147438,(-90.98626454083724-84.52821795520735j)
9008,-0.49501065141832046,(-299.21163484369737+343.87544095689134j)
9009,-0.49495459132189706,(-112.1138914011654+106.41823428517446j)
9010,-0.4948985312254737,(11.120947726271547-86.41779087188107j)
9011,-0.49484247112905033,(469.21340338466524+212.9048953616216j)
9012,-0.494786411032627,(198.7316620962782-83.99709818298726j)
9013,-0.4947303509362036,(11.169240373764158-186.10453242397662j)
9014,-0.49467429083978026,(228.5321082563072-117.36108533318806j)
9015,-0.49461823074335687,(-36.27630408905597-6.878620415020774j)
9016,-0.49456217064693353,(-31.87196256130962+5.552530566561503j)
9017,-0.49450611055051014,(200.07189506241863-8.858607070103396j)
9018,-0.4944500504540868,(123.42172460427868-285.0498682104278j)
9019,-0.4943939903576634,(-215.46382092490813-153.6356242452181j)
9020,-0.49433793026124007,(-364.0513702896364-125.25678774693677j)
9021,-0.4942818701648167,(270.35117306153205+216.36690786645116j)
9022,-0.49422581006839333,(249.4662292543854-65.58124775237442j)
9023,-0.49416974997196994,(-161.01561177314892+109.3228115359403j)
9024,-0.4941136898755466,(37.02399715312373-569.2160177167473j)
9025,-0.4940576297791232,(-8.256558655529894-82.5567301013014j)
9026,-0.49400156968269987,(37.914801060453556-196.09168132271427j)
9027,-0.4939455095862765,(406.8711511021435+17.58853209454506j)
9028,-0.49388944948985314,(150.79558087024247+140.79104227763554j)
9029,-0.49383338939342974,(54.385896189137696-330.8303985451824j)
9030,-0.4937773292970064,(-87.60481654343869+378.1503974519269j)
9031,-0.493721269200583,(-139.25590375256954-195.53934177462065j)
9032,-0.4936652091041597,(-98.65089628948272-36.46051369057682j)
9033,-0.4936091490077363,(-453.2090016588792-237.8258424134693j)
9034,-0.49355308891131294,(-17.08899194338204+548.1811995187297j)
9035,-0.49349702881488955,(-12.280437590216511+45.65200912136079j)
9036,-0.4934409687184662,(100.34493453850256-157.878418046173j)
9037,-0.4933849086220428,(10.163742630703979+95.44147186963494j)
9038,-0.4933288485256195,(236.64449872268364+144.62868685793518j)
9039,-0.4932727884291961,(156.00721588959468-208.3402147433771j)
9040,-0.49321672833277275,(-143.21989442362138-237.25936135441594j)
9041,-0.49316066823634935,(10.716707272759649-313.69850556679376j)
9042,-0.493104608139926,(12.650932239979088+18.291455597157054j)
9043,-0.4930485480435026,(105.55414487059187+34.21568354110339j)
9044,-0.4929924879470793,(591.921457848886+236.41616321996958j)
9045,-0.4929364278506559,(-269.6830421053515-69.82586270108156j)
9046,-0.49288036775423255,(92.3488324866696+3.1669695066306147j)
9047,-0.49282430765780916,(-18.996628564114367-260.09131716896957j)
9048,-0.4927682475613858,(-126.50132932380725-4.660489821366546j)
9049,-0.4927121874649624,(282.97917567838135-130.89817737871454j)
9050,-0.4926561273685391,(-202.9813663089193+219.0908639403591j)
9051,-0.4926000672721157,(-404.91969655619454+202.88838929256275j)
9052,-0.49254400717569236,(-60.52993250659551+76.23327323849124j)
9053,-0.49248794707926896,(218.5616057058444+81.6114857077026j)
9054,-0.4924318869828456,(31.21324672769629-88.98683350766437j)
9055,-0.49237582688642223,(240.89741810980988+212.8362475048092j)
9056,-0.4923197667899989,(40.50538762622875-120.48701204611271j)
9057,-0.4922637066935755,(-331.43926921896946+13.935152327836157j)
9058,-0.49220764659715216,(-32.023581689030834-23.90390031583634j)
9059,-0.49215158650072877,(57.48997707310521+149.70887227576966j)
9060,-0.49209552640430543,(-52.68978140722961-8.200526572867343j)
9061,-0.49203946630788203,(178.2713978577892-120.0991175857734j)
9062,-0.4919834062114587,(-252.9911959188774-409.29086510967863j)
9063,-0.4919273461150353,(-62.82735101483039-164.89706868037243j)
9064,-0.49187128601861196,(202.73806420954097+213.49843514512864j)
9065,-0.49181522592218857,(25.08257812761362+33.428199976016174j)
9066,-0.49175916582576523,(-245.3883590813401+203.73848075903896j)
9067,-0.49170310572934184,(112.30413946949002-140.21889589596358j)
9068,-0.4916470456329185,(321.5753174693506-175.54317749289794j)
9069,-0.4915909855364951,(159.6548005643307-147.3418225508567j)
9070,-0.49153492544007177,(110.0123288182776+270.48262742232953j)
9071,-0.4914788653436484,(-28.875603284703967+100.81369041570417j)
9072,-0.49142280524722504,(-180.33648091001987-79.6865171858204j)
9073,-0.49136674515080164,(-68.00343871788712-471.72470769975564j)
9074,-0.4913106850543783,(229.78412158698418-24.619289180545536j)
9075,-0.4912546249579549,(-188.51837836005276-22.412002272928852j)
9076,-0.4911985648615316,(93.62413526559308+289.5436575043706j)
9077,-0.4911425047651082,(-199.95797055056974+100.13367260718263j)
9078,-0.49108644466868484,(-235.11193733243286+269.9270441347874j)
9079,-0.49103038457226145,(-82.98771246904772+168.48400442518138j)
9080,-0.4909743244758381,(-172.36788300214351+71.92509023782601j)
9081,-0.4909182643794147,(-247.44801344348886+319.73604655893223j)
9082,-0.4908622042829914,(171.64658640589022-450.7756065069529j)
9083,-0.490806144186568,(-170.37418781186207+102.29633375713067j)
9084,-0.49075008409014464,(-369.8013419381669-317.85659048012104j)
9085,-0.49069402399372125,(106.62510623390843-24.760766408869348j)
9086,-0.4906379638972979,(454.3606655971237+170.66942202330569j)
9087,-0.4905819038008745,(-55.523428445286775+133.15508662042706j)
9088,-0.4905258437044512,(244.09678552651104+124.57492540640061j)
9089,-0.4904697836080278,(-91.5740556491496-515.7582761431299j)
9090,-0.49041372351160445,(487.1730620327967+104.4141479444381j)
9091,-0.49035766341518106,(44.00132556437224+368.5137440299227j)
9092,-0.4903016033187577,(24.207083176685995-14.050612561494098j)
9093,-0.4902455432223343,(108.33722982415438-217.1591658832284j)
9094,-0.490189483125911,(94.35350740220976-52.57827645315749j)
9095,-0.4901334230294876,(-7.110250613710974+177.69800343141625j)
9096,-0.49007736293306425,(288.7681784112675+265.2422587869744j)
9097,-0.49002130283664086,(156.00354195237603-426.2852957470443j)
9098,-0.4899652427402175,(698.4419795612387-294.0253807971278j)
9099,-0.4899091826437941,(-383.7766370008992-51.617794446799195j)
9100,-0.4898531225473708,(-258.19717823008716+77.5184062150669j)
9101,-0.4897970624509474,(179.6831006161939+65.15247232326234j)
9102,-0.48974100235452406,(578.8416249852054-58.47934011641843j)
9103,-0.48968494225810066,(80.56421376390675+176.79954330439517j)
9104,-0.4896288821616773,(-197.837586095267+594.577538845768j)
9105,-0.48957282206525393,(-593.0170371217532-92.26288283741923j)
9106,-0.4895167619688306,(-268.6841402023634+2.0176408780268815j)
9107,-0.4894607018724072,(22.386509282130707+72.31721788888613j)
9108,-0.48940464177598386,(-192.36913179467768+106.59727145824803j)
9109,-0.48934858167956047,(56.59105598529563-92.21107359085825j)
9110,-0.48929252158313713,(-61.62144051404463-9.254847753933158j)
9111,-0.48923646148671374,(363.413790231505-208.8417348173657j)
9112,-0.4891804013902904,(24.506969046223972-225.7178933569863j)
9113,-0.489124341293867,(-241.84399402060606+207.10245081021293j)
9114,-0.48906828119744367,(29.95731242328913-104.00235287571648j)
9115,-0.4890122211010203,(152.5390716504178-177.37111159730034j)
9116,-0.48895616100459693,(1.2431255748957994-361.234639222621j)
9117,-0.48890010090817354,(149.81075152235354+491.5849478903847j)
9118,-0.4888440408117502,(189.9834128644033+417.6374127104353j)
9119,-0.4887879807153268,(211.87946790672106+27.60830787704498j)
9120,-0.48873192061890347,(-96.41939122252725+201.90883308480198j)
9121,-0.4886758605224801,(120.6493918941182-397.75297545809457j)
9122,-0.48861980042605674,(36.11488134561871-236.84719787268904j)
9123,-0.48856374032963334,(62.93975534937405-9.12999190745387j)
9124,-0.48850768023321,(-261.0339574299437+259.7961732539359j)
9125,-0.4884516201367866,(195.40099414439356-92.13893292537094j)
9126,-0.4883955600403633,(-99.722189804512+200.40042202147333j)
9127,-0.4883394999439399,(13.225253877349207+7.330585171645797j)
9128,-0.48828343984751654,(-345.8299678922422-8.73961147142959j)
9129,-0.48822737975109315,(-187.86748639494374-255.22976820665292j)
9130,-0.4881713196546698,(-157.86918235228447-145.90883936958346j)
9131,-0.4881152595582464,(-271.61689093774226+241.31772886139214j)
9132,-0.4880591994618231,(-164.1661215106662+15.22581805884072j)
9133,-0.4880031393653997,(18.972356303764215-373.31304991493033j)
9134,-0.48794707926897635,(118.61438666727975+37.018808480158214j)
9135,-0.487891019172553,(-17.489106605205052+158.29808318957132j)
9136,-0.4878349590761296,(327.7830762430919+341.09324924150974j)
9137,-0.4877788989797063,(-124.11157825268478-134.17583570186474j)
9138,-0.4877228388832829,(-43.58347138273129-467.3637952514041j)
9139,-0.48766677878685954,(545.7035661868716-2.8758867345091517j)
9140,-0.48761071869043615,(416.39064755194795+452.6501200793193j)
9141,-0.4875546585940128,(84.7343482597092-312.42710393509964j)
9142,-0.4874985984975894,(30.731554471116425+127.21428169239319j)
9143,-0.4874425384011661,(-239.412651610019+303.0524532301264j)
9144,-0.4873864783047427,(-383.5087195310329+131.58329564178646j)
9145,-0.48733041820831935,(200.1417459634603+106.71721445461682j)
9146,-0.48727435811189596,(-166.3334309638778-299.48798969881466j)
9147,-0.4872182980154726,(294.6144623137525-98.45082921206843j)
9148,-0.4871622379190492,(-295.13448620343985-236.57373651063665j)
9149,-0.4871061778226259,(48.74455252632515-278.82197112989684j)
9150,-0.4870501177262025,(204.68946230574878+162.26197095014976j)
9151,-0.48699405762977915,(613.3782268853873+105.44721231573158j)
9152,-0.48693799753335576,(98.25599992996601-227.23907913927715j)
9153,-0.4868819374369324,(61.359716720148356+100.55803100461344j)
9154,-0.48682587734050903,(37.42703257334432-295.80477275977086j)
9155,-0.4867698172440857,(-35.326409423425225-42.7636605214288j)
9156,-0.4867137571476623,(-167.99263381755884+197.89245675926253j)
9157,-0.48665769705123896,(-353.84593841301773-75.71387918732083j)
9158,-0.48660163695481556,(-65.44606527241345+132.84818179334883j)
9159,-0.4865455768583922,(162.69089614546488-289.63349314318845j)
9160,-0.48648951676196883,(-269.6723179867444-63.453683009502384j)
9161,-0.4864334566655455,(175.86435463675582+307.4633599604002j)
9162,-0.4863773965691221,(-125.57124442910688-186.79061763395947j)
9163,-0.48632133647269876,(-152.06697097568684+72.11418339509291j)
9164,-0.48626527637627537,(57.224297371145255+121.99128767573589j)
9165,-0.48620921627985203,(184.32859348679096-180.90460254526488j)
9166,-0.48615315618342864,(65.3504799992347-28.759025661947028j)
9167,-0.4860970960870053,(-63.95335160953714+162.17649457541592j)
9168,-0.4860410359905819,(-201.43819401962816-24.608722123264908j)
9169,-0.48598497589415857,(-159.6143126473673+145.4808565304115j)
9170,-0.4859289157977352,(242.60048399924372+127.51011585439282j)
9171,-0.48587285570131183,(-307.2708615097522-152.7056153066755j)
9172,-0.48581679560488844,(132.04317729658266-14.70147318456636j)
9173,-0.4857607355084651,(-424.86168253694933-158.9505808778337j)
9174,-0.4857046754120417,(173.1359187685813-62.37953967502456j)
9175,-0.48564861531561837,(62.146556912497104+130.07492371350688j)
9176,-0.485592555219195,(307.8856827046711-132.9358146550216j)
9177,-0.48553649512277164,(-432.11916038832743-82.23612319235667j)
9178,-0.48548043502634824,(-34.107593291962964+128.17374125839015j)
9179,-0.4854243749299249,(90.42946379807094-331.0009988023321j)
9180,-0.4853683148335015,(-112.76035427768171+166.96768148243484j)
9181,-0.4853122547370782,(59.92994758867076-87.8447890028583j)
9182,-0.4852561946406548,(58.88482627699909-124.87109625039741j)
9183,-0.48520013454423144,(-327.71111381895395+139.43676150721095j)
9184,-0.48514407444780805,(601.7325622390916-237.68284022239422j)
9185,-0.4850880143513847,(136.32730456451185+30.504710197272118j)
9186,-0.4850319542549613,(531.5140891832035-276.7943565340559j)
9187,-0.484975894158538,(-138.59217961265168+229.21096130296976j)
9188,-0.4849198340621146,(81.37660068086657+56.77888489143995j)
9189,-0.48486377396569125,(391.323889207386+294.2481094775773j)
9190,-0.48480771386926785,(-181.17048976009454-128.8072803660574j)
9191,-0.4847516537728445,(25.50225448964839-69.18992161405137j)
9192,-0.4846955936764211,(-376.01572173945056-187.50551166956618j)
9193,-0.4846395335799978,(30.40447081063087-80.76814627974866j)
9194,-0.4845834734835744,(181.0124138867964+586.9494934225932j)
9195,-0.48452741338715105,(-158.1451519305678-356.81678352393845j)
9196,-0.48447135329072766,(-140.67111826241464+160.97382023747446j)
9197,-0.4844152931943043,(113.06286559197473+60.34899095218857j)
9198,-0.4843592330978809,(-22.00718820301276+176.87870153892024j)
9199,-0.4843031730014576,(38.54309489668442-83.72918883661829j)
9200,-0.4842471129050342,(386.31591335220844+304.14672511604203j)
9201,-0.48419105280861086,(125.6264358415424+36.78825495861439j)
9202,-0.48413499271218746,(-255.99629050393852-360.5561319564643j)
9203,-0.4840789326157641,(105.06080067717396-56.96570710230675j)
9204,-0.48402287251934073,(-12.017963750511587+187.00814529909164j)
9205,-0.4839668124229174,(-197.9549203594198-67.18919068577223j)
9206,-0.483910752326494,(312.6755995128944-334.18836454967703j)
9207,-0.48385469223007066,(291.0347622205519+67.599585877475j)
9208,-0.48379863213364727,(-102.1274468057058-99.89573628747308j)
9209,-0.48374257203722393,(118.9257810674157+204.3045388321744j)
9210,-0.48368651194080053,(-440.0828420481891+160.3841397107604j)
9211,-0.4836304518443772,(236.26147169258238-221.27814076292356j)
9212,-0.4835743917479538,(-120.53817860703083+70.70760170187194j)
9213,-0.48351833165153046,(-4.089153558799666-403.74661198709805j)
9214,-0.48346227155510707,(83.48844938238672-109.63192704228905j)
9215,-0.48340621145868373,(318.9262820951125+272.74699208283107j)
9216,-0.48335015136226034,(319.83628524632735-63.96021473822646j)
9217,-0.483294091265837,(133.21965792262102-233.4437558485521j)
9218,-0.4832380311694136,(-142.42976785420748+115.7172829340813j)
9219,-0.48318197107299027,(-196.94033101553282-70.30029262210624j)
9220,-0.4831259109765669,(15.047856858947966-369.96938825103905j)
9221,-0.48306985088014354,(207.52980471932432-356.5131834163211j)
9222,-0.48301379078372014,(-218.39597292094544+17.58586748242213j)
9223,-0.4829577306872968,(-32.97710588940564+29.014067970444266j)
9224,-0.4829016705908734,(-35.77445326615464+147.53451734391084j)
9225,-0.4828456104944501,(380.44640341131594-102.48692172472624j)
9226,-0.4827895503980267,(-190.22419308620874-867.0100341862909j)
9227,-0.48273349030160334,(-217.4461897666518-118.8491892863489j)
9228,-0.48267743020517995,(-143.06694793002507-140.63433398234466j)
9229,-0.4826213701087566,(-27.125758277027032-250.70013742887838j)
9230,-0.4825653100123332,(-124.76408988999165+15.11132909342555j)
9231,-0.4825092499159099,(-127.26181764905914-83.3358920262467j)
9232,-0.4824531898194865,(114.28763858253522+95.87533519488294j)
9233,-0.48239712972306314,(333.72118224003356+135.95835755465725j)
9234,-0.48234106962663975,(151.0336794475498-63.59549686623435j)
9235,-0.4822850095302164,(578.0577203311198+212.45869602027292j)
9236,-0.482228949433793,(369.3444152881131-147.1761124617303j)
9237,-0.4821728893373697,(152.83241164311437-147.11137866757045j)
9238,-0.4821168292409463,(-161.34715075324667+269.82269291344414j)
9239,-0.48206076914452295,(-225.68492305451994-32.794994813373776j)
9240,-0.48200470904809956,(-198.87521414994583-81.98201787546162j)
9241,-0.4819486489516762,(78.4104463247807+39.45977031990466j)
9242,-0.4818925888552528,(-205.96761984614812+28.820621199840218j)
9243,-0.4818365287588295,(-111.38430265998517-84.56257305586706j)
9244,-0.4817804686624061,(106.19352219645303-76.57514036134407j)
9245,-0.48172440856598275,(-259.9327878454857+100.24842617421821j)
9246,-0.48166834846955936,(388.3675067778203+46.27023803215095j)
9247,-0.481612288373136,(-26.40049392322566+31.785352708150818j)
9248,-0.48155622827671263,(175.40855127703236-104.30942302446348j)
9249,-0.4815001681802893,(14.672986618450551+409.9221952693796j)
9250,-0.4814441080838659,(173.53375376651917+373.5749934478521j)
9251,-0.48138804798744256,(135.22965153065306+14.200596488183855j)
9252,-0.48133198789101916,(-47.92761718451315-278.55372804491833j)
9253,-0.4812759277945958,(112.62114227456922+369.9578648289988j)
9254,-0.48121986769817243,(-432.61050028615495+404.0638063126248j)
9255,-0.4811638076017491,(263.8021076314676-179.7300957632986j)
9256,-0.4811077475053257,(152.81434698523233-184.8566165499067j)
9257,-0.48105168740890236,(46.77620074952529+8.297759726379972j)
9258,-0.48099562731247897,(-68.02099845139459+366.121344782739j)
9259,-0.48093956721605563,(200.00349149793485+60.4689946357392j)
9260,-0.48088350711963224,(129.77944394061075+273.7912465804881j)
9261,-0.4808274470232089,(-238.33722947374758+303.7891699138875j)
9262,-0.4807713869267855,(78.87428662320319+180.59871744842042j)
9263,-0.48071532683036217,(-180.19837569548196-213.58009472941035j)
9264,-0.4806592667339388,(-159.5020267471055+246.9716833105811j)
9265,-0.48060320663751543,(192.8628807040203-231.24957724582904j)
9266,-0.48054714654109204,(213.36716287800343-51.02760448614397j)
9267,-0.4804910864446687,(45.63842555022484+113.8817635996146j)
9268,-0.4804350263482453,(163.3425586193077+188.26882031808822j)
9269,-0.48037896625182197,(-189.20191558925677+12.149839556265434j)
9270,-0.4803229061553986,(123.4876838522622+222.47672065017642j)
9271,-0.48026684605897524,(-274.07668090707887-297.74201841064837j)
9272,-0.48021078596255184,(198.76338702385846+33.2236079181164j)
9273,-0.4801547258661285,(140.45309448724794+205.0469192861729j)
9274,-0.4800986657697051,(-30.702715677904195+156.9597338157504j)
9275,-0.4800426056732818,(179.09921001424362+274.76062350429766j)
9276,-0.4799865455768584,(-48.61608927641355-14.971036998640674j)
9277,-0.47993048548043504,(62.86584022472043-120.53333787290597j)
9278,-0.47987442538401165,(-87.33895713699312-184.5554524418252j)
9279,-0.4798183652875883,(-390.5083229628503-457.33925262797794j)
9280,-0.4797623051911649,(-267.4919524564716-99.00698890712553j)
9281,-0.4797062450947416,(-63.673917766254874+218.95521088625532j)
9282,-0.4796501849983182,(197.04083353015113+76.19205200699643j)
9283,-0.47959412490189485,(-227.24209219905856+106.22941443764668j)
9284,-0.47953806480547145,(4.359345017219365-171.7094472294477j)
9285,-0.4794820047090481,(284.3471751194182+394.8745290221067j)
9286,-0.4794259446126247,(312.49405056667246-147.06324195622855j)
9287,-0.4793698845162014,(66.9901180835586-214.5248321497843j)
9288,-0.479313824419778,(73.67631946740588+222.4471396106518j)
9289,-0.47925776432335465,(118.53269505465093-427.02541137726234j)
9290,-0.47920170422693126,(-8.839642357682536-22.602206083203853j)
9291,-0.4791456441305079,(-300.5380587270937-3.522871967714707j)
9292,-0.4790895840340845,(163.74548504849915-196.65992102329523j)
9293,-0.4790335239376612,(9.832171354911367+349.90470466916446j)
9294,-0.4789774638412378,(-51.022497535284714+186.99210135750988j)
9295,-0.47892140374481446,(163.9257438643868-184.67344092006837j)
9296,-0.47886534364839106,(228.86103887175332-52.22988558699049j)
9297,-0.4788092835519677,(-155.48738776880575-220.78608927024754j)
9298,-0.47875322345554433,(-285.54532957898925+358.59178247358415j)
9299,-0.478697163359121,(-177.615558449904-172.3773053435634j)
9300,-0.4786411032626976,(-452.3937332816945-4.569115612280257j)
9301,-0.47858504316627426,(41.204265760917586-101.32490720837835j)
9302,-0.47852898306985087,(96.82835325369058+26.388111582355855j)
9303,-0.47847292297342753,(-356.33036836741036+323.94822980398646j)
9304,-0.47841686287700413,(-226.39363220287814+466.6579077354973j)
9305,-0.4783608027805808,(196.70205492761988-554.3904108528526j)
9306,-0.4783047426841574,(-142.91724169651548-492.46092989575436j)
9307,-0.47824868258773406,(75.93443013907984+7.919221719450389j)
9308,-0.47819262249131067,(493.82698330482566-138.13311770082674j)
9309,-0.47813656239488733,(151.18164465356637+196.63087530928703j)
9310,-0.47808050229846394,(-85.56816844138513-124.21864982701229j)
9311,-0.4780244422020406,(-114.62663356836102+91.65431624704563j)
9312,-0.4779683821056172,(1.6615621930102407-102.17597935742015j)
9313,-0.47791232200919387,(246.62366164739697-128.6904326345286j)
9314,-0.4778562619127705,(251.08281839991434+1.2793843441377675j)
9315,-0.47780020181634714,(370.94277895508765-174.794545230445j)
9316,-0.47774414171992374,(43.719753333399574+145.66028640593947j)
9317,-0.4776880816235004,(55.142935622786595+25.340839642553956j)
9318,-0.477632021527077,(72.00530747612747+14.707966510979963j)
9319,-0.4775759614306537,(-129.54917452265246-137.45614738578598j)
9320,-0.4775199013342303,(-207.64476479411695+146.39950493210256j)
9321,-0.47746384123780694,(329.9403259983287+167.99556645652908j)
9322,-0.47740778114138355,(125.79120079724063+152.39318840408515j)
9323,-0.4773517210449602,(-149.76490004611657-45.28291503362366j)
9324,-0.4772956609485368,(-482.30384693272583+204.45653985592256j)
9325,-0.4772396008521135,(-410.04403045439614+100.61575830916604j)
9326,-0.4771835407556901,(-10.830898654591053-116.76929095354694j)
9327,-0.47712748065926675,(-168.81729057699988-287.1119491037609j)
9328,-0.47707142056284335,(129.56362592134465-393.25807440459704j)
9329,-0.47701536046642,(172.36321791470493-296.2420004120169j)
9330,-0.4769593003699966,(-387.52685713613647+76.56188874571714j)
9331,-0.4769032402735733,(29.89430596770528+123.7723845264981j)
9332,-0.4768471801771499,(-1.095445781307177+167.38081137176874j)
9333,-0.47679112008072655,(-260.994692989634+289.5860211743596j)
9334,-0.47673505998430316,(303.8747684514291+110.37845754907023j)
9335,-0.4766789998878798,(82.24007083141888-221.72791827094773j)
9336,-0.4766229397914564,(127.6523987941419-164.28935555117724j)
9337,-0.4765668796950331,(-134.5871152972109-184.06003042020748j)
9338,-0.4765108195986097,(266.1664290087033-38.06899831391651j)
9339,-0.47645475950218635,(63.613361609214024-123.38723502670885j)
9340,-0.47639869940576296,(-399.30245220232666-294.71912811431224j)
9341,-0.4763426393093396,(-279.9413871969348-131.84497143665521j)
9342,-0.47628657921291623,(-177.42151448161476+34.615194493116306j)
9343,-0.4762305191164929,(529.7920986625193-154.66232409430992j)
9344,-0.4761744590200695,(189.45838399915556+35.67845670131679j)
9345,-0.47611839892364616,(-21.888717995408044+36.536540953940104j)
9346,-0.47606233882722276,(379.4547413224401-31.389150653445768j)
9347,-0.4760062787307994,(-367.74737420966+377.82108567994607j)
9348,-0.47595021863437603,(109.19569050578875-148.86409743282852j)
9349,-0.4758941585379527,(193.6081965062886+81.86728935028587j)
9350,-0.4758380984415293,(-82.3848717961448-63.17433427459882j)
9351,-0.47578203834510596,(409.60396391796064-149.35639876650123j)
9352,-0.47572597824868257,(-122.08586572520112+98.71777964124523j)
9353,-0.47566991815225923,(-756.853879403053+235.6369799993156j)
9354,-0.47561385805583584,(187.88352946247318-12.431605903775747j)
9355,-0.4755577979594125,(288.27099112584995-308.821325024624j)
9356,-0.4755017378629891,(235.76728479907578-173.32408432636822j)
9357,-0.47544567776656577,(-293.5086853771352+147.89261063900034j)
9358,-0.4753896176701424,(19.883164096711667+225.61739106945095j)
9359,-0.47533355757371903,(10.253852469911998-35.15978938385782j)
9360,-0.47527749747729564,(35.2493187262556-56.34100398476286j)
9361,-0.4752214373808723,(-381.6216359457314+95.39862330349004j)
9362,-0.4751653772844489,(-48.094834773305934-152.08896579153387j)
9363,-0.47510931718802557,(175.50395345474362-302.52770326639467j)
9364,-0.4750532570916022,(0.9439381432466334+44.558776702785345j)
9365,-0.47499719699517884,(176.1875359565715-372.65003136186976j)
9366,-0.47494113689875544,(-198.70306484471257-138.15694310166688j)
9367,-0.4748850768023321,(135.5570472154344-94.44963139929402j)
9368,-0.4748290167059087,(144.97162525286643-214.9171518057742j)
9369,-0.4747729566094854,(-64.41533308329767+60.03330220677811j)
9370,-0.474716896513062,(124.63167065996568-93.13054202191564j)
9371,-0.47466083641663864,(-181.17415270533462-56.51062821680409j)
9372,-0.47460477632021525,(-52.367133505913216-186.48405379904588j)
9373,-0.4745487162237919,(-161.6661760441719+41.3249662759672j)
9374,-0.4744926561273685,(269.8447081606021-50.3698121766056j)
9375,-0.4744365960309452,(-131.625221009315+94.23452648572898j)
9376,-0.4743805359345218,(196.57410294218818-379.771591952975j)
9377,-0.47432447583809845,(130.31960906342442-96.30636386521032j)
9378,-0.47426841574167505,(301.1511267031474+64.18507664956053j)
9379,-0.4742123556452517,(-209.43852066558293+118.64900716296785j)
9380,-0.4741562955488283,(-10.262748314436697+4.638046913513206j)
9381,-0.474100235452405,(8.921315161090448-19.590834820595944j)
9382,-0.4740441753559816,(-51.86035298311043+239.76191726503816j)
9383,-0.47398811525955825,(431.23362128292194+65.19647168398046j)
9384,-0.47393205516313486,(187.46470018904807-150.78739051178405j)
9385,-0.4738759950667115,(18.93504333295443+37.13861599531486j)
9386,-0.4738199349702881,(-120.9037083800686+192.62192824926854j)
9387,-0.4737638748738648,(-256.98355215614396-281.3586121424261j)
9388,-0.4737078147774414,(-222.19417202383812-120.74120895123768j)
9389,-0.47365175468101806,(-16.23540752240058+193.01148795730793j)
9390,-0.4735956945845947,(-227.05804344787666-163.12728104446387j)
9391,-0.4735396344881713,(3.426703346081613+165.85003354077148j)
9392,-0.473483574391748,(246.95404889196817-319.31665827075557j)
9393,-0.4734275142953246,(-53.01068221930765-38.26642619362336j)
9394,-0.47337145419890125,(-244.74127952688303+0.2866488697782046j)
9395,-0.47331539410247786,(-7.710756834531566+144.04797904090321j)
9396,-0.4732593340060545,(62.79323161494723+84.93629575266685j)
9397,-0.47320327390963113,(-220.78390016814726-445.6766289689821j)
9398,-0.4731472138132078,(124.47446439447731-21.306480748487154j)
9399,-0.4730911537167844,(-43.82965475509385+131.6533322333967j)
9400,-0.47303509362036106,(279.834129175983+47.962416268570635j)
9401,-0.47297903352393766,(60.683727003735186+121.43198418970292j)
9402,-0.4729229734275143,(7.052719656749552+165.77074727653832j)
9403,-0.47286691333109093,(-117.4540434813812-66.17446590182803j)
9404,-0.4728108532346676,(-46.92798739572451-135.65830189088473j)
9405,-0.4727547931382442,(97.3822052939961+70.74137357239759j)
9406,-0.47269873304182086,(127.25975547669786-420.84202754736583j)
9407,-0.47264267294539747,(94.24317590798799+84.53456984728379j)
9408,-0.47258661284897413,(-53.80141436282095+289.99030020405525j)
9409,-0.47253055275255074,(-38.92357515159115-282.3286556203352j)
9410,-0.4724744926561274,(-81.21893302203455-422.7803609588586j)
9411,-0.472418432559704,(205.54998313245474-17.15070674529629j)
9412,-0.47236237246328067,(79.98216808664017-20.832600308960686j)
9413,-0.4723063123668573,(28.14523150471537+174.24902477591473j)
9414,-0.47225025227043393,(-29.698215555454965-393.31714235014414j)
9415,-0.47219419217401054,(-287.49107918838064-171.7152225308006j)
9416,-0.4721381320775872,(258.58213581162806-392.38786142772045j)
9417,-0.4720820719811638,(-95.6791943302371-227.10383705772372j)
9418,-0.47202601188474047,(35.58691096967479-150.451668820592j)
9419,-0.4719699517883171,(128.61844504480814-30.61931936192177j)
9420,-0.47191389169189374,(320.99754304486436+170.7123404081517j)
9421,-0.47185783159547035,(97.71922493562677-165.8916683055535j)
9422,-0.471801771499047,(199.02328855124784+264.7287623247215j)
9423,-0.4717457114026236,(373.5152766886519+221.10681107100822j)
9424,-0.4716896513062003,(-487.20020305471314-41.91972823738553j)
9425,-0.4716335912097769,(611.7627491090332-76.09728421728471j)
9426,-0.47157753111335354,(212.0395238001202-54.65689007821105j)
9427,-0.47152147101693015,(664.6036681573823-189.99183761356676j)
9428,-0.4714654109205068,(124.61457208210334+32.34447374419442j)
9429,-0.4714093508240834,(428.4302087694403-289.23154006313894j)
9430,-0.4713532907276601,(435.27332866952156-30.91801027156444j)
9431,-0.4712972306312367,(-161.43659855735083-131.75613486846j)
9432,-0.47124117053481335,(135.42966889040787+126.36716906570274j)
9433,-0.47118511043838995,(138.5452501420006-180.1579739334267j)
9434,-0.4711290503419666,(267.93787907659146+115.77260882476577j)
9435,-0.4710729902455432,(101.23245849841267+62.60019646659602j)
9436,-0.4710169301491199,(51.29190156422996-184.07228454411162j)
9437,-0.4709608700526965,(-155.506504482967+17.974269839679177j)
9438,-0.47090480995627315,(-532.5735401764285-36.55024253473434j)
9439,-0.47084874985984976,(353.38546894338634+146.9055543836829j)
9440,-0.4707926897634264,(7.00706856730838+109.11773905722967j)
9441,-0.470736629667003,(-114.08968025378232+38.54237483047327j)
9442,-0.4706805695705797,(-203.35286789677846-258.1253458464838j)
9443,-0.4706245094741563,(34.66850956394058+4.31432072353024j)
9444,-0.47056844937773296,(59.874229712574866+8.831889590047345j)
9445,-0.47051238928130956,(-44.05881686676649-26.827886883674797j)
9446,-0.4704563291848862,(317.82292152551634+310.0309759357932j)
9447,-0.47040026908846283,(-129.6164835838931-100.79176328910107j)
9448,-0.4703442089920395,(86.97649554095032+52.00390213887452j)
9449,-0.4702881488956161,(-82.96586072638827-21.713462163148286j)
9450,-0.47023208879919276,(-251.75263158499416-11.82263473146223j)
9451,-0.47017602870276937,(9.135879418295929-74.67831051699173j)
9452,-0.47011996860634603,(198.62233569054476+109.25529213461564j)
9453,-0.47006390850992263,(144.5664145551786-193.11675522862222j)
9454,-0.4700078484134993,(-335.5878785329299-96.54287817340472j)
9455,-0.4699517883170759,(319.5158393104157-137.33735218659584j)
9456,-0.46989572822065256,(327.97822665231746+82.87837238814994j)
9457,-0.46983966812422917,(-177.43270740580448-16.476470825854094j)
9458,-0.46978360802780583,(65.12379820723736-118.96302629964607j)
9459,-0.46972754793138244,(138.4618807451565-399.3889324764611j)
9460,-0.4696714878349591,(-20.983603948824566-64.07215862808067j)
9461,-0.4696154277385357,(-29.405161887448035+103.26449171757771j)
9462,-0.46955936764211237,(225.2048246471162+45.204691954154555j)
9463,-0.469503307545689,(-48.8738830517042-80.69678545675332j)
9464,-0.46944724744926564,(161.1495829306341+7.278028807136778j)
9465,-0.46939118735284224,(48.924828360551714-9.99497413142553j)
9466,-0.4693351272564189,(-117.59689659600693-124.46119481060576j)
9467,-0.4692790671599955,(141.62769558228402+27.33865030410385j)
9468,-0.4692230070635722,(307.64620857287446+6.1177713031710255j)
9469,-0.4691669469671488,(-49.93689707462105-67.00634892441693j)
9470,-0.46911088687072544,(-258.1497364977125+98.07696129855826j)
9471,-0.46905482677430205,(-81.61779342351073+290.4832603275259j)
9472,-0.4689987666778787,(323.48001215326536+605.3335131497564j)
9473,-0.4689427065814553,(87.16682343056083-143.01218433721868j)
9474,-0.468886646485032,(-109.81130355108112+41.94422456276306j)
9475,-0.4688305863886086,(214.69515495732364+13.328571428532712j)
9476,-0.46877452629218525,(274.72423976705454+6.130648855165475j)
9477,-0.46871846619576185,(-22.94654914136733-163.1601167784712j)
9478,-0.4686624060993385,(335.4980790957901+17.955928799683974j)
9479,-0.4686063460029151,(97.8243192526235-232.48529344815952j)
9480,-0.4685502859064918,(534.0661760600749-78.24294037330003j)
9481,-0.4684942258100684,(-26.29459620485588+104.19901272429593j)
9482,-0.46843816571364505,(117.5606108030683+28.44975727505738j)
9483,-0.46838210561722166,(240.31897015283914+546.9047196220067j)
9484,-0.4683260455207983,(32.004220118421586-31.12489123171148j)
9485,-0.4682699854243749,(185.89460330595688-316.05978613351584j)
9486,-0.4682139253279516,(6.39262761050345+432.8387564895066j)
9487,-0.4681578652315282,(-363.66843137935143-77.23236332064317j)
9488,-0.46810180513510485,(500.5776486970649+623.9920895528419j)
9489,-0.46804574503868146,(-174.14761076532662-60.55173120694897j)
9490,-0.4679896849422581,(-154.30844531286655+25.883791539672202j)
9491,-0.46793362484583473,(280.2630352961621-577.8974316866409j)
9492,-0.4678775647494114,(-174.76022423218814+129.2250145226689j)
9493,-0.467821504652988,(303.6128261804216-4.622765163102823j)
9494,-0.46776544455656466,(248.07254899480705+467.26444920768256j)
9495,-0.46770938446014126,(94.68097373652859+155.43726504180154j)
9496,-0.4676533243637179,(-57.9495187324981+180.27150421386906j)
9497,-0.46759726426729453,(69.28032785695204-54.459729045810356j)
9498,-0.4675412041708712,(-199.963719905042-42.78546923014265j)
9499,-0.4674851440744478,(192.70576099288436-116.47163640757392j)
9500,-0.46742908397802446,(-81.17572775213296-277.63229581576735j)
9501,-0.46737302388160107,(271.1223646421606-249.5604412787041j)
9502,-0.46731696378517773,(68.67801708910497+190.79083533750264j)
9503,-0.46726090368875434,(106.51872509734923-149.73691594267837j)
9504,-0.467204843592331,(74.38462437948158+201.31139665459324j)
9505,-0.4671487834959076,(-104.31214659768673+484.10597516662415j)
9506,-0.46709272339948427,(188.46913031211616+405.66622926439607j)
9507,-0.4670366633030609,(-208.41860436352445+131.75594747673063j)
9508,-0.46698060320663753,(-223.67144521497127+104.94285358970814j)
9509,-0.46692454311021414,(423.95290887908214-239.18859097748006j)
9510,-0.4668684830137908,(90.53041951656701-106.55013917195753j)
9511,-0.4668124229173674,(64.37192862402094+22.233738010865963j)
9512,-0.46675636282094407,(-110.09504851400285-2.4137480431797584j)
9513,-0.4667003027245207,(-71.50803163431394+169.11983245152624j)
9514,-0.46664424262809734,(-223.51057510359766-287.2315557987638j)
9515,-0.46658818253167395,(23.00068815798005-149.52277719994146j)
9516,-0.4665321224352506,(-150.04426255318106+208.5365124768976j)
9517,-0.4664760623388272,(-43.13775796608312+313.0061433327127j)
9518,-0.4664200022424039,(-22.663772431103276+97.010841375493j)
9519,-0.4663639421459805,(-335.09181653626257+216.48199723998042j)
9520,-0.46630788204955714,(-96.40246170173938-380.79857131025545j)
9521,-0.46625182195313375,(-383.501038348657+64.13461079462621j)
9522,-0.4661957618567104,(1.9472504431742408+143.5732281925247j)
9523,-0.466139701760287,(21.03755905829432+435.3875647013247j)
9524,-0.4660836416638637,(130.73895535453883-24.386427685562552j)
9525,-0.4660275815674403,(120.05710290684917+48.211369442661734j)
9526,-0.46597152147101695,(102.29436631890101+124.45598508057378j)
9527,-0.46591546137459355,(71.71806286650556+172.11260916131266j)
9528,-0.4658594012781702,(-108.4766310520164-250.4357769997777j)
9529,-0.4658033411817468,(320.63609847626964-8.660557298548056j)
9530,-0.4657472810853235,(-84.35531957241271+84.81462881679985j)
9531,-0.4656912209889001,(-281.64027484372184-245.54060039311028j)
9532,-0.46563516089247675,(-214.49184413864498+314.7572319091101j)
9533,-0.46557910079605336,(113.42747845569252-128.96754153526933j)
9534,-0.46552304069963,(576.0639944549911+68.38930782885012j)
9535,-0.4654669806032066,(203.0406864506894+144.08296842740396j)
9536,-0.4654109205067833,(-31.78191232083286-282.4371874491068j)
9537,-0.4653548604103599,(-72.68227354243533-319.7783084563542j)
9538,-0.46529880031393656,(-94.25735383151455-79.19013641761092j)
9539,-0.46524274021751316,(-57.31330904272284-628.7252749299337j)
9540,-0.4651866801210898,(238.56524959100116+70.56648369763097j)
9541,-0.46513062002466643,(-187.2142292867157-278.26099929410134j)
9542,-0.4650745599282431,(83.77280317537362-162.44861706155578j)
9543,-0.4650184998318197,(226.5865597369052+73.29047668150655j)
9544,-0.46496243973539636,(172.76658517246452+146.00697130152997j)
9545,-0.46490637963897297,(9.949853621131476+90.07655600593328j)
9546,-0.46485031954254963,(-237.5371620054262+75.92641900807814j)
9547,-0.46479425944612623,(-119.36119407618112-10.813841852176616j)
9548,-0.4647381993497029,(174.25848110459077+471.0658057202288j)
9549,-0.4646821392532795,(-302.63658020389505+166.58495312022757j)
9550,-0.46462607915685616,(99.46205861523363+76.24946159821636j)
9551,-0.46457001906043277,(226.35709330429617+79.208720136079j)
9552,-0.46451395896400943,(89.93135382051246-153.02064196347987j)
9553,-0.46445789886758604,(-227.58365908689092-119.82294945446652j)
9554,-0.4644018387711627,(-618.9721235954626+264.0416215099006j)
9555,-0.4643457786747393,(453.6009264902+127.86721895475316j)
9556,-0.46428971857831597,(151.04063289329846+119.92912412502142j)
9557,-0.4642336584818926,(-351.8094618285305+32.663673471833846j)
9558,-0.46417759838546924,(-69.12967258750328-140.89864550420853j)
9559,-0.46412153828904584,(-76.92448290316108+70.10891931411128j)
9560,-0.4640654781926225,(-392.5591303084371-32.214375030930526j)
9561,-0.4640094180961991,(-37.72872950875471-15.019064863595446j)
9562,-0.4639533579997758,(-430.9081510241052-132.229887534843j)
9563,-0.4638972979033524,(-207.31897816984102-153.17388274464676j)
9564,-0.46384123780692904,(-89.87532187026429-76.72162058000335j)
9565,-0.46378517771050565,(387.73639994246594-70.5219014133247j)
9566,-0.4637291176140823,(226.24328999588133+290.62981088659456j)
9567,-0.4636730575176589,(73.0841335802642+209.261031859846j)
9568,-0.4636169974212356,(-125.47841689896629-152.6955323265078j)
9569,-0.4635609373248122,(172.6186481919977+95.06317323546295j)
9570,-0.46350487722838885,(-3.7037301021883593-321.90112375658043j)
9571,-0.46344881713196545,(165.23391437361434+196.08106684262225j)
9572,-0.4633927570355421,(73.10874157847506+278.9857985486367j)
9573,-0.4633366969391187,(-280.09409902691414+87.348489015249j)
9574,-0.4632806368426954,(225.85182898818587-4.924174640904596j)
9575,-0.463224576746272,(-274.9977616736137-188.3949439513802j)
9576,-0.46316851664984865,(-97.00176962483121+172.92583497327263j)
9577,-0.46311245655342526,(102.15292324839888-244.84727420915425j)
9578,-0.4630563964570019,(342.72505772634923-9.042333358697732j)
9579,-0.4630003363605785,(-163.4060464809321-144.86546644083973j)
9580,-0.4629442762641552,(242.062286536063+2.139060654848083j)
9581,-0.4628882161677318,(-73.78522091661569-169.55843500342078j)
9582,-0.46283215607130845,(-135.00028943089856-386.3013502000786j)
9583,-0.46277609597488506,(223.8159469268716-110.60226060482466j)
9584,-0.4627200358784617,(-235.78946913046877-33.78576580337956j)
9585,-0.46266397578203833,(150.52736995295666+317.19684861160425j)
9586,-0.462607915685615,(-91.00280964913932+82.19134932561869j)
9587,-0.4625518555891916,(6.591991930242386+124.8994278861693j)
9588,-0.46249579549276826,(-76.24152640703986+109.50164098857505j)
9589,-0.46243973539634486,(153.96693375096135-45.9978268696984j)
9590,-0.4623836752999215,(247.86300102850228-124.36363824685299j)
9591,-0.46232761520349813,(-256.66272952018596-166.29805538803606j)
9592,-0.4622715551070748,(145.57268542827507-126.48090987311117j)
9593,-0.4622154950106514,(444.6235477427501+427.8137449647268j)
9594,-0.46215943491422806,(299.99617166547955+336.6044784470673j)
9595,-0.46210337481780467,(-463.6384186437263-16.191471061001693j)
9596,-0.46204731472138133,(-159.36072683109325-91.11496437983452j)
9597,-0.46199125462495794,(281.1641087821786+338.2519187998587j)
9598,-0.4619351945285346,(-77.29157579238012-413.6545069541361j)
9599,-0.4618791344321112,(-45.952428608826196+89.25492041850853j)
9600,-0.46182307433568787,(72.42834234355531+166.97387452528818j)
9601,-0.4617670142392645,(-75.91831008230841-280.0417208319325j)
9602,-0.46171095414284113,(-98.92190266757751+92.92516204580205j)
9603,-0.46165489404641774,(-122.18660014833318-199.91128307172633j)
9604,-0.4615988339499944,(341.12230646395693+63.32134939942465j)
9605,-0.461542773853571,(52.40565389037283+65.44800653997771j)
9606,-0.46148671375714767,(-161.86914135541184-1.85914248812146j)
9607,-0.4614306536607243,(130.07689690416967-58.4326565078285j)
9608,-0.46137459356430094,(229.9384724844412+48.056818457710406j)
9609,-0.46131853346787755,(-119.68403035047072+20.64192096724821j)
9610,-0.4612624733714542,(378.1219707790664-284.4154629295719j)
9611,-0.4612064132750308,(-74.57858659030471-154.72918046462667j)
9612,-0.4611503531786075,(-26.660307650701515+230.07584704593788j)
9613,-0.4610942930821841,(-78.00471842581058+112.02518754032414j)
9614,-0.46103823298576074,(-50.64873843480446+248.01158820081184j)
9615,-0.46098217288933735,(-45.290173717848006+343.83956212854j)
9616,-0.460926112792914,(45.82614609510415+253.84523186948084j)
9617,-0.4608700526964906,(-221.0312310292113-367.9550393760911j)
9618,-0.4608139926000673,(-25.89516936435343+20.261242474675342j)
9619,-0.4607579325036439,(-244.40159457729132+15.597116627297972j)
9620,-0.46070187240722055,(-307.7837029908588+346.2232133006577j)
9621,-0.46064581231079715,(131.89242096946612+214.37535825726232j)
9622,-0.4605897522143738,(-45.25113073817918+73.88117507444716j)
9623,-0.4605336921179504,(-20.518135659105+38.28003215934183j)
9624,-0.4604776320215271,(-321.96586746148944-102.6111545933855j)
9625,-0.4604215719251037,(87.54697972504627-146.15906868131643j)
9626,-0.46036551182868035,(352.9023516645836-161.78441957047448j)
9627,-0.46030945173225696,(-7.3688694588089305+281.04899846523756j)
9628,-0.4602533916358336,(84.62315313982734-488.84273394405653j)
9629,-0.4601973315394102,(-189.103544831701-176.14573245024374j)
9630,-0.4601412714429869,(-129.5699144832487-158.4442206399779j)
9631,-0.4600852113465635,(186.44249387292191-232.24849844443244j)
9632,-0.46002915125014016,(24.370669709931605-440.41486947914046j)
9633,-0.45997309115371676,(-152.4584180541707+306.0083884527447j)
9634,-0.4599170310572934,(72.66656569184704+158.28997678956358j)
9635,-0.45986097096087003,(-387.629875410096-141.30516214892606j)
9636,-0.4598049108644467,(131.8399031995158+78.91775514220977j)
9637,-0.4597488507680233,(68.02213860865568-225.65815254639583j)
9638,-0.45969279067159996,(216.56938264458842-256.9029610808667j)
9639,-0.45963673057517657,(261.20789510581045+27.204970514076663j)
9640,-0.45958067047875323,(98.94336516945211-533.2033373005286j)
9641,-0.45952461038232983,(-182.28808070776756-64.85982605104705j)
9642,-0.4594685502859065,(-260.1344758292276+223.00251525205368j)
9643,-0.4594124901894831,(-150.12022655371854+468.0986208344196j)
9644,-0.45935643009305976,(-348.159090548171+81.35874390194536j)
9645,-0.45930036999663637,(-146.1964670163487+282.3723271907925j)
9646,-0.45924430990021303,(77.22245358412428-70.73516276594408j)
9647,-0.4591882498037897,(191.484339449945+309.64131706072385j)
9648,-0.4591321897073663,(377.54865280328215-357.17679381785587j)
9649,-0.45907612961094296,(157.77689899780714-211.76855350043354j)
9650,-0.45902006951451957,(-322.216923267886+7.256930821323188j)
9651,-0.45896400941809623,(-12.844192498616458-64.06282853555874j)
9652,-0.45890794932167284,(-101.05262234652392+10.275945070620129j)
9653,-0.4588518892252495,(53.39776216371435-278.48444472189664j)
9654,-0.4587958291288261,(262.62990281899357-89.43558090862224j)
9655,-0.45873976903240277,(-377.5995668141032-247.01715431492914j)
9656,-0.4586837089359794,(-5.203172357938506-323.42817901227363j)
9657,-0.45862764883955603,(274.03033698049023-340.0359677011579j)
9658,-0.45857158874313264,(39.24704368468802+305.3596158697464j)
9659,-0.4585155286467093,(96.27521787982532-70.21729586770904j)
9660,-0.4584594685502859,(126.79044932358057+99.14621828492434j)
9661,-0.45840340845386257,(-182.88172668269905+253.87281415900057j)
9662,-0.4583473483574392,(297.44726920821574-57.543204355094794j)
9663,-0.45829128826101584,(-238.3952878945096+72.46030837277813j)
9664,-0.45823522816459245,(-68.06245256346371+227.9420657250763j)
9665,-0.4581791680681691,(-624.3820555241484+247.14717501415518j)
9666,-0.4581231079717457,(195.72348567723142-93.67705446800234j)
9667,-0.4580670478753224,(-331.41337369080355-167.67966839543874j)
9668,-0.458010987778899,(-138.70038144116458+137.17167973670988j)
9669,-0.45795492768247564,(-133.69625984463684+69.2639252021632j)
9670,-0.45789886758605225,(230.65160972360133-427.72016983624803j)
9671,-0.4578428074896289,(-204.4774772194139-310.4581591467088j)
9672,-0.4577867473932055,(-90.75686382050276+199.93791404689023j)
9673,-0.4577306872967822,(45.335800309565464+7.220975438038691j)
9674,-0.4576746272003588,(47.41050569135341-139.72216561966013j)
9675,-0.45761856710393545,(124.67871558360933+11.362536826135234j)
9676,-0.45756250700751205,(306.159913644683+14.249530135621313j)
9677,-0.4575064469110887,(118.02858667961519-303.49566561160884j)
9678,-0.4574503868146653,(-86.13780260844058-374.1457141230504j)
9679,-0.457394326718242,(-272.85127188260526-83.65203673788184j)
9680,-0.4573382666218186,(230.74880307283618+1.9297996684137786j)
9681,-0.45728220652539525,(-279.83359106026694+0.32375443003696347j)
9682,-0.45722614642897186,(-168.3272854071487-387.2739602669259j)
9683,-0.4571700863325485,(365.7249519010147+227.0894799437398j)
9684,-0.4571140262361251,(-249.77009483814737+78.2521756626228j)
9685,-0.4570579661397018,(-257.0223609405461+104.87241041677856j)
9686,-0.4570019060432784,(42.13726364932691-161.82880403717698j)
9687,-0.45694584594685506,(-102.37032922184598-115.2182058730547j)
9688,-0.45688978585043166,(21.05278069795196-363.4783506400745j)
9689,-0.4568337257540083,(658.5195241695782+21.710115534063334j)
9690,-0.45677766565758493,(-347.47710344312935-217.2546492061266j)
9691,-0.4567216055611616,(-2.5573725227848243+239.97022319090846j)
9692,-0.4566655454647382,(372.97440236977087-357.01833661713874j)
9693,-0.45660948536831486,(-93.64740558663945+62.43576673616482j)
9694,-0.45655342527189147,(-570.3538478535123-30.50776399341825j)
9695,-0.45649736517546813,(-103.32536017953812+5.228640664014037j)
9696,-0.45644130507904473,(-40.35833728662231+129.09588782664787j)
9697,-0.4563852449826214,(-108.42770507510981+4.606104793875819j)
9698,-0.456329184886198,(-165.82164804216634+153.35030849457556j)
9699,-0.45627312478977466,(-267.54661284292723+94.38504951261247j)
9700,-0.45621706469335127,(-490.1327088342304+309.71079783498436j)
9701,-0.45616100459692793,(59.4859468279813-27.193215464413193j)
9702,-0.45610494450050454,(-27.55718516973041+181.50777022140193j)
9703,-0.4560488844040812,(-257.61468018248786+479.40620102042527j)
9704,-0.4559928243076578,(99.87713347154644-91.4007343233999j)
9705,-0.45593676421123447,(-31.411311403103042-323.6854150525059j)
9706,-0.4558807041148111,(268.7121873812043-354.4059996996172j)
9707,-0.45582464401838774,(-193.69919054505175-123.80429726570054j)
9708,-0.45576858392196434,(186.53318011886125-229.22050375610814j)
9709,-0.455712523825541,(-144.8340467474062+76.99186226096337j)
9710,-0.4556564637291176,(-177.05417006305-113.37728110659575j)
9711,-0.4556004036326943,(-209.46315912912772+170.5794335618381j)
9712,-0.4555443435362709,(425.0356391750002+438.35277232540057j)
9713,-0.45548828343984754,(167.19691622390718-191.721870777918j)
9714,-0.45543222334342415,(-383.8298598342213-224.5104088034968j)
9715,-0.4553761632470008,(-154.24233954393085-16.74522994806059j)
9716,-0.4553201031505774,(166.5282816465867+21.548165315607633j)
9717,-0.4552640430541541,(-51.729954506738224-316.5642767038035j)
9718,-0.4552079829577307,(-22.105875523170663+21.594760618437636j)
9719,-0.45515192286130735,(63.004748746693906-361.47514541181056j)
9720,-0.45509586276488395,(195.00195851038023-253.74447759015754j)
9721,-0.4550398026684606,(144.97402374884342-62.995188822282515j)
9722,-0.4549837425720372,(60.06107938782064+220.3530621054111j)
9723,-0.4549276824756139,(72.73224023592374-209.737557346912j)
9724,-0.4548716223791905,(-66.00702188066086+0.15690901816909175j)
9725,-0.45481556228276715,(239.5923439828812+134.9783590445333j)
9726,-0.45475950218634376,(331.6899308630305+306.7358254644757j)
9727,-0.4547034420899204,(-151.2777323531984-265.0429525144746j)
9728,-0.454647381993497,(-72.74900850533639+63.659960431841824j)
9729,-0.4545913218970737,(138.37053416090185-0.4078450001825473j)
9730,-0.4545352618006503,(-421.9864260266202-123.45081233571324j)
9731,-0.45447920170422695,(-270.699873904811+73.17251226031732j)
9732,-0.45442314160780356,(21.492119428090497+36.42542323941854j)
9733,-0.4543670815113802,(80.19930252807737+214.72437997917208j)
9734,-0.45431102141495683,(205.67053631948158+71.88978249593296j)
9735,-0.4542549613185335,(176.78973748308044-11.346913437030523j)
9736,-0.4541989012221101,(110.21295357845156-93.83489269759963j)
9737,-0.45414284112568676,(251.9768157010396-35.05048849981704j)
9738,-0.45408678102926336,(25.136619280882847-165.62954732626494j)
9739,-0.45403072093284,(2.2091270696557785+112.63860744138657j)
9740,-0.45397466083641663,(-158.97608942957632+175.2648484627248j)
9741,-0.4539186007399933,(313.2634983891975-265.5726362982889j)
9742,-0.4538625406435699,(-129.22232152436663+193.45027421549784j)
9743,-0.45380648054714656,(20.931187597329245-74.70527780767014j)
9744,-0.45375042045072317,(87.68161782028722+136.59270019460226j)
9745,-0.45369436035429983,(376.09644116084905+95.70963408390062j)
9746,-0.45363830025787644,(112.88562160322697-387.6590132968515j)
9747,-0.4535822401614531,(-3.011663117351926-83.94285831305615j)
9748,-0.4535261800650297,(-50.02395444942482+211.69625913526164j)
9749,-0.45347011996860637,(-69.77644499741709-397.65864545637623j)
9750,-0.453414059872183,(269.3206709275798-265.63924148057794j)
9751,-0.45335799977575963,(159.55448893578318+250.12460124797906j)
9752,-0.45330193967933624,(-320.12045695149317+57.23718450707874j)
9753,-0.4532458795829129,(13.320109520875175+150.61408669424256j)
9754,-0.4531898194864895,(0.3777090041590805+22.042749181550587j)
9755,-0.45313375939006617,(191.2320496680111-33.90893434213332j)
9756,-0.4530776992936428,(-194.37923524353732-311.8558845109015j)
9757,-0.45302163919721944,(276.9180832814917-147.7547046754476j)
9758,-0.45296557910079605,(-102.00182826889329-205.34307603542544j)
9759,-0.4529095190043727,(-36.20635201056563+79.22400088572505j)
9760,-0.4528534589079493,(100.25006268644802-141.5921151021505j)
9761,-0.452797398811526,(269.58456071652813+178.7228535180733j)
9762,-0.4527413387151026,(453.1857874305629+210.50500729658503j)
9763,-0.45268527861867924,(42.264264567267446-262.12848641630023j)
9764,-0.45262921852225585,(-120.93096634521507-267.74819225545525j)
9765,-0.4525731584258325,(-97.9479736941488+159.17563019459413j)
9766,-0.4525170983294091,(711.5252710085349+11.294188610787558j)
9767,-0.4524610382329858,(-93.18868667050279-38.44755160529991j)
9768,-0.4524049781365624,(-302.27399201254474+217.4399399658418j)
9769,-0.45234891804013905,(-132.8640495119552+36.30445877589425j)
9770,-0.45229285794371565,(-189.47241592752778-139.69602502256154j)
9771,-0.4522367978472923,(-57.772845133646825+336.0731369219716j)
9772,-0.4521807377508689,(405.78847938164006-139.63768041504153j)
9773,-0.4521246776544456,(7.7774380823226466-275.2026264085093j)
9774,-0.4520686175580222,(-126.38001333327378-3.25131146212986j)
9775,-0.45201255746159885,(153.2839254360057+81.73434186094153j)
9776,-0.45195649736517546,(-46.22673529631941+11.947086881528323j)
9777,-0.4519004372687521,(-45.16904697585087+95.0649189673801j)
9778,-0.4518443771723287,(325.51721692454464-19.04122702551581j)
9779,-0.4517883170759054,(32.05675659707189+113.29928250761193j)
9780,-0.451732256979482,(-171.29358643923445+341.94877703328257j)
9781,-0.45167619688305866,(101.37127624218775+139.78232748072804j)
9782,-0.45162013678663526,(91.52840842634973-89.09970349346817j)
9783,-0.4515640766902119,(-56.487482395820315+226.02786975663454j)
9784,-0.45150801659378853,(-62.70545867085373-113.53247090802219j)
9785,-0.4514519564973652,(411.8156002887732-88.28847736603763j)
9786,-0.4513958964009418,(-2.6650649137242155+80.32119596358157j)
9787,-0.45133983630451846,(9.780287975963446+88.62879410207252j)
9788,-0.45128377620809507,(74.62229095407979+83.77910580254684j)
9789,-0.45122771611167173,(-147.646859401761+230.0613306004621j)
9790,-0.45117165601524833,(-42.23853370679284-134.2257320743992j)
9791,-0.451115595918825,(140.12268563522844-233.09852615977056j)
9792,-0.4510595358224016,(-11.396889945851036+46.85468983952152j)
9793,-0.45100347572597826,(323.8672841020426+29.900417860381353j)
9794,-0.45094741562955487,(91.13645898606951+293.84587636246033j)
9795,-0.45089135553313153,(278.23115517463793-73.61643785301726j)
9796,-0.45083529543670814,(-73.92434319245447-297.6606526727597j)
9797,-0.4507792353402848,(68.84530558962794-176.85335662042894j)
9798,-0.4507231752438614,(58.23938193757247-121.35749107949508j)
9799,-0.45066711514743807,(387.194214414199-56.19251484594001j)
9800,-0.4506110550510147,(-276.2265760707668+180.12322000822257j)
9801,-0.45055499495459134,(526.6450666925833-20.376100673872827j)
9802,-0.45049893485816794,(37.241558679745935+563.3173161710935j)
9803,-0.4504428747617446,(-320.9505847366177+0.8587102653338832j)
9804,-0.4503868146653212,(266.64776287953663-247.07730553566873j)
9805,-0.4503307545688979,(189.31267949485303+48.7079058826163j)
9806,-0.4502746944724745,(-308.7353766475831+312.8641368756828j)
9807,-0.45021863437605114,(244.59181938678944+38.53972633511634j)
9808,-0.45016257427962775,(-94.19753416140281+363.24671499798006j)
9809,-0.4501065141832044,(-33.5747694716199+379.401850212535j)
9810,-0.450050454086781,(250.1804951485403+339.6480440321378j)
9811,-0.4499943939903577,(226.4456322297321+165.53401652830996j)
9812,-0.4499383338939343,(-215.14898671174436-246.79949146265213j)
9813,-0.44988227379751095,(-355.1393115846207-491.8691450173481j)
9814,-0.44982621370108755,(231.5721373194769-103.37271514534413j)
9815,-0.4497701536046642,(345.5423478406866+374.03036746805105j)
9816,-0.4497140935082408,(49.605155601527635+186.98648886722154j)
9817,-0.4496580334118175,(11.128887123199078-241.38762064517658j)
9818,-0.4496019733153941,(-6.902332853098194+112.17520678096841j)
9819,-0.44954591321897075,(74.62303375580272-232.94429045259696j)
9820,-0.44948985312254736,(-244.6901265346577+264.2912780924294j)
9821,-0.449433793026124,(-250.65962374213262+74.76711797112394j)
9822,-0.4493777329297006,(-216.92786166418497-17.235507788542762j)
9823,-0.4493216728332773,(-57.327587347284975+440.2172131090065j)
9824,-0.4492656127368539,(11.262420050717548-140.358653256027j)
9825,-0.44920955264043055,(44.248547369884626+251.91696741040877j)
9826,-0.44915349254400716,(-86.28086972185505+34.24594552629657j)
9827,-0.4490974324475838,(370.9413368973119+222.7744245891593j)
9828,-0.44904137235116043,(82.11727058639242-12.32731724909302j)
9829,-0.4489853122547371,(-192.60866586264586-27.516837051658076j)
9830,-0.4489292521583137,(-25.588388928694012+93.8258520312259j)
9831,-0.44887319206189036,(449.0859285247907+26.318417562302045j)
9832,-0.44881713196546696,(58.288703687205356-147.9257976629807j)
9833,-0.4487610718690436,(235.86848744427976-233.83040214048677j)
9834,-0.44870501177262023,(282.92953869585506+297.41586101628155j)
9835,-0.4486489516761969,(-27.7997092104723+119.73117443807467j)
9836,-0.4485928915797735,(-109.93599724822572+364.5283621039847j)
9837,-0.44853683148335016,(195.14417570694314+108.70637255552609j)
9838,-0.44848077138692677,(-163.17939134247223+367.269155438261j)
9839,-0.44842471129050343,(-226.16304009126907-329.2548190220281j)
9840,-0.44836865119408004,(-54.037371827901765-3.993150581889031j)
9841,-0.4483125910976567,(361.3245655770809-260.43780257040004j)
9842,-0.4482565310012333,(172.29439330789052+107.16906069068196j)
9843,-0.44820047090480997,(-276.76238896301487+46.555648172585194j)
9844,-0.4481444108083866,(-40.6371983849253+24.755779451108666j)
9845,-0.44808835071196323,(130.3677123236441+102.64038215657796j)
9846,-0.44803229061553984,(-8.50000456003113-16.179092056992246j)
9847,-0.4479762305191165,(486.7472432651011-361.31503979427623j)
9848,-0.4479201704226931,(-279.30401041868924-46.79212828340897j)
9849,-0.44786411032626977,(-16.878501488549567-139.1497171432885j)
9850,-0.4478080502298464,(21.176881216883324-175.32428989607482j)
9851,-0.44775199013342304,(-272.1419960745581+74.66195800858162j)
9852,-0.44769593003699965,(236.48855606446764-269.7677670344725j)
9853,-0.4476398699405763,(444.4845973915142-385.9885893297395j)
9854,-0.4475838098441529,(120.6778580691481+31.762293429438465j)
9855,-0.4475277497477296,(204.55278919218546+112.07294789386609j)
9856,-0.4474716896513062,(122.03021614170052+153.7898066450557j)
9857,-0.44741562955488284,(-13.374281550936793-15.862578227575106j)
9858,-0.44735956945845945,(-222.78180183810358+278.53645889457107j)
9859,-0.4473035093620361,(11.069084788276198+158.14717445268042j)
9860,-0.4472474492656127,(31.18606873474417+283.4199827308707j)
9861,-0.4471913891691894,(341.5867443232429-306.38785483420367j)
9862,-0.447135329072766,(-270.6567294064851-254.87789136748512j)
9863,-0.44707926897634265,(430.6151922010547+114.33572405313242j)
9864,-0.44702320887991925,(-252.21850709881062+521.2865272971001j)
9865,-0.4469671487834959,(-821.9089075645842+420.71656865132894j)
9866,-0.4469110886870725,(280.3812898712025-0.7929648437099672j)
9867,-0.4468550285906492,(-203.40000471208492+15.660727737122286j)
9868,-0.4467989684942258,(531.0785020157346-49.5600134679154j)
9869,-0.44674290839780245,(102.1419293291129+208.1156943832374j)
9870,-0.44668684830137906,(-109.03136842100344-78.48711344680211j)
9871,-0.4466307882049557,(-388.059623860914-285.0651793256294j)
9872,-0.4465747281085323,(-385.7744121384426+52.83558327872868j)
9873,-0.446518668012109,(-89.50013084320578-161.96481784840896j)
9874,-0.4464626079156856,(-119.9485247200862+223.01021425318433j)
9875,-0.44640654781926226,(206.76853442699777-317.743572797222j)
9876,-0.44635048772283886,(-303.674391057648-108.25875531617358j)
9877,-0.4462944276264155,(272.6446254923416+107.8728681784467j)
9878,-0.44623836752999213,(58.92346484885969-343.37950458662124j)
9879,-0.4461823074335688,(-86.43784146270755-201.67303293225672j)
9880,-0.4461262473371454,(315.4331853290188-264.17337823543653j)
9881,-0.44607018724072206,(513.7162335204139-26.78955900423267j)
9882,-0.44601412714429867,(177.08178865010302-57.00470574108693j)
9883,-0.44595806704787533,(217.1740577696255+58.947865046968495j)
9884,-0.44590200695145193,(345.7793252177022+368.93363607385373j)
9885,-0.4458459468550286,(-216.40329301789194+90.61041577174072j)
9886,-0.4457898867586052,(42.41112738618677-185.73120621868028j)
9887,-0.44573382666218186,(-177.27814122463207+378.58817879710006j)
9888,-0.44567776656575847,(465.31536659943066-91.47148401758365j)
9889,-0.44562170646933513,(-39.31157116139076+42.70972271081654j)
9890,-0.44556564637291174,(-100.24789367053086-211.2166225380739j)
9891,-0.4455095862764884,(282.27717605742527+108.58285153225376j)
9892,-0.445453526180065,(-192.41723747271112-258.86863476266336j)
9893,-0.44539746608364167,(-278.3826261612962-2.0010845198664526j)
9894,-0.4453414059872183,(-238.79672790116476+497.7036814850908j)
9895,-0.44528534589079494,(87.31619938972555+71.12538235098114j)
9896,-0.44522928579437154,(153.6257952011707+93.13910543152873j)
9897,-0.4451732256979482,(-266.693292721287-292.8231268680723j)
9898,-0.4451171656015248,(-174.8340101587741+390.6280212574373j)
9899,-0.4450611055051015,(-48.18815015889531-233.2265318729982j)
9900,-0.4450050454086781,(50.4425047024081-247.23123105417702j)
9901,-0.44494898531225474,(160.15733775633308+197.23038406886815j)
9902,-0.44489292521583135,(-4.7776581053268075+280.58536736275784j)
9903,-0.444836865119408,(166.6715586812715+69.54333951334468j)
9904,-0.44478080502298467,(225.69769752582448+518.9129136512157j)
9905,-0.4447247449265613,(237.26107665147663+83.87626340084273j)
9906,-0.44466868483013794,(-196.10348065989686+230.4685095060571j)
9907,-0.44461262473371455,(146.45341068311293-104.62824147819428j)
9908,-0.4445565646372912,(296.59255803245753+153.94256222681923j)
9909,-0.4445005045408678,(86.44726555515074-162.3766859913733j)
9910,-0.4444444444444445,(263.20286477245423+5.537197224431061j)
9911,-0.4443883843480211,(-190.1769317392539-144.05736003961877j)
9912,-0.44433232425159774,(-119.44502979453628-113.4690127064095j)
9913,-0.44427626415517435,(-154.61492853888439-228.17143139559198j)
9914,-0.444220204058751,(109.2941128083572+172.77539017968616j)
9915,-0.4441641439623276,(145.06939929899136-70.56507224108434j)
9916,-0.4441080838659043,(-17.581965103171484-438.69504368050065j)
9917,-0.4440520237694809,(-252.38225117772134+636.9950080194442j)
9918,-0.44399596367305755,(56.66909002833342-111.47280828513948j)
9919,-0.44393990357663415,(-73.29553649058752+58.616372573730594j)
9920,-0.4438838434802108,(37.87023167734337-3.2938479920414263j)
9921,-0.4438277833837874,(88.21848969011037-132.69284234764j)
9922,-0.4437717232873641,(342.05074132042296-124.39366481935694j)
9923,-0.4437156631909407,(52.149147343704904-51.06026427063581j)
9924,-0.44365960309451735,(-52.98669615924294+390.3395796278877j)
9925,-0.44360354299809396,(-207.1980420652114-145.75433501215133j)
9926,-0.4435474829016706,(312.32113312244707+206.56196652599297j)
9927,-0.4434914228052472,(30.502667354744567-327.7167211071808j)
9928,-0.4434353627088239,(-22.689858935380958-206.57245193539487j)
9929,-0.4433793026124005,(-49.504618290430514+22.48862777709272j)
9930,-0.44332324251597716,(56.18161291728944+369.83612874574425j)
9931,-0.44326718241955376,(-504.93141041160334-293.89814150695065j)
9932,-0.4432111223231304,(-305.6210345927755-243.2631754233709j)
9933,-0.44315506222670703,(-140.43647591154502+369.72304569125j)
9934,-0.4430990021302837,(-357.71933102873777-59.75842137894753j)
9935,-0.4430429420338603,(-76.28577349209336-231.7227866991521j)
9936,-0.44298688193743696,(-373.14947337469016-100.78943194599552j)
9937,-0.44293082184101357,(46.13050821492003-99.32901123830032j)
9938,-0.44287476174459023,(243.53687702015554-30.795979871112266j)
9939,-0.44281870164816683,(-110.88818901048857+39.11819883527654j)
9940,-0.4427626415517435,(276.1056214561732+107.09507049520136j)
9941,-0.4427065814553201,(63.118611896176965+22.40216684916315j)
9942,-0.44265052135889676,(-34.32578136632607+77.48892566529314j)
9943,-0.44259446126247337,(113.83548551886996+218.56288729280345j)
9944,-0.44253840116605003,(14.962339176196018-61.57135148574616j)
9945,-0.44248234106962664,(41.57471465668147+125.41825747961316j)
9946,-0.4424262809732033,(266.91839003784787-370.2163235076347j)
9947,-0.4423702208767799,(-162.30149561566142+92.57289895680043j)
9948,-0.44231416078035657,(92.14643523436894+22.9779402649609j)
9949,-0.4422581006839332,(350.3403288953301+202.36726606392506j)
9950,-0.44220204058750984,(-145.98925361928738-161.45424199426344j)
9951,-0.44214598049108644,(-190.71577249422964-192.19752944473726j)
9952,-0.4420899203946631,(109.24769385103636+454.9865903477577j)
9953,-0.4420338602982397,(-31.13490361734617-276.50078503407855j)
9954,-0.4419778002018164,(70.3547089428848-178.901711792865j)
9955,-0.441921740105393,(-334.7002402125227-382.4782968076258j)
9956,-0.44186568000896964,(143.16115619632342+184.03481497460757j)
9957,-0.44180961991254625,(226.50691809280426+65.05823861326621j)
9958,-0.4417535598161229,(495.2455136983328+72.52628035936758j)
9959,-0.4416974997196995,(-189.66493923980158-239.16817300170683j)
9960,-0.4416414396232762,(21.056656503700367-372.99418339462j)
9961,-0.4415853795268528,(377.91117829110067-305.7332055886291j)
9962,-0.44152931943042945,(543.417747190561-35.40160322713143j)
9963,-0.44147325933400605,(365.88408325396335+138.52918754353192j)
9964,-0.4414171992375827,(-66.77871728143333+51.45752154895059j)
9965,-0.4413611391411593,(-120.41115632749965-355.75012643035996j)
9966,-0.441305079044736,(-280.35780234106943+30.58129168572998j)
9967,-0.4412490189483126,(256.0951050319067+143.74322722306255j)
9968,-0.44119295885188925,(-316.63244009686895+91.60023347708157j)
9969,-0.44113689875546586,(-13.707159243698712+228.39007803154294j)
9970,-0.4410808386590425,(124.64093833237325+107.18020448818282j)
9971,-0.4410247785626191,(282.3051943736764+203.80931311733093j)
9972,-0.4409687184661958,(95.56016859838188-119.52962505647076j)
9973,-0.4409126583697724,(83.52372826402025-150.85467870103025j)
9974,-0.44085659827334905,(-276.09887473003823+392.1103696393026j)
9975,-0.44080053817692566,(197.28034504887768+383.32128040093806j)
9976,-0.4407444780805023,(-264.3071070910661-263.29946737160174j)
9977,-0.44068841798407893,(-118.27477617995513-191.3562725323653j)
9978,-0.4406323578876556,(-257.0475242310355+322.31522187557874j)
9979,-0.4405762977912322,(265.84399770779373+77.41107463249165j)
9980,-0.44052023769480886,(240.3115356367536-277.644068957422j)
9981,-0.44046417759838546,(258.247570847628-29.888745969411318j)
9982,-0.4404081175019621,(-104.01527026534217+119.90531045438796j)
9983,-0.44035205740553873,(182.51651091383533-206.24088516131792j)
9984,-0.4402959973091154,(-80.36659443258449-233.69837799207244j)
9985,-0.440239937212692,(-18.411383228355163-169.4713334301153j)
9986,-0.44018387711626866,(229.1242849684658-493.1226627536074j)
9987,-0.44012781701984527,(312.9246098835075-56.592400354745195j)
9988,-0.44007175692342193,(40.9722954138342-27.8497125299708j)
9989,-0.44001569682699854,(-265.1079042808487-282.5795856060799j)
9990,-0.4399596367305752,(-195.21426362528695+51.04331068035785j)
9991,-0.4399035766341518,(22.39942486317034+283.9934224833172j)
9992,-0.43984751653772847,(-205.90466915460846+44.61670771328012j)
9993,-0.4397914564413051,(-109.3719101972459-104.93891321343251j)
9994,-0.43973539634488173,(467.43658351676095+87.8052843557733j)
9995,-0.43967933624845834,(562.4388079843313-34.189387899688256j)
9996,-0.439623276152035,(131.5485719599589-117.47084803233417j)
9997,-0.4395672160556116,(-344.6654862797474-9.957695186463724j)
9998,-0.43951115595918827,(-242.16538503684308+453.2076315633608j)
9999,-0.4394550958627649,(148.9115667517836+268.7707933728742j)
10000,-0.43939903576634154,(140.67481751047865+118.42686959167915j)
10001,-0.43934297566991815,(-47.33519137898253+344.96978629355226j)
10002,-0.4392869155734948,(-15.101853228290494-201.09069441419632j)
10003,-0.4392308554770714,(138.36689803511848-320.3007464197379j)
10004,-0.4391747953806481,(240.79398209169213+162.62698353027525j)
10005,-0.4391187352842247,(321.8641630181585+289.0371970318019j)
10006,-0.43906267518780134,(-90.32518039058439+36.562022129746694j)
10007,-0.43900661509137795,(269.15796167632936+74.82026868007242j)
10008,-0.4389505549949546,(-100.5612538937186-118.3348377834439j)
10009,-0.4388944948985312,(64.88560992253774-319.9891175277629j)
10010,-0.4388384348021079,(98.81955569067546+381.6729861525358j)
10011,-0.4387823747056845,(146.23800722556118+78.03385936218072j)
10012,-0.43872631460926115,(376.1905043470276+10.789311495596465j)
10013,-0.43867025451283775,(-229.48007565844478-255.27785857537054j)
10014,-0.4386141944164144,(-124.60632853711105+68.07626291006358j)
10015,-0.438558134319991,(-120.2754464629401-171.13286533042526j)
10016,-0.4385020742235677,(-76.2788412148415+236.39389847316602j)
10017,-0.4384460141271443,(-3.1632420794948892-105.69498185232364j)
10018,-0.43838995403072095,(87.80034557796519-68.78938220539736j)
10019,-0.43833389393429756,(-168.58722973912768+90.96456615747907j)
10020,-0.4382778338378742,(-213.16133140290867+82.82333350059432j)
10021,-0.4382217737414508,(-300.2279010777787+178.79574421226323j)
10022,-0.4381657136450275,(580.3784516929096+26.2076130662594j)
10023,-0.4381096535486041,(-2.240166172008294-120.43358099637904j)
10024,-0.43805359345218076,(69.39873579211246+53.071661812400386j)
10025,-0.43799753335575736,(-378.18627655964576+327.89275414898077j)
10026,-0.437941473259334,(-138.93390610377207+8.198026693796614j)
10027,-0.43788541316291063,(265.48171926660575-179.4157985303862j)
10028,-0.4378293530664873,(166.87366810207655+211.0277166558963j)
10029,-0.4377732929700639,(312.2440191920735-328.1304111457947j)
10030,-0.43771723287364056,(-118.5123954675791-7.236916858483411j)
10031,-0.43766117277721717,(-337.7664208055532-165.34807692024987j)
10032,-0.43760511268079383,(472.97074332004183+235.882498040705j)
10033,-0.43754905258437043,(330.05167945886404-123.52879501787174j)
10034,-0.4374929924879471,(207.5096323904174-215.01699086378252j)
10035,-0.4374369323915237,(-51.065454503651424+142.2303755803824j)
10036,-0.43738087229510036,(354.884045270006+322.6124254888025j)
10037,-0.43732481219867697,(244.7070322538099+485.7303644223793j)
10038,-0.43726875210225363,(-14.252914227479335+35.453986708028026j)
10039,-0.43721269200583024,(52.0053297437141-384.85364162833105j)
10040,-0.4371566319094069,(88.01885980575422-214.29000043900436j)
10041,-0.4371005718129835,(-13.299869074310012-55.30372162038068j)
10042,-0.43704451171656017,(-97.85065100586593+9.610319586024765j)
10043,-0.4369884516201368,(144.36278095820188+250.14812914623275j)
10044,-0.43693239152371344,(-210.61829632326848+378.74520416236084j)
10045,-0.43687633142729004,(135.15140291664693+256.86075462992613j)
10046,-0.4368202713308667,(-34.53956496525273+42.27183050076189j)
10047,-0.4367642112344433,(-232.98273013510124+11.41640889056994j)
10048,-0.43670815113802,(308.31417090466135+42.3516082627968j)
10049,-0.4366520910415966,(-41.11126266479888+192.88922935932183j)
10050,-0.43659603094517324,(73.64219363251706-177.7430792704287j)
10051,-0.43653997084874985,(36.72391767709137-86.78045896799127j)
10052,-0.4364839107523265,(-109.20918050171448+196.95518005555283j)
10053,-0.4364278506559031,(-127.21177481508141-64.25957131535235j)
10054,-0.4363717905594798,(-209.86439973836377+139.0128443148661j)
10055,-0.4363157304630564,(226.13112495412165-21.71128004234123j)
10056,-0.43625967036663305,(300.22805874944714-201.74351319995532j)
10057,-0.43620361027020965,(1.5416851077055238+10.111481291241137j)
10058,-0.4361475501737863,(347.7275546010366+161.52672933162935j)
10059,-0.4360914900773629,(-263.7641932995671-26.64165342181441j)
10060,-0.4360354299809396,(-284.6745394187024+141.59206726042305j)
10061,-0.4359793698845162,(-313.0611718396964-144.5824436993999j)
10062,-0.43592330978809285,(-259.2675687450435-102.43710610079333j)
10063,-0.43586724969166946,(434.1926746096127+70.7457415870946j)
10064,-0.4358111895952461,(-176.88222581490356-237.54141467958286j)
10065,-0.4357551294988227,(-361.52045476552826+59.38890748961104j)
10066,-0.4356990694023994,(280.56731519851235-130.48087244500653j)
10067,-0.435643009305976,(-212.08169238184624+237.94751690522776j)
10068,-0.43558694920955265,(407.97980563858283-154.463671226361j)
10069,-0.43553088911312926,(246.4085831701029+55.42814999764623j)
10070,-0.4354748290167059,(-245.80982615859799-337.1145016055119j)
10071,-0.43541876892028253,(20.09954249695614+195.33906494086295j)
10072,-0.4353627088238592,(35.90046333254965+191.623752256019j)
10073,-0.4353066487274358,(370.2591819586253-252.34353020799506j)
10074,-0.43525058863101246,(-70.177457960374+180.83389595658062j)
10075,-0.43519452853458906,(79.87504239772362-84.42791199025913j)
10076,-0.4351384684381657,(138.61877836004695+308.22675341125455j)
10077,-0.43508240834174233,(433.5080102256923+355.19368785500797j)
10078,-0.435026348245319,(-275.86249639953144+137.1399913944499j)
10079,-0.4349702881488956,(172.17693048034818-455.39642067571543j)
10080,-0.43491422805247226,(-30.829659794016607+70.10569807903101j)
10081,-0.43485816795604887,(-313.7272828970732-28.749090075808397j)
10082,-0.43480210785962553,(1.8750225906011195-138.3707765249675j)
10083,-0.43474604776320214,(276.158215486492+106.95099519936235j)
10084,-0.4346899876667788,(-190.90178988047734-60.86810823828612j)
10085,-0.4346339275703554,(165.66683395431104+240.90866354224104j)
10086,-0.43457786747393207,(-92.67675973850979-130.88793093878408j)
10087,-0.4345218073775087,(-188.70946327800658+183.18909981990765j)
10088,-0.43446574728108533,(110.22606534635382+278.8898119287243j)
10089,-0.43440968718466194,(332.5957016349631+211.3003629038032j)
10090,-0.4343536270882386,(191.14648625372888+60.18673597149561j)
10091,-0.4342975669918152,(2.9098684116683904-355.8429244955902j)
10092,-0.43424150689539187,(66.79875022027622+108.6663246954495j)
10093,-0.4341854467989685,(-209.79341865534036-265.4098447724017j)
10094,-0.43412938670254514,(-214.60585273776755+314.10885334226475j)
10095,-0.43407332660612175,(-130.1688959306462-231.67556978465655j)
10096,-0.4340172665096984,(371.2817710535968+233.48824989651052j)
10097,-0.433961206413275,(-153.0662982519217+307.8095155577788j)
10098,-0.4339051463168517,(52.23005090228047-424.6119693738965j)
10099,-0.4338490862204283,(-278.0323746294911-542.3043036228096j)
10100,-0.43379302612400494,(425.23030176883447+80.58028866496548j)
10101,-0.43373696602758155,(-539.165313984457-48.49712286125214j)
10102,-0.4336809059311582,(196.1368497106565-165.41731431632377j)
10103,-0.4336248458347348,(209.73852249865962+294.8075993634896j)
10104,-0.4335687857383115,(121.59900482995084-140.76425037953197j)
10105,-0.4335127256418881,(293.85986467447026+274.68431072196205j)
10106,-0.43345666554546475,(-79.06697338069472+143.81624060125853j)
10107,-0.43340060544904135,(183.9741339562247+111.14918383358705j)
10108,-0.433344545352618,(209.8081609949996+234.49166173217688j)
10109,-0.4332884852561946,(-143.78012373475445-168.68149451356834j)
10110,-0.4332324251597713,(-146.0642692608474-368.7718593740694j)
10111,-0.4331763650633479,(107.89023025009803-43.477503869138715j)
10112,-0.43312030496692455,(254.47420558753635+459.4528982097753j)
10113,-0.43306424487050116,(7.970046635366501-109.80646686019594j)
10114,-0.4330081847740778,(-15.265354030101129-38.253426642626174j)
10115,-0.4329521246776544,(432.4130999630921-32.91179507341087j)
10116,-0.4328960645812311,(-35.936152549376004+9.27324138188857j)
10117,-0.4328400044848077,(354.47973811225796+148.54877865932013j)
10118,-0.43278394438838436,(72.00029796053376+219.2268573134587j)
10119,-0.43272788429196096,(18.282485972781018+501.36029739503624j)
10120,-0.4326718241955376,(-51.81202925610653+313.3514762355855j)
10121,-0.43261576409911423,(47.65254667513038+237.11365052913254j)
10122,-0.4325597040026909,(-96.33960939286402-32.32491199650393j)
10123,-0.4325036439062675,(-443.76095512985717+380.2966009882112j)
10124,-0.43244758380984416,(184.71065626825606-290.33003090988586j)
10125,-0.43239152371342077,(-25.913014417547117-8.232718761467458j)
10126,-0.43233546361699743,(-64.22317613923701+261.8701304048077j)
10127,-0.43227940352057403,(-75.47062945049255-80.27236446464319j)
10128,-0.4322233434241507,(223.3631832308139-203.9325001542126j)
10129,-0.4321672833277273,(-623.0775030506945+232.16771983182815j)
10130,-0.43211122323130396,(512.5451793486703-274.8571970457872j)
10131,-0.43205516313488057,(-291.4371845061101-361.48391131425234j)
10132,-0.43199910303845723,(-100.1065871711965+116.86857081992252j)
10133,-0.43194304294203384,(-103.2077035722574-208.1750111175102j)
10134,-0.4318869828456105,(247.78436734484157+45.63811984806739j)
10135,-0.4318309227491871,(46.31175091986616+117.7570822816944j)
10136,-0.43177486265276377,(547.2131773682455-232.8575235878113j)
10137,-0.4317188025563404,(114.27558350223015-279.027956502355j)
10138,-0.43166274245991704,(-335.7694468983805-296.90843908027057j)
10139,-0.43160668236349364,(119.75843045322058-50.35125572191686j)
10140,-0.4315506222670703,(-65.05539172970019+118.79001793213472j)
10141,-0.4314945621706469,(150.26294695615422+33.73736103916228j)
10142,-0.4314385020742236,(70.47620192121025+224.74080829174318j)
10143,-0.4313824419778002,(-207.97547221386125-19.785612863896645j)
10144,-0.43132638188137684,(-180.18838094673828-267.38113790944175j)
10145,-0.43127032178495345,(250.5579899251003+450.5215461297574j)
10146,-0.4312142616885301,(-240.40351148148392-294.34346093488466j)
10147,-0.4311582015921067,(77.55605080871771+52.697219237715906j)
10148,-0.4311021414956834,(-88.41912741920416-93.25852002887585j)
10149,-0.43104608139926,(192.68525967240316+326.40237917291813j)
10150,-0.43099002130283665,(-131.22370822367742-142.255794248961j)
10151,-0.43093396120641325,(-72.12193626685793+44.17730185494344j)
10152,-0.4308779011099899,(118.73811986373461+149.3158785346452j)
10153,-0.4308218410135665,(66.63725311481315-126.83299465360288j)
10154,-0.4307657809171432,(-72.68945195954706-125.36158428736397j)
10155,-0.4307097208207198,(15.0267249752056+11.528181052507534j)
10156,-0.43065366072429645,(-70.71017180330986-76.81744636596441j)
10157,-0.43059760062787306,(-66.51104929950444-98.4894833235357j)
10158,-0.4305415405314497,(-232.11571402838473-532.8220077658814j)
10159,-0.4304854804350264,(-149.78989389643425-407.2786863039062j)
10160,-0.430429420338603,(-313.018883989687+47.965553633251744j)
10161,-0.43037336024217965,(42.063188127560906-84.95151211209257j)
10162,-0.43031730014575625,(-86.4647638717001+127.49843371189976j)
10163,-0.4302612400493329,(-289.9308461930466+86.51387499374616j)
10164,-0.4302051799529095,(-42.47289248204005+535.455273563352j)
10165,-0.4301491198564862,(438.54277337000923-265.6760424261578j)
10166,-0.4300930597600628,(-259.6483535245553-0.07767859037454627j)
10167,-0.43003699966363945,(2.4136299603929743+19.442063850153637j)
10168,-0.42998093956721606,(112.72908728184716+314.8705807642809j)
10169,-0.4299248794707927,(136.82672472747973+322.7217611804717j)
10170,-0.4298688193743693,(-256.26041337493695+52.54611289106049j)
10171,-0.429812759277946,(126.4693027428879+19.216933194356038j)
10172,-0.4297566991815226,(-15.784011511321431-47.928429331959094j)
10173,-0.42970063908509926,(-147.43303981657021-85.24773810722016j)
10174,-0.42964457898867586,(151.35613937853913+130.5933511480552j)
10175,-0.4295885188922525,(-4.697577322162651+321.75706090005247j)
10176,-0.42953245879582913,(175.92382364634744-50.455940763289846j)
10177,-0.4294763986994058,(-18.430779148973983+137.63763569515862j)
10178,-0.4294203386029824,(-421.74509479392384-670.6693480503653j)
10179,-0.42936427850655906,(-147.54041562853493+550.8688562840723j)
10180,-0.42930821841013567,(89.0162700969714-10.58690647804833j)
10181,-0.42925215831371233,(-0.8774145208231374-164.2085975911433j)
10182,-0.42919609821728893,(238.57515421507208+335.11452205596254j)
10183,-0.4291400381208656,(-105.425398988035+211.9134679524134j)
10184,-0.4290839780244422,(91.78730158931839+89.0034644963046j)
10185,-0.42902791792801886,(271.3764091279051+134.2035899577573j)
10186,-0.42897185783159547,(323.6263744573308-223.68418746421446j)
10187,-0.42891579773517213,(-74.24498334495053-547.5378951613128j)
10188,-0.42885973763874874,(92.20104666947168+159.39023236703008j)
10189,-0.4288036775423254,(-87.26178951946014-210.70689529013094j)
10190,-0.428747617445902,(162.32086953958927-27.542357518250007j)
10191,-0.42869155734947867,(-365.2992586615287+213.206467106196j)
10192,-0.4286354972530553,(73.51106828543665-192.21853142205484j)
10193,-0.42857943715663194,(282.4705482639962-135.48346685573497j)
10194,-0.42852337706020854,(-29.03295724576057+299.27866059782906j)
10195,-0.4284673169637852,(32.87865206670914-259.63677689243787j)
10196,-0.4284112568673618,(5.635861374398868-132.6353031772915j)
10197,-0.4283551967709385,(-179.48966911365756-381.7191840213302j)
10198,-0.4282991366745151,(197.16959365678693+144.3207296130998j)
10199,-0.42824307657809174,(40.076799590297306+138.53977297416856j)
10200,-0.42818701648166835,(91.88018894564493+475.71884634181566j)
10201,-0.428130956385245,(432.6124919652331-43.81054939607807j)
10202,-0.4280748962888216,(-80.590732159364+50.704992720933575j)
10203,-0.4280188361923983,(255.26080829946298-61.0883582652728j)
10204,-0.4279627760959749,(-386.4484446843432+204.89819356073923j)
10205,-0.42790671599955155,(-66.36530507570117-262.6710453155109j)
10206,-0.42785065590312815,(-104.60970393243272-38.72484117692184j)
10207,-0.4277945958067048,(-444.6577263509603+30.082899814768357j)
10208,-0.4277385357102814,(221.87762892798534-45.425359879867926j)
10209,-0.4276824756138581,(12.81167971329901+25.29976587608865j)
10210,-0.4276264155174347,(180.55560531911803-345.7095416876839j)
10211,-0.42757035542101135,(50.40366748328208-190.3789555137057j)
10212,-0.42751429532458796,(249.26921143853974-195.7830538619608j)
10213,-0.4274582352281646,(-75.47978989342094+235.37505846466692j)
10214,-0.4274021751317412,(446.5303652012674-14.92907088500526j)
10215,-0.4273461150353179,(169.59797867810533-83.71208396708704j)
10216,-0.4272900549388945,(157.0107109227169-187.10946225549947j)
10217,-0.42723399484247115,(10.511285636276968+88.2260164579593j)
10218,-0.42717793474604776,(-195.55948289213964+194.38962999823062j)
10219,-0.4271218746496244,(-174.2646312250842-232.10848015490413j)
10220,-0.42706581455320103,(-332.0980789885625+76.71102694150194j)
10221,-0.4270097544567777,(57.57867084416243+193.38246056022012j)
10222,-0.4269536943603543,(-188.0795965623203+114.29882528243532j)
10223,-0.42689763426393096,(115.58527498959971-224.13058708809598j)
10224,-0.42684157416750756,(-315.05880722218285+320.923845896867j)
10225,-0.4267855140710842,(59.92398681646657-75.0600250215781j)
10226,-0.42672945397466083,(206.92085560909615+468.74142563569035j)
10227,-0.4266733938782375,(295.5390198725908-357.2697273870922j)
10228,-0.4266173337818141,(-110.30767994512027+280.38832897708176j)
10229,-0.42656127368539076,(187.21424177342675+341.95441943894923j)
10230,-0.42650521358896737,(471.95477008219524+86.29285786119446j)
10231,-0.42644915349254403,(279.889012196723+152.12088946977457j)
10232,-0.42639309339612064,(-232.17600555772134-594.4989299140015j)
10233,-0.4263370332996973,(235.51729839524893+109.37810430283356j)
10234,-0.4262809732032739,(176.44443783179392-58.61071573647064j)
10235,-0.42622491310685057,(39.5462755297221-212.0070858134513j)
10236,-0.4261688530104272,(-69.18906375605833-242.8555518029985j)
10237,-0.42611279291400384,(-256.8220516800125-292.6091634708316j)
10238,-0.42605673281758044,(197.95252918544136-149.26095185679122j)
10239,-0.4260006727211571,(523.3015395133431-332.55927619829043j)
10240,-0.4259446126247337,(-83.04696976156754-137.8896755665348j)
10241,-0.42588855252831037,(-269.463709280218-173.9926860070345j)
10242,-0.425832492431887,(116.98631751540032-272.64010856909636j)
10243,-0.42577643233546364,(-76.26331917054856+101.5277027238473j)
10244,-0.42572037223904025,(183.55259623155342-55.307798319504585j)
10245,-0.4256643121426169,(-72.10014932354157-100.37300074526678j)
10246,-0.4256082520461935,(37.889068375265-310.6220735173878j)
10247,-0.4255521919497702,(458.96215089395014+92.57110569155455j)
10248,-0.4254961318533468,(-143.69106205346773+173.3118704151448j)
10249,-0.42544007175692344,(-445.451750290607+149.06215404649166j)
10250,-0.42538401166050005,(156.2280154207349-19.592180386633956j)
10251,-0.4253279515640767,(362.1317722010251+300.6010639159231j)
10252,-0.4252718914676533,(304.51682490221026+333.7537561600637j)
10253,-0.42521583137123,(345.51773730714376+211.91142684450972j)
10254,-0.4251597712748066,(1.1045880900194334-144.95760727177577j)
10255,-0.42510371117838325,(-161.34423729339764-248.6410971546755j)
10256,-0.42504765108195985,(-287.60291155721524-113.90307354269203j)
10257,-0.4249915909855365,(-8.861680460045434-87.60881295265713j)
10258,-0.4249355308891131,(-311.95217833013373+529.3159721922262j)
10259,-0.4248794707926898,(-213.4526807889548-279.053171346438j)
10260,-0.4248234106962664,(-331.7269255717193+53.58597876565267j)
10261,-0.42476735059984305,(325.03931959722127-108.76982677951816j)
10262,-0.42471129050341966,(535.4193739223989-47.126302588184814j)
10263,-0.4246552304069963,(-108.69983327651147+239.23267172794118j)
10264,-0.4245991703105729,(182.00515454181186+308.73449833785713j)
10265,-0.4245431102141496,(-49.0944636215978+108.51968799280648j)
10266,-0.4244870501177262,(-106.00187239953213+168.32217873576286j)
10267,-0.42443099002130286,(-57.765151167178004-126.18186010133871j)
10268,-0.42437492992487946,(-112.3099028838242-55.247122062362294j)
10269,-0.4243188698284561,(198.86545412200755-566.5853404231904j)
10270,-0.42426280973203273,(205.5984141603139-42.98695366335136j)
10271,-0.4242067496356094,(-78.35923659794757-35.18886864036099j)
10272,-0.424150689539186,(313.2492599709843-75.82951103319036j)
10273,-0.42409462944276266,(-274.33293516436004-188.90294236356505j)
10274,-0.42403856934633927,(-233.33516006917742-0.41185545122185374j)
10275,-0.42398250924991593,(27.989856549476023-140.48008037452757j)
10276,-0.42392644915349253,(-310.84703645960263+268.9477896181169j)
10277,-0.4238703890570692,(-249.3080796569002+261.3950765139051j)
10278,-0.4238143289606458,(-365.436134232651+367.9272661587014j)
10279,-0.42375826886422246,(-499.1643062935868+271.4186935022086j)
10280,-0.42370220876779907,(170.71189419685828+2.767302319368625j)
10281,-0.42364614867137573,(-92.50660977546805+73.6825001703601j)
10282,-0.42359008857495234,(-67.37553285555356+47.956967880062265j)
10283,-0.423534028478529,(-67.65937385695264+248.3104434551898j)
10284,-0.4234779683821056,(-280.55554229489644-216.52134199781085j)
10285,-0.42342190828568227,(-209.13939183205466-247.81047519315237j)
10286,-0.4233658481892589,(-105.04035534053719+133.60442159704778j)
10287,-0.42330978809283554,(5.577949445461428-322.63547146130577j)
10288,-0.42325372799641214,(147.983456578559+58.3997673175504j)
10289,-0.4231976678999888,(-32.14749053252942+297.71620326464176j)
10290,-0.4231416078035654,(70.56515382017548-564.3123785225678j)
10291,-0.4230855477071421,(-98.35940981405673-34.45100462916127j)
10292,-0.4230294876107187,(53.17341757303758+116.66632929012465j)
10293,-0.42297342751429534,(-30.508293385399867-342.5977795641653j)
10294,-0.42291736741787195,(21.67978861617122+9.962673893650896j)
10295,-0.4228613073214486,(-207.2608777166593-281.7516582761445j)
10296,-0.4228052472250252,(-83.98618243830896+199.06449305274026j)
10297,-0.4227491871286019,(-355.6124369879041-125.06182792389029j)
10298,-0.4226931270321785,(-45.014609736796814-35.706482297029105j)
10299,-0.42263706693575515,(9.219480057869234-182.01287974336088j)
10300,-0.42258100683933175,(25.243200280769074+72.18514206071151j)
10301,-0.4225249467429084,(78.9739530090638+372.82309081661907j)
10302,-0.422468886646485,(156.18763432435324-69.23109592123032j)
10303,-0.4224128265500617,(131.30042632251934-175.06013634765532j)
10304,-0.4223567664536383,(253.62426583061566-98.63170792642562j)
10305,-0.42230070635721495,(349.02031612049575+232.48138512631425j)
10306,-0.42224464626079156,(-3.3733582700819653-92.43420791828774j)
10307,-0.4221885861643682,(20.00745575219363-87.02904627521909j)
10308,-0.4221325260679448,(-73.05607427347206-212.2368035810082j)
10309,-0.4220764659715215,(332.6002268509609+100.86799047614886j)
10310,-0.4220204058750981,(176.75685270625607-220.84858852448247j)
10311,-0.42196434577867475,(-50.55342037421617-64.67476264603413j)
10312,-0.42190828568225136,(-30.78863844361751-76.90327177841831j)
10313,-0.421852225585828,(132.89512288865336+214.61237478276055j)
10314,-0.42179616548940463,(325.8364635610423+345.9056757531091j)
10315,-0.4217401053929813,(-205.55622045838075+206.55506953184553j)
10316,-0.4216840452965579,(-82.79806127556128+14.99933270311702j)
10317,-0.42162798520013456,(-104.16533699029733-110.0189846507836j)
10318,-0.42157192510371116,(-31.386690447983767+237.30672962400638j)
10319,-0.4215158650072878,(133.01736599493594+187.91968590698565j)
10320,-0.42145980491086443,(101.88473385888844-135.40399086778805j)
10321,-0.4214037448144411,(68.56920163387545-128.8024563009668j)
10322,-0.4213476847180177,(236.0851062763819+84.5522588085159j)
10323,-0.42129162462159436,(10.767372739896008-213.07632283742393j)
10324,-0.42123556452517097,(14.104376779100875-283.66322739262904j)
10325,-0.42117950442874763,(-286.92399528757267-335.77611900730983j)
10326,-0.42112344433232424,(346.0826397980128+50.36487542382464j)
10327,-0.4210673842359009,(182.75886325988523-282.366093801745j)
10328,-0.4210113241394775,(-258.05504386686005-182.78425765346583j)
10329,-0.42095526404305417,(189.60696782736414-298.3099385521235j)
10330,-0.4208992039466308,(198.92969717501109+85.75413750795184j)
10331,-0.42084314385020744,(-229.76024571590852-166.787554071642j)
10332,-0.42078708375378404,(143.90948061498472+268.57927882842j)
10333,-0.4207310236573607,(278.6072404051606-37.64907170007385j)
10334,-0.4206749635609373,(167.51536441123523-229.7573005979291j)
10335,-0.42061890346451397,(-240.0914033779369+145.75102272266693j)
10336,-0.4205628433680906,(-440.6848367257137-148.00490752710908j)
10337,-0.42050678327166724,(42.96237947938066-178.31016933270524j)
10338,-0.42045072317524385,(-251.96136877355656+114.12190760243129j)
10339,-0.4203946630788205,(200.79117135708015-175.65176370774714j)
10340,-0.4203386029823971,(11.7398223743686+96.02426253388082j)
10341,-0.4202825428859738,(-15.72788415297451+267.6190458893418j)
10342,-0.4202264827895504,(-40.43453533510121-2.628259915050975j)
10343,-0.42017042269312704,(-520.3218742584087+53.31588785552597j)
10344,-0.42011436259670365,(-18.218959153253245+178.718969158581j)
10345,-0.4200583025002803,(57.704526170611665+120.04925238428399j)
10346,-0.4200022424038569,(2.3017606039794742+192.20167113584444j)
10347,-0.4199461823074336,(-233.86814736994424+245.13093081218256j)
10348,-0.4198901222110102,(124.17565002490439-62.88981092780729j)
10349,-0.41983406211458685,(181.58052585066247+136.67094510607683j)
10350,-0.41977800201816345,(-9.887602438001288-99.73997988472007j)
10351,-0.4197219419217401,(499.56734113369833-63.53440335304251j)
10352,-0.4196658818253167,(334.73388981649515-95.26042227469915j)
10353,-0.4196098217288934,(31.348032460365673+228.52126291793212j)
10354,-0.41955376163247,(-351.0013254931179-156.43057014694853j)
10355,-0.41949770153604665,(132.1232550271163+88.37270271019669j)
10356,-0.41944164143962326,(325.7682525617799-318.7098681416161j)
10357,-0.4193855813431999,(39.89822671906669-136.19486061759775j)
10358,-0.4193295212467765,(-115.08049344682257+657.6612075074222j)
10359,-0.4192734611503532,(-34.11615723361672-130.62047663388705j)
10360,-0.4192174010539298,(-149.05514934618404-184.68492383834356j)
10361,-0.41916134095750646,(344.25021453684747-74.03410010787812j)
10362,-0.41910528086108306,(40.422848641114285+267.60768559861606j)
10363,-0.4190492207646597,(193.54427760330384+633.641736420285j)
10364,-0.41899316066823633,(-154.79349301354978+50.94051805913139j)
10365,-0.418937100571813,(120.60516252331685-141.32585644912314j)
10366,-0.4188810404753896,(93.17698151736532+28.910815402490922j)
10367,-0.41882498037896626,(-37.274253150260805-164.78810087595082j)
10368,-0.41876892028254287,(-68.14056745003904-193.64529099837478j)
10369,-0.41871286018611953,(-163.46608461496922+60.93963210392077j)
10370,-0.41865680008969614,(8.322629419211815+119.13657905659267j)
10371,-0.4186007399932728,(-251.83178410822515-103.18556778332169j)
10372,-0.4185446798968494,(-21.69121099105785-26.503173502680454j)
10373,-0.41848861980042606,(-68.08866251341932-6.461930042653458j)
10374,-0.41843255970400267,(67.57610996953724+233.37815244992132j)
10375,-0.41837649960757933,(103.24064838202324+6.979121166211357j)
10376,-0.41832043951115594,(327.89643113536675+7.588471257535622j)
10377,-0.4182643794147326,(51.44242419092009-21.174806061263766j)
10378,-0.4182083193183092,(-233.96458644314015-238.498560237986j)
10379,-0.41815225922188587,(115.68626729969853-66.75712656061637j)
10380,-0.4180961991254625,(298.28511271717815-143.41692739349935j)
10381,-0.41804013902903914,(-141.23666915077558+4.544245505128131j)
10382,-0.41798407893261574,(270.44941349107904-287.84439701943387j)
10383,-0.4179280188361924,(310.081804089622-131.81895950928396j)
10384,-0.417871958739769,(-154.09024711592247-189.1653315540175j)
10385,-0.4178158986433457,(-212.38339067051433-129.5641217741223j)
10386,-0.4177598385469223,(-180.1873026153734+307.4759133319575j)
10387,-0.41770377845049894,(154.47698506200783-62.47405318434319j)
10388,-0.41764771835407555,(-359.1919177517468+183.8555300350046j)
10389,-0.4175916582576522,(127.45710075054025+153.05680258703902j)
10390,-0.4175355981612288,(-46.79739407717511+218.50005171323602j)
10391,-0.4174795380648055,(-78.99491222717059+43.008313519909535j)
10392,-0.4174234779683821,(-20.77247363068068-266.3260242567605j)
10393,-0.41736741787195875,(-181.96257183733084-123.70806395904104j)
10394,-0.41731135777553535,(-160.5494314712514+376.05357444218515j)
10395,-0.417255297679112,(-304.99408319122347+34.23951955297353j)
10396,-0.4171992375826886,(-45.641457680902505-202.28176946253717j)
10397,-0.4171431774862653,(-6.080865116220181-112.34052480377946j)
10398,-0.4170871173898419,(-51.97948389798245+63.672817480894146j)
10399,-0.41703105729341855,(-111.03100952615284-491.9703307851225j)
10400,-0.41697499719699516,(59.92990944773111+204.14161299457953j)
10401,-0.4169189371005718,(94.7192580497417+469.31167614700956j)
10402,-0.4168628770041484,(-109.82290107090657-176.8798376948539j)
10403,-0.4168068169077251,(-122.89551508358716+77.21128313770679j)
10404,-0.4167507568113017,(25.226547619338746-77.3022078089489j)
10405,-0.41669469671487835,(-1.586359784857958-38.93654684816119j)
10406,-0.41663863661845496,(40.582150310235875+26.82725363482013j)
10407,-0.4165825765220316,(-12.534142876635343+76.01550612783802j)
10408,-0.41652651642560823,(293.12053454252276-211.95991730266826j)
10409,-0.4164704563291849,(-513.9629233837428-228.12290280964606j)
10410,-0.4164143962327615,(155.38903655482153+92.44107196492165j)
10411,-0.41635833613633816,(165.62362185571175+87.30020836849911j)
10412,-0.41630227603991476,(-520.2739249136965-21.564065187466937j)
10413,-0.4162462159434914,(3.7816693167736286+41.75487496372894j)
10414,-0.4161901558470681,(205.19090775478213-371.5831856075827j)
10415,-0.4161340957506447,(229.1653945032461+344.44661245309084j)
10416,-0.41607803565422136,(92.9931330590851+567.1734911992795j)
10417,-0.41602197555779796,(83.67526378358727-111.87560934616228j)
10418,-0.4159659154613746,(532.676192976195-330.29316451691943j)
10419,-0.41590985536495123,(-219.7637481147301-44.726304824379085j)
10420,-0.4158537952685279,(211.58731374630935-312.5636546765936j)
10421,-0.4157977351721045,(-285.4501046147317-41.68078975777351j)
10422,-0.41574167507568116,(15.504310651634626-234.1043839025271j)
10423,-0.41568561497925777,(-196.62389523657828+76.60350322778677j)
10424,-0.41562955488283443,(244.22322043481017-48.878007078652885j)
10425,-0.41557349478641104,(422.5498011747301+346.2520647340818j)
10426,-0.4155174346899877,(-351.4416663447588-234.7583783437159j)
10427,-0.4154613745935643,(331.64922740565305-85.93362071695495j)
10428,-0.41540531449714097,(145.71637457810175+158.8489220230934j)
10429,-0.41534925440071757,(310.96235005577364+163.52650986543463j)
10430,-0.41529319430429423,(-75.51693430449183+361.5701169384732j)
10431,-0.41523713420787084,(-42.569904367156525+16.62496129320487j)
10432,-0.4151810741114475,(319.9314868682754+62.720847841458465j)
10433,-0.4151250140150241,(126.58097191793112+143.1305203341606j)
10434,-0.41506895391860077,(222.4145779818457-138.71152304194257j)
10435,-0.4150128938221774,(-252.64037680783798-390.78000078178445j)
10436,-0.41495683372575404,(49.510676684061366+88.00362172728133j)
10437,-0.41490077362933064,(-254.55489612323709+14.374607921855599j)
10438,-0.4148447135329073,(104.42127018369908+226.91709707733156j)
10439,-0.4147886534364839,(-171.1915955960244+2.9257603276959845j)
10440,-0.4147325933400606,(164.3919792234456-124.55385290516782j)
10441,-0.4146765332436372,(59.73291237222706+61.7559800599668j)
10442,-0.41462047314721384,(-245.08336345159222-549.3618262625444j)
10443,-0.41456441305079045,(-21.229325826403354+117.472638453879j)
10444,-0.4145083529543671,(141.61050834745032-180.22744001769126j)
10445,-0.4144522928579437,(170.88934955318734-146.0283655328129j)
10446,-0.4143962327615204,(0.18363670726503756+324.83315377199364j)
10447,-0.414340172665097,(78.74793807764291+66.08024366637241j)
10448,-0.41428411256867365,(281.0916751907778+205.72018742178255j)
10449,-0.41422805247225025,(-111.56282991489323-211.34113577023425j)
10450,-0.4141719923758269,(-201.00572312906706+97.00383609729369j)
10451,-0.4141159322794035,(360.29867199831347+0.14200454829996545j)
10452,-0.4140598721829802,(-323.55999692727175-186.78065375147696j)
10453,-0.4140038120865568,(-240.51104961686812-361.2807324772074j)
10454,-0.41394775199013345,(95.86514123865045-38.77606387165012j)
10455,-0.41389169189371006,(119.65000558378577-44.08993946552211j)
10456,-0.4138356317972867,(142.97893187020088+456.89389349577203j)
10457,-0.4137795717008633,(46.24505220876484-112.25656069591125j)
10458,-0.41372351160444,(-259.5637379866984-225.95569856985185j)
10459,-0.4136674515080166,(-62.158342971287745-215.82279563976897j)
10460,-0.41361139141159325,(-6.287858415172671+106.06491794423711j)
10461,-0.41355533131516986,(-263.48733053633987-229.41811981479438j)
10462,-0.4134992712187465,(-171.9981466067191+76.62856835873934j)
10463,-0.41344321112232313,(-35.90088920603476-141.16589594721066j)
10464,-0.4133871510258998,(64.26320650212567-257.62635454592044j)
10465,-0.4133310909294764,(-4.817191869671627+296.29939217041976j)
10466,-0.41327503083305306,(-300.2157977339423+209.17014055695182j)
10467,-0.41321897073662966,(204.68310643205137-68.66068678430553j)
10468,-0.4131629106402063,(84.41312729758587+109.13673319452526j)
10469,-0.41310685054378293,(164.05996666338785+524.841996885501j)
10470,-0.4130507904473596,(174.33473625698755+84.25411549316759j)
10471,-0.4129947303509362,(-16.583456042114797+233.31616749009214j)
10472,-0.41293867025451286,(369.7783530284957-109.46354994308811j)
10473,-0.41288261015808947,(356.8190881284955+96.59087793336978j)
10474,-0.41282655006166613,(-123.30235611295707+153.87409959111577j)
10475,-0.41277048996524274,(-30.63532358351364-392.88835410922707j)
10476,-0.4127144298688194,(-83.69515989878953-432.46566956973516j)
10477,-0.412658369772396,(133.77313072210245-255.37624686573636j)
10478,-0.41260230967597267,(235.61168482357934-498.04825842255553j)
10479,-0.4125462495795493,(-124.29767391791766+428.6096784593628j)
10480,-0.41249018948312594,(-105.11420723723546+59.06270244886882j)
10481,-0.41243412938670254,(-65.2584507468481+256.5544257013004j)
10482,-0.4123780692902792,(344.6302146542092+278.55275211197454j)
10483,-0.4123220091938558,(120.31008092679605-199.88829469667533j)
10484,-0.41226594909743247,(184.80623506431544-125.6038047816069j)
10485,-0.4122098890010091,(-89.84136187295056-235.69201338339488j)
10486,-0.41215382890458574,(-220.99173740189104-17.693966054548014j)
10487,-0.41209776880816235,(143.718724197471+79.44697186905242j)
10488,-0.412041708711739,(-3.7305708086514864-95.6810831240451j)
10489,-0.4119856486153156,(296.1301619823839-21.404762024486573j)
10490,-0.4119295885188923,(225.65423779878418+211.4529135324226j)
10491,-0.4118735284224689,(166.0605991430144-345.7242202889582j)
10492,-0.41181746832604554,(-261.2571743234607-193.36898296594046j)
10493,-0.41176140822962215,(-69.94282280500101+59.21598117874191j)
10494,-0.4117053481331988,(237.61693734260012-407.0664610023672j)
10495,-0.4116492880367754,(-348.6336597965162-336.0255036012033j)
10496,-0.4115932279403521,(-45.10857703922518-402.7697941522993j)
10497,-0.4115371678439287,(-61.39584152337557-202.100222835181j)
10498,-0.41148110774750535,(560.777016834918-232.21377155967255j)
10499,-0.41142504765108195,(140.714336356322-165.7909717972547j)
10500,-0.4113689875546586,(175.58456713660297+201.42045821462605j)
10501,-0.4113129274582352,(-15.885024138827085+17.240717630175123j)
10502,-0.4112568673618119,(138.99803835809598-158.45452441336553j)
10503,-0.4112008072653885,(292.3869314736475+6.326377977755726j)
10504,-0.41114474716896515,(-75.98201700400227-266.01234643724536j)
10505,-0.41108868707254176,(-119.28052603349825+200.5881890919818j)
10506,-0.4110326269761184,(199.7131445332445+305.44201481116966j)
10507,-0.410976566879695,(493.37644059385616-469.0716986662837j)
10508,-0.4109205067832717,(-161.51894724009964-503.60267165503177j)
10509,-0.4108644466868483,(-551.9918611333094+627.4625862953358j)
10510,-0.41080838659042496,(72.83634781978279-217.3106022158471j)
10511,-0.41075232649400156,(227.82467974968554-64.19154220000249j)
10512,-0.4106962663975782,(-37.707330144738954-110.75776255227679j)
10513,-0.41064020630115483,(-256.5491211397278+23.435413857311787j)
10514,-0.4105841462047315,(-110.01286796105065-308.02501213503285j)
10515,-0.4105280861083081,(-23.857576561758073-102.69724435612287j)
10516,-0.41047202601188476,(116.46614760686653-389.31855587214636j)
10517,-0.41041596591546137,(15.18296393571704-47.46197547092166j)
10518,-0.41035990581903803,(-292.7071016083732+386.0287817268746j)
10519,-0.41030384572261464,(505.23490448227847-43.21139322232187j)
10520,-0.4102477856261913,(-186.73256348050535-287.6023825968821j)
10521,-0.4101917255297679,(-317.86118983808643+114.61523007455713j)
10522,-0.41013566543334457,(-5.950557951772382+338.0327789777501j)
10523,-0.41007960533692117,(139.91742551414626+188.2112302489248j)
10524,-0.41002354524049783,(-6.952482699433276+377.35424138032585j)
10525,-0.40996748514407444,(307.0228506729092-142.20702466253684j)
10526,-0.4099114250476511,(123.33232303391704-308.00221082408507j)
10527,-0.4098553649512277,(256.7975396452718-113.21870005745077j)
10528,-0.40979930485480437,(137.32746763470806-282.2542191219382j)
10529,-0.409743244758381,(43.472210143268036-52.09241837467995j)
10530,-0.40968718466195764,(-78.31320723805054+786.5313919333793j)
10531,-0.40963112456553424,(174.21109633715415-33.607703656128514j)
10532,-0.4095750644691109,(634.3890577669715+412.7140377650598j)
10533,-0.4095190043726875,(-7.308879341354995+687.8578069281255j)
10534,-0.4094629442762642,(278.0290406579827+185.21955791723298j)
10535,-0.4094068841798408,(160.40303945619542+344.6264778951678j)
10536,-0.40935082408341744,(-452.7936780479896-190.93956634680808j)
10537,-0.40929476398699405,(28.650194109957297-175.62653638840072j)
10538,-0.4092387038905707,(-3.8351481834240033+254.05164285849153j)
10539,-0.4091826437941473,(-163.84321243919004+134.87593779039997j)
10540,-0.409126583697724,(207.33623934586882+475.74397860005445j)
10541,-0.4090705236013006,(43.06988099645615-445.9026553973174j)
10542,-0.40901446350487725,(-180.62095138760276-31.676965221568295j)
10543,-0.40895840340845385,(104.08737938413387-365.8399474359411j)
10544,-0.4089023433120305,(539.3720972272778-345.14523855990745j)
10545,-0.4088462832156071,(100.50025740845886-114.10974600578112j)
10546,-0.4087902231191838,(306.97956594931765+111.01727445668031j)
10547,-0.4087341630227604,(108.73670180274746-113.5665500861826j)
10548,-0.40867810292633705,(-17.598175768122633-1.441808509812482j)
10549,-0.40862204282991366,(-425.5443245579096-227.5765236230135j)
10550,-0.4085659827334903,(-169.61678090830904+142.7120509195186j)
10551,-0.4085099226370669,(405.5962301992298+158.96513397830154j)
10552,-0.4084538625406436,(481.0391724641837-74.2142434916539j)
10553,-0.4083978024442202,(102.13372375740856-128.78537285559767j)
10554,-0.40834174234779685,(-378.41972081363645-48.33541134185809j)
10555,-0.40828568225137346,(-10.798230599413817+215.3199425335526j)
10556,-0.4082296221549501,(-9.99405806749427+31.625596396202923j)
10557,-0.40817356205852673,(-28.459229275257428-159.59716101672598j)
10558,-0.4081175019621034,(-67.99343644433732-82.32784784190434j)
10559,-0.40806144186568,(294.101671747069-266.4225338548773j)
10560,-0.40800538176925666,(83.43229763962219+152.23935317315934j)
10561,-0.40794932167283326,(331.7935454442451+122.0248582149257j)
10562,-0.4078932615764099,(-220.36775762528788-76.84580339286424j)
10563,-0.40783720147998653,(99.92484555186346-271.29298815215805j)
10564,-0.4077811413835632,(169.24858565378105-41.126838635463656j)
10565,-0.4077250812871398,(-219.72779347938538+169.89785870066157j)
10566,-0.40766902119071646,(146.37860728380244-91.86399824521843j)
10567,-0.40761296109429307,(29.55210235491043+243.3284971596002j)
10568,-0.40755690099786973,(372.6537402810985+39.28438474203002j)
10569,-0.40750084090144634,(278.59862769280085-202.21732680396195j)
10570,-0.407444780805023,(57.31634287764098-294.7316858946905j)
10571,-0.4073887207085996,(39.19946523460824+24.840225695904063j)
10572,-0.40733266061217627,(276.0826203397744+166.62899048004016j)
10573,-0.4072766005157529,(-212.66061738773317+420.11704029356144j)
10574,-0.40722054041932954,(204.47567346543644-313.5878801091445j)
10575,-0.40716448032290614,(-445.4344101198791+413.0678014306256j)
10576,-0.4071084202264828,(147.6601567594205-367.82094360655344j)
10577,-0.4070523601300594,(131.42103557346647-13.597738844173787j)
10578,-0.40699630003363607,(-290.75242969875353+66.47657880998139j)
10579,-0.4069402399372127,(-125.56838604091901-61.75935582838974j)
10580,-0.40688417984078934,(610.253145696193+232.31129140457332j)
10581,-0.40682811974436595,(235.5148738009019+68.05285266327559j)
10582,-0.4067720596479426,(137.47986638644227+121.9380933191393j)
10583,-0.4067159995515192,(56.05241971662669+236.5475821960128j)
10584,-0.4066599394550959,(14.865644248389884-72.48441380529654j)
10585,-0.4066038793586725,(-225.89772341051108-399.3846942939092j)
10586,-0.40654781926224914,(306.718109016019+119.69719431948272j)
10587,-0.40649175916582575,(-514.5515421923461-354.88212026875243j)
10588,-0.4064356990694024,(8.902048443317845+56.867146617494065j)
10589,-0.406379638972979,(-43.95247630840451-65.65184478042434j)
10590,-0.4063235788765557,(-50.74859550745824-103.28887065789641j)
10591,-0.4062675187801323,(604.7600198637226-38.172811898232794j)
10592,-0.40621145868370895,(426.3375218418465+70.77970257649477j)
10593,-0.40615539858728555,(289.1165559684199-135.98965253327555j)
10594,-0.4060993384908622,(-275.19085447103686+94.1259122950149j)
10595,-0.4060432783944388,(-1.0166720134780485+24.204987940836894j)
10596,-0.4059872182980155,(251.3205285840382-164.8452415936451j)
10597,-0.4059311582015921,(61.37148958377375-499.69572409311525j)
10598,-0.40587509810516875,(-177.41797487856235-15.27863815916864j)
10599,-0.40581903800874536,(-160.03824041457761-342.9916828435386j)
10600,-0.405762977912322,(357.92181868442947+275.05084586230885j)
10601,-0.4057069178158986,(423.5896187852055-72.8106983429066j)
10602,-0.4056508577194753,(72.1965935065405-147.07705039700144j)
10603,-0.4055947976230519,(-383.7874356573999+388.49312373647865j)
10604,-0.40553873752662856,(210.8348083131264-91.51580927736461j)
10605,-0.40548267743020516,(-193.57580552251824+652.6521633752586j)
10606,-0.4054266173337818,(-384.7503885416683+150.39378018292481j)
10607,-0.40537055723735843,(379.1569250969485+77.0780617217068j)
10608,-0.4053144971409351,(59.50840359901535+348.95013708748337j)
10609,-0.4052584370445117,(509.86759131112166+67.80168936766123j)
10610,-0.40520237694808836,(141.17760165579648-12.885851119753383j)
10611,-0.40514631685166497,(180.4552179615092-211.22204136263218j)
10612,-0.40509025675524163,(32.918492373987874-262.9293933324536j)
10613,-0.40503419665881824,(352.58697896764113+58.87069287173708j)
10614,-0.4049781365623949,(-97.42150957764636+174.43979167773819j)
10615,-0.4049220764659715,(101.16876930244624+284.0085915931875j)
10616,-0.40486601636954817,(-286.72546072155086+889.1069397004155j)
10617,-0.40480995627312477,(31.68309123225757+143.56773578961742j)
10618,-0.40475389617670143,(126.47074531455186-111.34440835432186j)
10619,-0.40469783608027804,(29.529162674450443-163.32000119592507j)
10620,-0.4046417759838547,(316.5215966729238-36.73951482541875j)
10621,-0.4045857158874313,(-354.2718904772103-134.35097778956768j)
10622,-0.40452965579100797,(-63.460570253498844-329.09054779917074j)
10623,-0.4044735956945846,(33.24695010744537+18.695640228011598j)
10624,-0.40441753559816124,(-109.44289312144535-85.19447115933261j)
10625,-0.40436147550173784,(627.2567551693006+455.554874708497j)
10626,-0.4043054154053145,(-122.94197583195634+37.78047855677396j)
10627,-0.4042493553088911,(-344.2254620537971-70.41063893798952j)
10628,-0.4041932952124678,(572.2972785306366+248.6397039366906j)
10629,-0.4041372351160444,(-64.00035398438543+203.5909721136015j)
10630,-0.40408117501962104,(-567.5590717322771+51.84024787178839j)
10631,-0.40402511492319765,(-165.1445339398894+508.03044366925934j)
10632,-0.4039690548267743,(-149.78250692498136-498.22464019372757j)
10633,-0.4039129947303509,(20.34401837771256-501.3118721933765j)
10634,-0.4038569346339276,(393.5382687253849-133.7280320478249j)
10635,-0.4038008745375042,(22.117263861124705-207.79746915822332j)
10636,-0.40374481444108085,(196.71907961882377+304.02284800856273j)
10637,-0.40368875434465745,(256.89933660753235+178.71188854798467j)
10638,-0.4036326942482341,(-19.54603665373871-78.1027601781826j)
10639,-0.4035766341518107,(-166.76782838846356-241.03947748387287j)
10640,-0.4035205740553874,(-171.4171161964589+185.37086867252552j)
10641,-0.403464513958964,(22.72071963253582+11.314017157421958j)
10642,-0.40340845386254065,(525.9533170622917-254.23452228992176j)
10643,-0.40335239376611726,(-276.7806437009109+107.24296833072479j)
10644,-0.4032963336696939,(607.8442527173498-217.12645144076708j)
10645,-0.4032402735732705,(305.2900558564906-174.02363343039008j)
10646,-0.4031842134768472,(-11.19499739974084+5.810159306152295j)
10647,-0.4031281533804238,(-279.55476910481093+101.95685932976436j)
10648,-0.40307209328400045,(271.5536405890566-482.1767465302734j)
10649,-0.40301603318757706,(110.07484986008839-11.449785625846012j)
10650,-0.4029599730911537,(75.40923001487344-30.575492918446454j)
10651,-0.40290391299473033,(87.653418444044-221.3356957695724j)
10652,-0.402847852898307,(-232.61301673129196-115.37797255646771j)
10653,-0.4027917928018836,(172.22968053028882+20.251201730176938j)
10654,-0.40273573270546026,(-54.865304528847346+286.18045374883036j)
10655,-0.40267967260903686,(-71.18933599521581+64.26573316950761j)
10656,-0.4026236125126135,(-475.58673794540397+273.0477182169646j)
10657,-0.40256755241619013,(-89.6668036807534-220.46094235815661j)
10658,-0.4025114923197668,(476.91167856390473+58.24136567202999j)
10659,-0.4024554322233434,(-262.80666381962607+35.115997211045084j)
10660,-0.40239937212692006,(142.6717090039109+5.7453807944035304j)
10661,-0.40234331203049667,(367.83912366890246-97.38418667209007j)
10662,-0.40228725193407333,(-100.27542233113368+55.019945442245415j)
10663,-0.40223119183764994,(199.10999121847897+123.67217116476266j)
10664,-0.4021751317412266,(-105.3099650704174+302.7340635809826j)
10665,-0.4021190716448032,(-325.99315964600237+523.4093161604173j)
10666,-0.40206301154837987,(-142.11194267190658-255.36106074606394j)
10667,-0.4020069514519565,(78.52928999691545-326.79420352596634j)
10668,-0.40195089135553314,(-158.30929764222373+130.34054159244332j)
10669,-0.40189483125910974,(-294.7133853423877-211.08557388714513j)
10670,-0.4018387711626864,(1.5079148787910137+16.36464847321364j)
10671,-0.40178271106626307,(169.22813661991023-212.8320950898028j)
10672,-0.40172665096983967,(231.2720343350889+82.34898857624508j)
10673,-0.40167059087341633,(440.4773419391338-269.9753869623517j)
10674,-0.40161453077699294,(-214.9740588055139+336.1202710759884j)
10675,-0.4015584706805696,(9.613681391884157-219.70244203707955j)
10676,-0.4015024105841462,(301.90388927796243-193.48531658176796j)
10677,-0.40144635048772287,(252.96016660171466+629.6817085279158j)
10678,-0.4013902903912995,(-34.65566870116045+314.5845513046745j)
10679,-0.40133423029487614,(202.18176164239307-369.7104639338059j)
10680,-0.40127817019845274,(-657.0615966900575+110.45491238948077j)
10681,-0.4012221101020294,(-70.16734546781117-484.11410289526464j)
10682,-0.401166050005606,(348.9119701605963-12.886332384997047j)
10683,-0.4011099899091827,(-47.592800301125656+220.16336539302648j)
10684,-0.4010539298127593,(418.2485997127523+4.11505643730203j)
10685,-0.40099786971633594,(-130.00521520144594+269.9439677034088j)
10686,-0.40094180961991255,(-214.12481941660042+355.2714306472163j)
10687,-0.4008857495234892,(402.1788834000944-169.40468551723217j)
10688,-0.4008296894270658,(57.875657585412256-367.5825484234561j)
10689,-0.4007736293306425,(-175.06221388844745-172.39287098980728j)
10690,-0.4007175692342191,(-307.26203429233544-125.44902657015336j)
10691,-0.40066150913779575,(55.35979190828114-234.5658931359941j)
10692,-0.40060544904137235,(-277.16074718043205+276.09491920778436j)
10693,-0.400549388944949,(210.42001888960465-36.50250963753526j)
10694,-0.4004933288485256,(-85.41551389568785-49.377128478312244j)
10695,-0.4004372687521023,(114.23104843394557+144.20194712175194j)
10696,-0.4003812086556789,(-35.408136396951065-273.98662525902284j)
10697,-0.40032514855925555,(345.2831292354657-42.67161892361921j)
10698,-0.40026908846283216,(87.30832481937223+54.34101980108862j)
10699,-0.4002130283664088,(195.38732714254877-27.189503085766162j)
10700,-0.4001569682699854,(-221.49953065015666+132.1358845748272j)
10701,-0.4001009081735621,(134.66423506312458+277.0885623066169j)
10702,-0.4000448480771387,(-1.0282861130478125-354.22453713857163j)
10703,-0.39998878798071535,(231.95442929543344-38.276049912078314j)
10704,-0.39993272788429196,(314.20857179514917+81.25108084509404j)
10705,-0.3998766677878686,(300.38353349025886-117.4996082195166j)
10706,-0.39982060769144523,(75.74668713712501+106.26157812832021j)
10707,-0.3997645475950219,(142.02876950391055-180.20824874630495j)
10708,-0.3997084874985985,(124.48880228643883-495.940715206077j)
10709,-0.39965242740217516,(244.395965692038-182.8055039187409j)
10710,-0.39959636730575177,(121.29668380403584-82.8794225643933j)
10711,-0.3995403072093284,(-87.03645755060893+144.93510493774684j)
10712,-0.39948424711290503,(121.68974833469841+130.17033730228533j)
10713,-0.3994281870164817,(520.8222548894582+92.43728795307311j)
10714,-0.3993721269200583,(-224.26022764375972-358.85307119900096j)
10715,-0.39931606682363496,(70.34468221466373-142.6236428122131j)
10716,-0.39926000672721157,(601.4990549762155+592.5977377195967j)
10717,-0.39920394663078823,(-111.79578807773055-259.9436767090826j)
10718,-0.39914788653436484,(222.2466804437876-147.43913599270212j)
10719,-0.3990918264379415,(-357.98022384357574-71.8161672370761j)
10720,-0.3990357663415181,(73.95194133616346+2.674898522386126j)
10721,-0.39897970624509477,(-34.09315082066932-283.2287399829948j)
10722,-0.3989236461486714,(115.02933049589885+405.21563326714175j)
10723,-0.39886758605224804,(353.5173349283329-27.88911244175923j)
10724,-0.39881152595582464,(126.90711464505281-249.54665957081377j)
10725,-0.3987554658594013,(197.36640288445344-119.25177224994152j)
10726,-0.3986994057629779,(-263.54034204722046-285.664842470299j)
10727,-0.39864334566655457,(-179.30342568816988+76.37814904423661j)
10728,-0.3985872855701312,(308.5248156587853+119.86992223681501j)
10729,-0.39853122547370784,(-69.54681041991483+59.85401227198791j)
10730,-0.39847516537728445,(87.5526636496059-336.82396534425203j)
10731,-0.3984191052808611,(-153.716594201176-223.40377560450176j)
10732,-0.3983630451844377,(156.90121149462882-217.27075253036597j)
10733,-0.3983069850880144,(369.2599108805704+504.0431916255365j)
10734,-0.398250924991591,(-71.61599436381634-286.22932718891434j)
10735,-0.39819486489516764,(295.9046523015434+194.6395490755328j)
10736,-0.39813880479874425,(-161.53675792250922+66.59218584798992j)
10737,-0.3980827447023209,(142.46892385661306-250.3967004624679j)
10738,-0.3980266846058975,(-148.62068280903236-273.5207823922415j)
10739,-0.3979706245094742,(166.51163968365591+116.58952436175161j)
10740,-0.3979145644130508,(218.9422982060291-331.42605620792256j)
10741,-0.39785850431662745,(55.17334254151576+155.66093400191994j)
10742,-0.39780244422020405,(-185.5124534559882-161.3676652487605j)
10743,-0.3977463841237807,(-80.03791085612932-164.83347604042834j)
10744,-0.3976903240273573,(-217.02848153774784+467.3777662512716j)
10745,-0.397634263930934,(-290.0813619111171+44.89324877458445j)
10746,-0.3975782038345106,(0.5862782988276365+387.279236631224j)
10747,-0.39752214373808725,(405.53423453612544+282.9022583923908j)
10748,-0.39746608364166386,(-302.08278240934976+89.48942713140022j)
10749,-0.3974100235452405,(68.26812060284558-124.88647098441032j)
10750,-0.3973539634488171,(121.15368904779234+46.60558678656845j)
10751,-0.3972979033523938,(324.5033548577772-240.12388461613915j)
10752,-0.3972418432559704,(535.0451638612428+79.77007444755961j)
10753,-0.39718578315954706,(17.659076773827707+246.65640481428517j)
10754,-0.39712972306312366,(-67.76938166263685+152.3999564570301j)
10755,-0.3970736629667003,(231.61158956329422+421.9191838285134j)
10756,-0.39701760287027693,(-129.83320157230565-45.61662520179023j)
10757,-0.3969615427738536,(50.78268550425605-198.62480101767673j)
10758,-0.3969054826774302,(183.9880977102107+170.40918235598676j)
10759,-0.39684942258100686,(391.7008335832894-469.54931476593333j)
10760,-0.39679336248458347,(-33.56590024856689+203.6517303397868j)
10761,-0.39673730238816013,(277.7580042328887-128.71628942189662j)
10762,-0.39668124229173674,(53.382105106115596+103.65458916600387j)
10763,-0.3966251821953134,(71.0532846843224+99.00138631949154j)
10764,-0.39656912209889,(284.3884240412886-250.85751006056688j)
10765,-0.39651306200246667,(387.519675743954+226.25727730273988j)
10766,-0.39645700190604327,(369.8663445012936-16.7050027298896j)
10767,-0.39640094180961993,(206.56503603858891+73.51239481428858j)
10768,-0.39634488171319654,(-23.789751697578737-408.169962100015j)
10769,-0.3962888216167732,(101.25771920340773-127.11034981596093j)
10770,-0.3962327615203498,(238.919555773065+462.5358063234887j)
10771,-0.39617670142392647,(54.239895889121016+129.2895072811374j)
10772,-0.3961206413275031,(-186.67665966070177+248.87994982980624j)
10773,-0.39606458123107974,(88.46381186308886+101.43051996733593j)
10774,-0.39600852113465634,(-90.13270351645797+39.40537749477137j)
10775,-0.395952461038233,(205.9208326465538-522.6971296113356j)
10776,-0.3958964009418096,(-240.13471409569135+340.70702595712265j)
10777,-0.3958403408453863,(-12.166062895274589-105.91969261163604j)
10778,-0.3957842807489629,(57.30458073165321+44.279737553456314j)
10779,-0.39572822065253954,(260.1294051691107+421.0246626768812j)
10780,-0.39567216055611615,(-45.58634892003354-154.5544984383422j)
10781,-0.3956161004596928,(22.355309202908103-201.60523103871307j)
10782,-0.3955600403632694,(66.10008614759612+307.6987823326242j)
10783,-0.3955039802668461,(-28.46768883116505+463.86363940888566j)
10784,-0.3954479201704227,(-14.445935797073359-48.80029198880152j)
10785,-0.39539186007399935,(-193.46049442595682+11.508424177559988j)
10786,-0.39533579997757595,(345.86485415275746-128.86343326216743j)
10787,-0.3952797398811526,(271.5547644422219-147.85416002139428j)
10788,-0.3952236797847292,(-186.1561315344509+88.44345471180878j)
10789,-0.3951676196883059,(202.21946346635974-29.897919701754702j)
10790,-0.3951115595918825,(291.14413653336635+289.8411878115375j)
10791,-0.39505549949545915,(-30.29536079971725-119.94423882677168j)
10792,-0.39499943939903576,(54.77097348091488-4.841535419570583j)
10793,-0.3949433793026124,(-560.8486949429948+543.2261840614335j)
10794,-0.394887319206189,(-519.9481271218974-199.18099680633281j)
10795,-0.3948312591097657,(-261.65068872439883-81.56155268608642j)
10796,-0.3947751990133423,(-241.9689590816166-118.96153191786208j)
10797,-0.39471913891691895,(-370.7254448730329+124.31550800298474j)
10798,-0.39466307882049556,(-128.08822391785372-62.48989988831539j)
10799,-0.3946070187240722,(377.202077521124+103.64219036441992j)
10800,-0.39455095862764883,(-73.38675618127148-57.646568635238246j)
10801,-0.3944948985312255,(238.3005747298347+53.815080533247375j)
10802,-0.3944388384348021,(-173.85730193789936-257.6410772921971j)
10803,-0.39438277833837876,(2.8981243386588673-463.44473602347193j)
10804,-0.39432671824195537,(22.917534753389504+13.738932626266088j)
10805,-0.394270658145532,(-214.03003443078643+297.4867582599853j)
10806,-0.39421459804910863,(-123.68337053160911-88.77136569335647j)
10807,-0.3941585379526853,(103.20503190240956-58.290276686680045j)
10808,-0.3941024778562619,(61.48272144676575+94.5780266872602j)
10809,-0.39404641775983856,(171.44440430527663-94.8613043493297j)
10810,-0.39399035766341517,(204.99877678548245-39.63153691190968j)
10811,-0.39393429756699183,(158.82823668696307+575.4088303381476j)
10812,-0.39387823747056844,(128.2901257952645+103.0312088039737j)
10813,-0.3938221773741451,(121.19574661497293-147.25833282366787j)
10814,-0.3937661172777217,(-28.080689368448304-365.2185915784048j)
10815,-0.39371005718129837,(21.296006994413943+42.795597204300556j)
10816,-0.393653997084875,(14.631371755153305+41.2334380826472j)
10817,-0.39359793698845164,(186.5805662058375+477.02962797192896j)
10818,-0.39354187689202824,(163.79800117406154-21.613435870254236j)
10819,-0.3934858167956049,(178.27454401149302+585.8692267502092j)
10820,-0.3934297566991815,(306.143412655824-3.952668548680535j)
10821,-0.39337369660275817,(-128.03979356754138-430.577684227114j)
10822,-0.3933176365063348,(48.968297315625776-310.8545590581462j)
10823,-0.39326157640991144,(-293.5138798260069-268.13196453956186j)
10824,-0.39320551631348805,(-92.20412571038403-382.5955748665025j)
10825,-0.3931494562170647,(-240.6013928881096+62.73942949095224j)
10826,-0.3930933961206413,(124.25003140720197+16.643479113688795j)
10827,-0.393037336024218,(310.9289093684183+144.03015902127257j)
10828,-0.3929812759277946,(-431.2139353498558+235.76423491760187j)
10829,-0.39292521583137124,(73.4328210888718+206.07798707761194j)
10830,-0.39286915573494785,(394.4916084109346-225.57749688582402j)
10831,-0.3928130956385245,(58.599604126351274-105.50824444832685j)
10832,-0.3927570355421011,(-363.3987741211145+232.8142774225012j)
10833,-0.3927009754456778,(296.7727756094745+137.5238367123961j)
10834,-0.3926449153492544,(-406.76650398831225+371.1663492345615j)
10835,-0.39258885525283105,(-318.16096745966865-171.29154220299316j)
10836,-0.39253279515640765,(-33.26164818016909+229.3855496034432j)
10837,-0.3924767350599843,(54.509977388957054-318.50370355283246j)
10838,-0.3924206749635609,(-56.67621759218582-388.6201583335704j)
10839,-0.3923646148671376,(212.57762070332714+437.0804463037236j)
10840,-0.3923085547707142,(291.21294083410004+149.36328001885596j)
10841,-0.39225249467429085,(279.3942954379071+345.11193129369036j)
10842,-0.39219643457786746,(-155.39426368573712-320.3433545177379j)
10843,-0.3921403744814441,(289.85346302691744+11.620067366909694j)
10844,-0.3920843143850207,(-103.61442037263976-19.418549452956462j)
10845,-0.3920282542885974,(408.9666237874629-12.422163380035812j)
10846,-0.391972194192174,(-114.14420996549543-722.1169599791392j)
10847,-0.39191613409575066,(191.6010039448562-220.07558543941997j)
10848,-0.39186007399932726,(118.52847122535755+493.01341078391374j)
10849,-0.3918040139029039,(166.63137473014447+183.570407500386j)
10850,-0.39174795380648053,(18.14151903682069-214.97299795689224j)
10851,-0.3916918937100572,(-268.7541006497096-181.18771125074795j)
10852,-0.3916358336136338,(98.40960720073197-129.99913419310886j)
10853,-0.39157977351721046,(100.72745668581148-244.4875363846557j)
10854,-0.39152371342078707,(-38.14680803587522-195.3267465440454j)
10855,-0.39146765332436373,(-266.50157326699616-227.18433169966087j)
10856,-0.39141159322794034,(466.6316949110295+120.00917958292011j)
10857,-0.391355533131517,(-396.66916139006383+280.92392248946845j)
10858,-0.3912994730350936,(327.75354889259125-316.02809477793903j)
10859,-0.39124341293867027,(-413.62010347920074-17.44751267978993j)
10860,-0.39118735284224687,(-86.41213748015991+274.0185680133089j)
10861,-0.39113129274582353,(-49.348791935876434+412.490496546695j)
10862,-0.39107523264940014,(273.078505619944-134.9833276817797j)
10863,-0.3910191725529768,(507.086641956928-367.30880568988925j)
10864,-0.3909631124565534,(213.82368182481363-41.13138451551802j)
10865,-0.39090705236013007,(82.70052900895172-8.244332757263045j)
10866,-0.3908509922637067,(155.11331375492026+389.22372214666024j)
10867,-0.39079493216728334,(-71.76201204534657-87.17666318724456j)
10868,-0.39073887207085994,(100.45142484754875+13.517339718784658j)
10869,-0.3906828119744366,(-495.1898590276158+359.8859038180136j)
10870,-0.3906267518780132,(-219.15159874423279-58.04468392469076j)
10871,-0.3905706917815899,(413.68218675397037+204.231584853625j)
10872,-0.3905146316851665,(-35.82362203033597-119.10642767381609j)
10873,-0.39045857158874314,(108.12041835535082-15.024319100837419j)
10874,-0.39040251149231975,(505.9441330363587+119.96456360698852j)
10875,-0.3903464513958964,(-133.87292629601927+331.8336003938845j)
10876,-0.390290391299473,(-131.06787626872935+312.83420250113295j)
10877,-0.3902343312030497,(-279.3082206711506-170.67423555849592j)
10878,-0.3901782711066263,(216.5929154610447+122.05967212795647j)
10879,-0.39012221101020295,(399.54753543078385+157.48560962895706j)
10880,-0.39006615091377955,(58.06653892149769+121.54996775293438j)
10881,-0.3900100908173562,(285.01768620922235-5.700406060982658j)
10882,-0.3899540307209328,(109.49267872269861-50.80498921734887j)
10883,-0.3898979706245095,(-139.83981802365042+0.746235740592951j)
10884,-0.3898419105280861,(-412.8008972117026-40.34754126987502j)
10885,-0.38978585043166275,(-356.661238082973+85.6007244556393j)
10886,-0.38972979033523936,(-368.5231865802853-103.4624819385185j)
10887,-0.389673730238816,(198.50752186010482-6.634520533950145j)
10888,-0.3896176701423926,(-195.79724762171665-63.67215414193013j)
10889,-0.3895616100459693,(-314.61425911380036-194.32255649611085j)
10890,-0.3895055499495459,(-72.19920437512584+415.0879894257376j)
10891,-0.38944948985312255,(57.62603055634095-260.98412799655j)
10892,-0.38939342975669916,(159.2861347572583+372.3687898290545j)
10893,-0.3893373696602758,(-103.6769781706287+252.42674834965456j)
10894,-0.38928130956385243,(42.9702225204132+227.5205137383722j)
10895,-0.3892252494674291,(447.265857380645-373.9090409593354j)
10896,-0.3891691893710057,(363.52333600709375+397.4529146489949j)
10897,-0.38911312927458236,(-558.2484715339552+532.1257330094296j)
10898,-0.38905706917815897,(-696.0703390223009+324.39068071424026j)
10899,-0.3890010090817356,(-244.61995079248595+316.41721148344504j)
10900,-0.38894494898531223,(-131.66236374305927-148.70929792451776j)
10901,-0.3888888888888889,(87.82374050001943+22.153057420912056j)
10902,-0.3888328287924655,(108.00635877688809+152.6991168538602j)
10903,-0.38877676869604216,(-48.35862563050156-103.43762150204431j)
10904,-0.38872070859961877,(-220.97338512454624-347.53159500678004j)
10905,-0.38866464850319543,(-126.22652018096686+6.033629245120075j)
10906,-0.38860858840677204,(-335.9904687392981+251.44541818056973j)
10907,-0.3885525283103487,(343.52034403265924+83.67875904763531j)
10908,-0.3884964682139253,(165.10335750923787-214.32844447276696j)
10909,-0.38844040811750197,(-255.83002798037913+402.6072483420464j)
10910,-0.3883843480210786,(-317.7353611565459+327.59696340249576j)
10911,-0.38832828792465524,(121.1602962446323+66.28460995200003j)
10912,-0.38827222782823184,(-44.469159186566316-377.09564943456746j)
10913,-0.3882161677318085,(-53.1781194374498+17.045909818135126j)
10914,-0.3881601076353851,(19.942270332070024-159.17643863487484j)
10915,-0.38810404753896177,(-53.94558683076099+477.5375031999188j)
10916,-0.3880479874425384,(-156.05963011741952-210.93005450318998j)
10917,-0.38799192734611504,(139.4132987437408+11.602322615574288j)
10918,-0.38793586724969165,(-112.32267287217728+202.0703548124587j)
10919,-0.3878798071532683,(46.16458396613456-527.5525139371293j)
10920,-0.3878237470568449,(190.3281269738545+419.5950677319458j)
10921,-0.3877676869604216,(131.44718854792356-540.7106891334947j)
10922,-0.3877116268639982,(139.6692064216018+13.580744114918858j)
10923,-0.38765556676757484,(111.28809367403369+282.4141414375312j)
10924,-0.38759950667115145,(-132.36060241735186+91.99802179694137j)
10925,-0.3875434465747281,(140.47369323130303+21.46109769674034j)
10926,-0.3874873864783047,(234.34952234178502-239.08067982331931j)
10927,-0.3874313263818814,(-3.107680604361878+262.1025775654935j)
10928,-0.38737526628545804,(-157.91859663753777+99.78690655253503j)
10929,-0.38731920618903465,(-150.927066448682-164.46986736259538j)
10930,-0.3872631460926113,(-77.9603289102082+409.8888225993544j)
10931,-0.3872070859961879,(189.19310047695106-326.1887081038911j)
10932,-0.3871510258997646,(-169.1428182548989+64.2324170787283j)
10933,-0.3870949658033412,(151.03983568816753-314.78663337042195j)
10934,-0.38703890570691785,(444.6967727493038+250.75746092048263j)
10935,-0.38698284561049445,(-0.5854889100677596-99.15792649623484j)
10936,-0.3869267855140711,(-395.27338713857625-36.38592788401198j)
10937,-0.3868707254176477,(60.36278389584913-158.51230780215045j)
10938,-0.3868146653212244,(-333.90091337965157-149.0599234821289j)
10939,-0.386758605224801,(-770.9935427510429-300.93310527910205j)
10940,-0.38670254512837765,(218.53757932174693-72.3690238871863j)
10941,-0.38664648503195426,(-251.32508014743627+475.59367489592637j)
10942,-0.3865904249355309,(627.9470981055248+60.2494608455295j)
10943,-0.3865343648391075,(121.06030174164965-171.97498222996714j)
10944,-0.3864783047426842,(315.4601195899936-121.66167032343665j)
10945,-0.3864222446462608,(50.90038477553317+61.85250125993919j)
10946,-0.38636618454983745,(-380.30279146643056-234.76780206823906j)
10947,-0.38631012445341406,(-8.963617547034119-309.61746840278687j)
10948,-0.3862540643569907,(-430.3493958338141+75.75576813987084j)
10949,-0.38619800426056733,(-243.7168593167997-231.5860022947252j)
10950,-0.386141944164144,(263.27764550058805-115.01188285231733j)
10951,-0.3860858840677206,(264.4310231315082+328.30547163040444j)
10952,-0.38602982397129726,(680.811081772423+393.94136169704785j)
10953,-0.38597376387487387,(295.8311231189601-67.91962712703081j)
10954,-0.3859177037784505,(-19.79697944874631+60.728948082832545j)
10955,-0.38586164368202713,(139.16528131688605-539.5479595700407j)
10956,-0.3858055835856038,(76.1400108938572-46.76245766598674j)
10957,-0.3857495234891804,(295.3644230476639-37.83527539594428j)
10958,-0.38569346339275706,(-207.59678016153353+175.20276020274736j)
10959,-0.38563740329633367,(-293.6434343268637+210.74163283322468j)
10960,-0.38558134319991033,(89.76817195291015+128.0277006743206j)
10961,-0.38552528310348694,(519.5144494556412-135.05302788672384j)
10962,-0.3854692230070636,(201.7606169128204+86.9325246047911j)
10963,-0.3854131629106402,(445.8018615805139+246.01787920668016j)
10964,-0.38535710281421687,(-149.42559255744038+234.30569965780822j)
10965,-0.3853010427177935,(139.21290828962606+130.1045330468199j)
10966,-0.38524498262137014,(184.27260857742255-350.7649065485416j)
10967,-0.38518892252494674,(349.2534933823389-209.85740205122573j)
10968,-0.3851328624285234,(89.35480516436795-105.73034712478973j)
10969,-0.3850768023321,(-243.42682304007457+41.97437693865634j)
10970,-0.38502074223567667,(83.46004745132716-86.64242426392545j)
10971,-0.3849646821392533,(-83.7083288998254+70.94815523466542j)
10972,-0.38490862204282994,(-55.077767581083556+162.22484108384478j)
10973,-0.38485256194640655,(93.05490495879813-116.63445821288083j)
10974,-0.3847965018499832,(74.04479413029381+353.1959173017947j)
10975,-0.3847404417535598,(-276.3671716411943+205.0082557407626j)
10976,-0.3846843816571365,(-43.7516816473376+29.776473889287484j)
10977,-0.3846283215607131,(-33.12252235442503+204.3692227673748j)
10978,-0.38457226146428974,(299.3511206688476-123.51487846368374j)
10979,-0.38451620136786635,(-90.22668833047925-61.56433334806056j)
10980,-0.384460141271443,(61.94183099621223-293.23981296569275j)
10981,-0.3844040811750196,(-91.62116288689374-87.69864868747442j)
10982,-0.3843480210785963,(419.82624587491256+27.79951026650589j)
10983,-0.3842919609821729,(-295.16402916262166+44.5647581012625j)
10984,-0.38423590088574955,(99.98508038011164-147.02762951032247j)
10985,-0.38417984078932615,(187.97248279466595-234.51285594962957j)
10986,-0.3841237806929028,(-103.54352190422087-278.358176419806j)
10987,-0.3840677205964794,(-1.9471025529941812-366.18322559646197j)
10988,-0.3840116605000561,(166.40385058325987-588.2384304189167j)
10989,-0.3839556004036327,(-67.48102076412438+128.89073259627455j)
10990,-0.38389954030720935,(178.38585717674925+254.95878960600766j)
10991,-0.38384348021078596,(-167.27503742434308+46.641078855371774j)
10992,-0.3837874201143626,(-350.88121624906614+4.753497145929259j)
10993,-0.3837313600179392,(-383.8924634960759+263.5317562376744j)
10994,-0.3836752999215159,(276.5408602041953-378.7538763701383j)
10995,-0.3836192398250925,(11.3680737911682+76.81524832028053j)
10996,-0.38356317972866916,(196.44089551617282-182.6485389005837j)
10997,-0.38350711963224576,(216.05188690087584+211.15116899478843j)
10998,-0.3834510595358224,(266.07965072150375-35.541058700281184j)
10999,-0.38339499943939903,(12.535977690048256+165.01964192312388j)
11000,-0.3833389393429757,(79.51067720014167+212.7857775965097j)
11001,-0.3832828792465523,(-158.54342633469076+291.81153698673813j)
11002,-0.38322681915012896,(67.38618701986566+4.298251031449535j)
11003,-0.38317075905370557,(187.64287809595493+216.85545723892267j)
11004,-0.38311469895728223,(456.72784372353857-4.125673861052263j)
11005,-0.38305863886085884,(226.11745105196368-245.4919656254175j)
11006,-0.3830025787644355,(38.75006465509354+17.91326686834129j)
11007,-0.3829465186680121,(8.022581631681348+248.51016256852867j)
11008,-0.38289045857158877,(-24.1567248048475-230.9188510990055j)
11009,-0.38283439847516537,(-303.5475504428997+14.25061921840684j)
11010,-0.38277833837874203,(-244.24011262839318-31.46432951793753j)
11011,-0.38272227828231864,(17.649725460241633+42.52535100919535j)
11012,-0.3826662181858953,(-123.23612750573473+195.66007023533118j)
11013,-0.3826101580894719,(-57.221547372434586+126.60455919905621j)
11014,-0.38255409799304857,(661.6536453022134+77.95414830774305j)
11015,-0.3824980378966252,(123.00911321448038-133.67671088915503j)
11016,-0.38244197780020184,(156.37841439147007-236.284915560225j)
11017,-0.38238591770377844,(-52.93288382846369-154.54368645073876j)
11018,-0.3823298576073551,(-310.0816119141602-183.19188691263625j)
11019,-0.3822737975109317,(-380.76514275791146-40.92812949349954j)
11020,-0.3822177374145084,(44.52098074273936+213.345734542334j)
11021,-0.382161677318085,(371.2953099499842-360.87500121367077j)
11022,-0.38210561722166164,(78.66681190920633+389.2463281508609j)
11023,-0.38204955712523825,(46.87912464309703-23.252651758697247j)
11024,-0.3819934970288149,(290.0299898365968+357.19654802190166j)
11025,-0.3819374369323915,(100.85527922955225+158.90432791667723j)
11026,-0.3818813768359682,(-111.18080182544003+1.0491213890529991j)
11027,-0.3818253167395448,(295.7050451855532+190.5102229622657j)
11028,-0.38176925664312145,(8.181597698671254+199.51166796171304j)
11029,-0.38171319654669805,(-195.60997036129686+226.90272630478148j)
11030,-0.3816571364502747,(304.45511824596+221.27001731111642j)
11031,-0.3816010763538513,(-249.0604696103556+458.6186968844745j)
11032,-0.381545016257428,(-16.608945247222692-330.91192332572587j)
11033,-0.3814889561610046,(-146.2706909443489+287.2472075050829j)
11034,-0.38143289606458125,(-6.018338633780303-28.566657830093575j)
11035,-0.38137683596815786,(86.70681184151711-156.02608730939542j)
11036,-0.3813207758717345,(9.05788871842421+173.7457852736827j)
11037,-0.3812647157753111,(205.39970735345742+85.58172555748062j)
11038,-0.3812086556788878,(-136.78164608048007+74.75961008039782j)
11039,-0.3811525955824644,(70.18759864362744+95.78991691717478j)
11040,-0.38109653548604105,(19.019093850148934-111.86302774405826j)
11041,-0.38104047538961766,(174.29096768411813-361.1641919223343j)
11042,-0.3809844152931943,(-200.50044422555138+135.28029445977106j)
11043,-0.38092835519677093,(466.9989211864888-221.74104345419806j)
11044,-0.3808722951003476,(-189.2268998871917+60.30322237486715j)
11045,-0.3808162350039242,(-63.524138981356934-39.40347821144131j)
11046,-0.38076017490750086,(77.32693469612698+202.4068035279058j)
11047,-0.38070411481107747,(249.38234781249898+58.5202849815717j)
11048,-0.3806480547146541,(78.95130827684949+14.362901427684783j)
11049,-0.38059199461823073,(-109.75527287819865-28.76393543317914j)
11050,-0.3805359345218074,(-406.79013321544835-244.07982097729507j)
11051,-0.380479874425384,(-196.8620687674557-192.8538493266975j)
11052,-0.38042381432896066,(384.6131101990376-235.2706291160852j)
11053,-0.38036775423253727,(111.73494658080733+466.04141869552427j)
11054,-0.38031169413611393,(-19.278756499315996+185.7647824296162j)
11055,-0.38025563403969054,(56.26935973934626+2.2031764243416916j)
11056,-0.3801995739432672,(-77.98408109988546-14.370739633237722j)
11057,-0.3801435138468438,(-375.231463296942+67.03022728078903j)
11058,-0.38008745375042047,(56.688767424115596+199.98570091751927j)
11059,-0.3800313936539971,(117.9602652930194+24.29307750979764j)
11060,-0.37997533355757374,(-103.8673048265756+15.360485457697386j)
11061,-0.37991927346115034,(13.896084570179312-57.60442221365056j)
11062,-0.379863213364727,(74.15680696616583-481.3965616491089j)
11063,-0.3798071532683036,(324.19377946312403+544.7576488183406j)
11064,-0.37975109317188027,(86.31920602799275-9.801406837352445j)
11065,-0.3796950330754569,(233.1470824701947-88.43117567424704j)
11066,-0.37963897297903354,(97.04784131945871-346.46971222342904j)
11067,-0.37958291288261015,(94.56766044270557-379.7046697748482j)
11068,-0.3795268527861868,(190.48972225718126-442.96629735645973j)
11069,-0.3794707926897634,(645.3688436930215+23.204989890324867j)
11070,-0.3794147325933401,(247.47765295869584+34.42034526623571j)
11071,-0.3793586724969167,(-124.55759923799991+531.5222785910578j)
11072,-0.37930261240049334,(51.253545750801855-109.79005004027634j)
11073,-0.37924655230406995,(8.35672021862888+199.51305725236693j)
11074,-0.3791904922076466,(-111.40838991278065+126.70778801118156j)
11075,-0.3791344321112232,(293.6306827274391-286.4500332401916j)
11076,-0.3790783720147999,(401.9009857086905+229.30664124837637j)
11077,-0.3790223119183765,(-282.1600972690867+325.53139876160617j)
11078,-0.37896625182195315,(-542.4808447997442-33.51354581874904j)
11079,-0.37891019172552975,(190.018327914492+269.49538560996785j)
11080,-0.3788541316291064,(-222.75422848438413+479.8741051384271j)
11081,-0.378798071532683,(-49.03379475237922-233.11849335852094j)
11082,-0.3787420114362597,(-212.6503743889895-119.44315617371491j)
11083,-0.3786859513398363,(168.8921494465934+6.756523052738816j)
11084,-0.37862989124341295,(34.60513538685622-172.1823390243719j)
11085,-0.37857383114698956,(169.7129988946438+39.288569934813246j)
11086,-0.3785177710505662,(-293.677818494573-171.20873517813038j)
11087,-0.3784617109541428,(-316.8259178433058+48.07815443856173j)
11088,-0.3784056508577195,(-265.48545433176633-247.50510707115188j)
11089,-0.3783495907612961,(-46.34560248990119-73.39788056483663j)
11090,-0.37829353066487276,(64.04594160800275+259.51243663382263j)
11091,-0.37823747056844936,(-54.25848489747962-211.44450253816277j)
11092,-0.378181410472026,(-3.974785556381917-187.86317013094146j)
11093,-0.37812535037560263,(373.2945235154439-154.33625023094143j)
11094,-0.3780692902791793,(367.9455625491559-602.488455576861j)
11095,-0.3780132301827559,(-402.8733959535204-302.88035606950314j)
11096,-0.37795717008633256,(-386.1092842989525-103.37843943164714j)
11097,-0.37790110998990917,(355.5293578791664+527.0941861978289j)
11098,-0.37784504989348583,(180.25562249821928-108.17300721188994j)
11099,-0.37778898979706244,(3.892898453105299-19.93444505591883j)
11100,-0.3777329297006391,(18.23672175373963-262.2385804199487j)
11101,-0.3776768696042157,(155.89237365336433-68.25805294553642j)
11102,-0.37762080950779237,(-102.41037562553886-143.64790234296797j)
11103,-0.37756474941136897,(-322.3655431995457+290.49338134957173j)
11104,-0.37750868931494563,(107.06859283016405+242.9247108559189j)
11105,-0.37745262921852224,(369.8632263280997+157.01236433428258j)
11106,-0.3773965691220989,(-72.11779146427666+105.21901144904604j)
11107,-0.3773405090256755,(27.405115861482038+168.33608186694073j)
11108,-0.37728444892925217,(164.66910365729257+144.36321695171142j)
11109,-0.3772283888328288,(-310.8859912648576-278.7518477113652j)
11110,-0.37717232873640544,(-147.12191618997582-33.27088711408758j)
11111,-0.37711626863998204,(195.87311086277882-305.75814827852366j)
11112,-0.3770602085435587,(219.4040001906405+123.78093029117846j)
11113,-0.3770041484471353,(-53.852158692783206+142.56348826619347j)
11114,-0.376948088350712,(178.75317525871642-34.232109967078145j)
11115,-0.3768920282542886,(179.62220926571732+85.75604127284095j)
11116,-0.37683596815786524,(148.13606704303987-341.70029320261546j)
11117,-0.37677990806144185,(12.750426302179136-367.86167742029977j)
11118,-0.3767238479650185,(19.165501511639206+599.5422290069266j)
11119,-0.3766677878685951,(-238.18327898815733+92.5428815922105j)
11120,-0.3766117277721718,(-242.7333457272843+337.72150892281184j)
11121,-0.3765556676757484,(-35.682884840999066-477.26052221894287j)
11122,-0.37649960757932505,(587.4686307148095-4.567754787424889j)
11123,-0.37644354748290165,(-208.03033406911112+47.2375208436586j)
11124,-0.3763874873864783,(91.6736961701333+23.920894708481494j)
11125,-0.3763314272900549,(179.32945078877023-24.194168579931272j)
11126,-0.3762753671936316,(-70.00091466235588+133.58214928632594j)
11127,-0.3762193070972082,(206.97507613383095-466.2393654943833j)
11128,-0.37616324700078485,(232.9719353369865+306.36295910504396j)
11129,-0.37610718690436146,(-69.51099562527298+418.7450655008655j)
11130,-0.3760511268079381,(-200.98551789757744-169.18483038014472j)
11131,-0.3759950667115147,(72.49339247387965+120.74908365122235j)
11132,-0.3759390066150914,(-199.1982659380941-84.07402984864493j)
11133,-0.375882946518668,(366.7034322549262+494.9948897084681j)
11134,-0.37582688642224465,(49.644866077266386-253.04967787648712j)
11135,-0.37577082632582126,(43.897856478384874+49.79059790769536j)
11136,-0.3757147662293979,(-350.01121414439854-34.95315453734305j)
11137,-0.37565870613297453,(-159.89956157054792+106.6856339872824j)
11138,-0.3756026460365512,(-291.1684241945425-210.55438482797416j)
11139,-0.3755465859401278,(-329.7818781041551-164.2278512755774j)
11140,-0.37549052584370446,(236.13327826205423-454.24675173728406j)
11141,-0.37543446574728107,(88.34461519870902+39.43001690086696j)
11142,-0.3753784056508577,(33.85457835060254-22.868511734344533j)
11143,-0.37532234555443433,(-58.94235711266127-247.35995900299298j)
11144,-0.375266285458011,(-354.02878974644466+589.7663723484795j)
11145,-0.3752102253615876,(-71.53791307189219-88.04951054374962j)
11146,-0.37515416526516426,(-276.96585167258246+197.1679761939817j)
11147,-0.37509810516874087,(186.1225447304106+224.028929593534j)
11148,-0.37504204507231753,(112.09885258523919-44.11972335333837j)
11149,-0.37498598497589414,(-279.2607005781359-66.61822758459363j)
11150,-0.3749299248794708,(18.73197227540103-7.843544028602105j)
11151,-0.3748738647830474,(277.8104193642172-375.50067651374513j)
11152,-0.37481780468662407,(-44.47874884740217+228.31013457340273j)
11153,-0.3747617445902007,(-35.17355294145529-131.82221157054096j)
11154,-0.37470568449377734,(-29.1987308213011+208.24107607667986j)
11155,-0.37464962439735394,(-69.053349829139-62.71806608394776j)
11156,-0.3745935643009306,(-104.85965134463606+102.58899268682931j)
11157,-0.3745375042045072,(-295.72938827422354+41.28804835017996j)
11158,-0.37448144410808387,(535.7595665619676-178.73824144068544j)
11159,-0.3744253840116605,(3.6886678384240597+122.68704989255662j)
11160,-0.37436932391523714,(-116.54933737010819-230.52083708101244j)
11161,-0.37431326381881375,(174.66918395198016+543.5148384748553j)
11162,-0.3742572037223904,(-2.7548333997318935+343.5129833544861j)
11163,-0.374201143625967,(164.76310874845882+229.94402186628565j)
11164,-0.3741450835295437,(65.9417935613516-27.698217235031173j)
11165,-0.3740890234331203,(201.09455198102438-447.66293260116754j)
11166,-0.37403296333669694,(293.83820852793957+242.7830780636372j)
11167,-0.37397690324027355,(-332.26103458229323+462.14620790713633j)
11168,-0.3739208431438502,(-386.92415005534633+132.77783143741254j)
11169,-0.3738647830474268,(-59.953418512172476+505.8860335834481j)
11170,-0.3738087229510035,(-251.08554774565636-357.42143487528097j)
11171,-0.3737526628545801,(133.24616854555643-268.36448228734764j)
11172,-0.37369660275815675,(5.349951409769517-309.88807660298045j)
11173,-0.37364054266173335,(209.81141598046275+298.3655687739146j)
11174,-0.37358448256531,(117.93458490128018+95.88060996848486j)
11175,-0.3735284224688866,(312.04459800403026-443.9037828650795j)
11176,-0.3734723623724633,(150.956930340361+270.10041926399145j)
11177,-0.3734163022760399,(136.91395365431168+149.86899035931395j)
11178,-0.37336024217961655,(266.91532767952566+579.0997994451582j)
11179,-0.37330418208319316,(528.6162741459401-121.02178657044581j)
11180,-0.3732481219867698,(175.7646818245903-181.61721578096785j)
11181,-0.3731920618903464,(-148.57892788207658-397.75980367310245j)
11182,-0.3731360017939231,(-478.25749639175945+539.109365957094j)
11183,-0.37307994169749975,(134.02893312400562-258.47269551516746j)
11184,-0.37302388160107636,(300.62761034126703-225.96533894656005j)
11185,-0.372967821504653,(180.21127983300903+148.0158156677625j)
11186,-0.3729117614082296,(-253.36545854067185+88.93120782252953j)
11187,-0.3728557013118063,(-241.69206806769677-294.85738219927265j)
11188,-0.3727996412153829,(316.1244213734009+86.37608511232078j)
11189,-0.37274358111895955,(8.795107600051594-184.45526288042439j)
11190,-0.37268752102253616,(-156.4126199023456+478.6527228656905j)
11191,-0.3726314609261128,(284.244180107356-298.68153298689356j)
11192,-0.37257540082968943,(-31.60761965833697-131.49532896591714j)
11193,-0.3725193407332661,(-239.39693722618478+301.14969940967364j)
11194,-0.3724632806368427,(350.3816515058551+311.4966584882914j)
11195,-0.37240722054041936,(213.4839733842401-193.87578168281726j)
11196,-0.37235116044399597,(-396.14474729345585+181.63670466956503j)
11197,-0.3722951003475726,(208.8954484857428+312.7905385306402j)
11198,-0.37223904025114923,(-185.00888602502965+27.5015754482939j)
11199,-0.3721829801547259,(168.54380385181395+374.7616422221885j)
11200,-0.3721269200583025,(79.17346866826368+155.2596229122528j)
11201,-0.37207085996187916,(126.25619393210097+184.91703607292885j)
11202,-0.37201479986545577,(-38.392297549865944+10.64887722433541j)
11203,-0.37195873976903243,(119.30587253786341+193.88017557363298j)
11204,-0.37190267967260904,(92.25510748271395+19.30287550297499j)
11205,-0.3718466195761857,(-37.43390871824636-416.61390824215493j)
11206,-0.3717905594797623,(-136.85144534431976-347.38577460035805j)
11207,-0.37173449938333897,(-173.52170550520367-46.199750531284884j)
11208,-0.3716784392869156,(95.70149571421723+67.16220702112525j)
11209,-0.37162237919049224,(-166.17841571165664+78.73481536837252j)
11210,-0.37156631909406884,(-38.414499505453975-47.2547977818774j)
11211,-0.3715102589976455,(185.93718261702293+158.9622975972296j)
11212,-0.3714541989012221,(31.588971631923158+294.4614424003711j)
11213,-0.37139813880479877,(95.89728084901958-162.1854750385701j)
11214,-0.3713420787083754,(9.19977969868287+14.852132118193989j)
11215,-0.37128601861195204,(293.78322780157055+147.40551008580846j)
11216,-0.37122995851552865,(271.07244413587193+530.0699699830456j)
11217,-0.3711738984191053,(-329.3566594413072-164.51817001982943j)
11218,-0.3711178383226819,(-603.9663085699883+106.0952620092888j)
11219,-0.3710617782262586,(-335.9116998952761-9.219471295637597j)
11220,-0.3710057181298352,(283.3852984033409-382.14125011969077j)
11221,-0.37094965803341184,(-275.324434774099-72.67055843783581j)
11222,-0.37089359793698845,(-524.8229126936747-21.719295591105976j)
11223,-0.3708375378405651,(89.6001579347234-119.87818519819024j)
11224,-0.3707814777441417,(117.74287055120698+278.92085373576407j)
11225,-0.3707254176477184,(-91.2011242107207+169.89386020252687j)
11226,-0.370669357551295,(9.217737587815492+493.1282761884665j)
11227,-0.37061329745487165,(-124.19574639024424+316.8703319135384j)
11228,-0.37055723735844825,(385.20924174371385+346.23616421532404j)
11229,-0.3705011772620249,(-36.72875345144007+125.3747875919274j)
11230,-0.3704451171656015,(274.33842355917756-537.8606026269204j)
11231,-0.3703890570691782,(302.8852243070909+81.63343710592217j)
11232,-0.3703329969727548,(213.646625773864-150.54698993625007j)
11233,-0.37027693687633145,(423.3868351388041+205.93027403452982j)
11234,-0.37022087677990806,(-160.49040748582414+339.5422548303678j)
11235,-0.3701648166834847,(-373.7849976569514-49.609195704062984j)
11236,-0.3701087565870613,(213.10284146540585-435.9956427341614j)
11237,-0.370052696490638,(213.58661328853267+244.82712401292963j)
11238,-0.3699966363942146,(-208.91377691030902-175.5693449758318j)
11239,-0.36994057629779126,(-342.00704646843695-233.5945349422249j)
11240,-0.36988451620136786,(461.8290483476714-21.696553465750192j)
11241,-0.3698284561049445,(41.66932625116984-100.82791496879067j)
11242,-0.36977239600852113,(-338.1773184653809-204.39325995231954j)
11243,-0.3697163359120978,(-56.78537291837377+16.757069101448568j)
11244,-0.3696602758156744,(-92.58729840764674+36.78084193289888j)
11245,-0.36960421571925106,(-96.80647886843289+244.08590746682773j)
11246,-0.36954815562282767,(96.09674458693618+49.39060188894065j)
11247,-0.36949209552640433,(-258.0211770062932-184.54065037697075j)
11248,-0.36943603542998094,(-124.08590103961762+417.4568966477739j)
11249,-0.3693799753335576,(-368.40718802905826-131.8500136923778j)
11250,-0.3693239152371342,(169.5196610629458+56.11537987261246j)
11251,-0.36926785514071087,(-153.14791124048583+272.2409968962816j)
11252,-0.36921179504428747,(-483.024145416485+555.1729062188554j)
11253,-0.36915573494786413,(117.4370514918301+4.965386558923484j)
11254,-0.36909967485144074,(439.13547458950137-441.69774929853656j)
11255,-0.3690436147550174,(2.9439531513634227-16.90688140826222j)
11256,-0.368987554658594,(139.20078543496518-143.8176158451889j)
11257,-0.36893149456217067,(-298.93509680200646-190.2169961040107j)
11258,-0.3688754344657473,(-53.29818648541997+43.050411067539656j)
11259,-0.36881937436932394,(421.40446248543356+223.08861583252718j)
11260,-0.36876331427290054,(184.05927647548882-84.88563545417227j)
11261,-0.3687072541764772,(-162.14574077828564+385.95657660382335j)
11262,-0.3686511940800538,(140.68849995496998-542.8052284892119j)
11263,-0.3685951339836305,(-243.42152568682047-265.5584692155746j)
11264,-0.3685390738872071,(34.13703457973989-261.7159144771591j)
11265,-0.36848301379078374,(-326.27182695007747+105.87034454609874j)
11266,-0.36842695369436035,(358.628848921188-454.393573689486j)
11267,-0.368370893597937,(-60.10364554197991+23.454074566026105j)
11268,-0.3683148335015136,(232.85128963154966+28.457539172902912j)
11269,-0.3682587734050903,(24.259122000807896+159.50614223149992j)
11270,-0.3682027133086669,(-250.9862829687059+259.1179890051431j)
11271,-0.36814665321224355,(-215.75319994758155-243.82885636148762j)
11272,-0.36809059311582015,(2.482048440247013+188.53559091986585j)
11273,-0.3680345330193968,(129.3023829968315+585.3228693423556j)
11274,-0.3679784729229734,(-93.02991012671639+329.4652403837853j)
11275,-0.3679224128265501,(-302.07849349616134+430.3769117471406j)
11276,-0.3678663527301267,(-91.86077577067744+418.9770426380211j)
11277,-0.36781029263370335,(312.6094994159753-450.7060261599962j)
11278,-0.36775423253727996,(-69.1988817412873+26.094425305636463j)
11279,-0.3676981724408566,(273.0254998839219-235.9664347940614j)
11280,-0.3676421123444332,(149.0879235170232+65.72463681422406j)
11281,-0.3675860522480099,(-158.78246561755753-70.23478356821903j)
11282,-0.3675299921515865,(23.49653867880341+52.85605611472385j)
11283,-0.36747393205516315,(34.46004269231781+227.77417949783717j)
11284,-0.36741787195873976,(-34.93756305382212-430.07600331589475j)
11285,-0.3673618118623164,(-256.0728518561812+496.2658505047932j)
11286,-0.36730575176589303,(-205.03454671082906-13.144658556420268j)
11287,-0.3672496916694697,(-242.55886252588155-641.3321921297847j)
11288,-0.3671936315730463,(-52.810249787061366+454.697220475153j)
11289,-0.36713757147662296,(-39.59668793412329+26.448687153178827j)
11290,-0.36708151138019957,(220.50687761295094+83.96035536139765j)
11291,-0.3670254512837762,(-380.0834849885548-338.56219533551257j)
11292,-0.36696939118735283,(231.5731304220397-520.774544005161j)
11293,-0.3669133310909295,(-71.46646588331097-65.48998359870956j)
11294,-0.3668572709945061,(-834.4999337180456+75.4259060604241j)
11295,-0.36680121089808276,(447.47058210357073-90.90708387037122j)
11296,-0.36674515080165937,(211.34258721071538+548.8778699814245j)
11297,-0.36668909070523603,(18.035099948509455+175.50804267708077j)
11298,-0.36663303060881264,(-268.6178180203102-78.76752052532507j)
11299,-0.3665769705123893,(-337.62114381346385+284.9273845709691j)
11300,-0.3665209104159659,(32.43299816791931-81.367373201184j)
11301,-0.36646485031954257,(-339.8758796719915+177.96141015489007j)
11302,-0.3664087902231192,(-384.21401685979924-123.79625265870703j)
11303,-0.36635273012669584,(31.866039181611107-50.03848597337462j)
11304,-0.36629667003027244,(-101.56552121967559+160.29361694655285j)
11305,-0.3662406099338491,(79.47925712234806+111.87969894118858j)
11306,-0.3661845498374257,(42.296860924181274+78.29817051234039j)
11307,-0.36612848974100237,(-55.16525345083434-222.14935692230722j)
11308,-0.366072429644579,(75.70150711418694+22.042662698617427j)
11309,-0.36601636954815564,(299.5740665535715+202.0116592387455j)
11310,-0.36596030945173225,(-223.4918681750059-161.48218576143137j)
11311,-0.3659042493553089,(102.62731724683645-116.22640627534271j)
11312,-0.3658481892588855,(284.0995919168942-1.502556768168649j)
11313,-0.3657921291624622,(283.27659196811265-272.4509333193909j)
11314,-0.3657360690660388,(83.83109571975936-228.63378987613186j)
11315,-0.36568000896961544,(-155.82376850360112+65.86697652662505j)
11316,-0.36562394887319205,(312.2976620672594+31.863232045668624j)
11317,-0.3655678887767687,(139.54053344542552-30.94908525380731j)
11318,-0.3655118286803453,(-170.23482360347583-160.78361073849513j)
11319,-0.365455768583922,(143.11147736839476-302.7045167318452j)
11320,-0.3653997084874986,(-64.52072414409615-82.14362252992939j)
11321,-0.36534364839107525,(116.43620567420541+26.47368599553286j)
11322,-0.36528758829465185,(-435.6096284769658+174.8788711979009j)
11323,-0.3652315281982285,(-184.64192695252197-8.514709018216728j)
11324,-0.3651754681018051,(-192.480417410677-233.41006461281341j)
11325,-0.3651194080053818,(-425.72234073470713-5.123744206223105j)
11326,-0.3650633479089584,(83.25318489632747-179.93493908347287j)
11327,-0.36500728781253505,(119.59426082134951-241.4004008317765j)
11328,-0.36495122771611166,(432.5027536164321+49.44853663790852j)
11329,-0.3648951676196883,(247.24269451474524-137.51943469656536j)
11330,-0.3648391075232649,(-349.6231075125252-256.00656594143214j)
11331,-0.3647830474268416,(244.24359238012693-119.76600867479053j)
11332,-0.3647269873304182,(158.22581123788083+201.46847799398083j)
11333,-0.36467092723399486,(118.86529461803816+33.75931644819593j)
11334,-0.36461486713757146,(-210.85928123656936-520.570648580455j)
11335,-0.3645588070411481,(124.72181680991892-263.8914869945353j)
11336,-0.36450274694472473,(329.901058112923-374.62746575290635j)
11337,-0.3644466868483014,(-19.268717114713667+371.62230220456286j)
11338,-0.364390626751878,(-219.75587488394473-51.72171994876257j)
11339,-0.36433456665545466,(370.64020218868956-21.20414321543413j)
11340,-0.36427850655903127,(-811.7783011009976-228.53554734381655j)
11341,-0.36422244646260793,(143.60274608547954+211.14355795192708j)
11342,-0.36416638636618454,(327.14223574274956+285.6052444327796j)
11343,-0.3641103262697612,(-320.536224775395-631.9127255033922j)
11344,-0.3640542661733378,(-170.87105336452868-135.44200292017473j)
11345,-0.36399820607691447,(-199.60890294883058+194.84768780992988j)
11346,-0.36394214598049107,(-112.50829985021618-101.02871467759878j)
11347,-0.36388608588406773,(-268.6000469960288+299.2758132534617j)
11348,-0.36383002578764434,(146.64331925074833+159.11465585053713j)
11349,-0.363773965691221,(257.0329674432926+256.7193430262502j)
11350,-0.3637179055947976,(-44.370150036816085+491.0468787013j)
11351,-0.36366184549837427,(33.221475817807864+348.98930554543784j)
11352,-0.3636057854019509,(-5.42202488958111-99.51388085539386j)
11353,-0.36354972530552754,(7.628852874313519-26.259935299628328j)
11354,-0.36349366520910414,(240.33970379979374-175.17934266152224j)
11355,-0.3634376051126808,(124.95097490300415+36.68476528683394j)
11356,-0.3633815450162574,(-419.08916969604354+219.7347526215569j)
11357,-0.3633254849198341,(-146.15566253828666-69.62555333972105j)
11358,-0.3632694248234107,(-446.6263149055868+267.4981524371247j)
11359,-0.36321336472698734,(120.83308382715461-550.9704357128384j)
11360,-0.36315730463056395,(349.9052716092707-52.68066337582911j)
11361,-0.3631012445341406,(-226.25720925490714+121.97696399960164j)
11362,-0.3630451844377172,(252.29375706304657-310.40849950270115j)
11363,-0.3629891243412939,(-263.5860621768423-73.58474183362884j)
11364,-0.3629330642448705,(54.33314890872978-477.71250302769033j)
11365,-0.36287700414844715,(-205.94567743018825-213.27799004300297j)
11366,-0.36282094405202375,(96.09696381160583-384.0188241233325j)
11367,-0.3627648839556004,(-48.94257005725143+67.77537169458067j)
11368,-0.362708823859177,(164.80995820600586+167.81320208290862j)
11369,-0.3626527637627537,(-217.42961524370597-138.88570554811113j)
11370,-0.3625967036663303,(-54.45401698957137+151.57039303366088j)
11371,-0.36254064356990695,(340.2404568496972-393.6892295661555j)
11372,-0.36248458347348356,(23.63899776716348+122.09353621380919j)
11373,-0.3624285233770602,(275.7608636551391-96.50065222113955j)
11374,-0.3623724632806368,(642.9791914589115+345.22556856992236j)
11375,-0.3623164031842135,(-271.7857180617242+42.87614382992396j)
11376,-0.3622603430877901,(-328.289683980753-242.0541383589396j)
11377,-0.36220428299136675,(-118.34774387660147+184.72265592513872j)
11378,-0.36214822289494336,(433.2240118164182+3.939720574847339j)
11379,-0.36209216279852,(183.86901787542433+126.91595839989594j)
11380,-0.36203610270209663,(298.47752645411396+537.4402081461135j)
11381,-0.3619800426056733,(164.56039840311655+184.6528583888053j)
11382,-0.3619239825092499,(-192.84999311858917-42.439417701132j)
11383,-0.36186792241282656,(164.73305374594224-157.6372509305843j)
11384,-0.36181186231640317,(247.27120173560422-388.34939039368794j)
11385,-0.3617558022199798,(283.46751109385457+259.53194386210066j)
11386,-0.36169974212355643,(344.7362696657177+62.397779089697536j)
11387,-0.3616436820271331,(260.0703421833877+96.04846961178417j)
11388,-0.3615876219307097,(-219.34120567310606+775.3559089963908j)
11389,-0.36153156183428636,(-341.83524020090056-138.61578203262337j)
11390,-0.36147550173786297,(46.93637437908541+363.813334190295j)
11391,-0.36141944164143963,(373.0258522543247-238.4168508533087j)
11392,-0.36136338154501624,(-141.09657012604433-182.2728554003205j)
11393,-0.3613073214485929,(-36.33567870042155-159.56748448710533j)
11394,-0.3612512613521695,(253.26474129852275-101.14287821685502j)
11395,-0.36119520125574617,(-80.58682653629134+33.65819629005847j)
11396,-0.3611391411593228,(-426.22336907612214+169.27766550906165j)
11397,-0.36108308106289944,(-44.07174509436741+114.43277829492885j)
11398,-0.36102702096647604,(286.19582035406444-258.296707350853j)
11399,-0.3609709608700527,(-170.04288430914235+92.50451616093957j)
11400,-0.3609149007736293,(485.74619161351166+3.9566467273844097j)
11401,-0.36085884067720597,(72.64418414127474+175.7506389552149j)
11402,-0.3608027805807826,(-121.92988160726179+59.61773338204301j)
11403,-0.36074672048435924,(172.31155855143507-159.2084770282134j)
11404,-0.36069066038793585,(402.455251874806+243.17375750439393j)
11405,-0.3606346002915125,(100.30345595728184-278.69076833585734j)
11406,-0.3605785401950891,(-174.53607746128102+172.40463079579138j)
11407,-0.3605224800986658,(-143.4722133676298-392.6682771029125j)
11408,-0.3604664200022424,(-189.3955591564413-129.3623239073183j)
11409,-0.36041035990581904,(-21.183323024905526-217.59786953096753j)
11410,-0.36035429980939565,(-255.16403756296558+62.28700425385885j)
11411,-0.3602982397129723,(652.3741642988577+265.2565014886743j)
11412,-0.3602421796165489,(536.2354998018156-521.9614875578475j)
11413,-0.3601861195201256,(-236.0457318482189-196.12693929926277j)
11414,-0.3601300594237022,(72.14277862320573+31.28856123586997j)
11415,-0.36007399932727885,(113.77137693075849+364.6121223837374j)
11416,-0.36001793923085545,(65.09658224073081+107.13675933831752j)
11417,-0.3599618791344321,(-61.31971418942261-261.63803298569184j)
11418,-0.3599058190380087,(-602.0501234091481+163.14419636568115j)
11419,-0.3598497589415854,(73.29294341412051+61.374154924819585j)
11420,-0.359793698845162,(19.420691010298057+214.8370687711902j)
11421,-0.35973763874873865,(-209.72279069773293+222.88900117648637j)
11422,-0.35968157865231526,(-220.44860795073657+135.65428099221134j)
11423,-0.3596255185558919,(334.8270515076268+393.84488599716224j)
11424,-0.3595694584594685,(82.7714172355231-517.2124944908244j)
11425,-0.3595133983630452,(37.2357576792116+361.16022875577477j)
11426,-0.3594573382666218,(-128.82357554085775-223.17242275661528j)
11427,-0.35940127817019846,(55.812225811162044+251.0112070924619j)
11428,-0.35934521807377506,(-188.46274083454261+125.09999122758182j)
11429,-0.3592891579773517,(-10.65094666314829+376.48340416530095j)
11430,-0.35923309788092833,(71.33325805825783-290.0829742030472j)
11431,-0.359177037784505,(715.9737359784111+96.83444905435817j)
11432,-0.3591209776880816,(38.852884739167756-9.486237823511193j)
11433,-0.35906491759165826,(459.6828587523096-234.70240445467806j)
11434,-0.35900885749523487,(48.00572876150987+389.5994839348796j)
11435,-0.35895279739881153,(-74.692514673635-188.2338030664394j)
11436,-0.35889673730238814,(91.96211393467364-82.93025130691447j)
11437,-0.3588406772059648,(-160.82575311811365+134.7057294650519j)
11438,-0.35878461710954146,(-135.96873075670874+651.0315793204063j)
11439,-0.35872855701311807,(-299.9130725473277+270.2866548302161j)
11440,-0.3586724969166947,(506.344937856398-74.40945214716558j)
11441,-0.35861643682027133,(-279.65278994875825-98.25971593255986j)
11442,-0.358560376723848,(-281.7363074512008+341.2319302249035j)
11443,-0.3585043166274246,(76.1424334754317-39.272006034962054j)
11444,-0.35844825653100126,(-87.17503075473887-430.65488157259693j)
11445,-0.35839219643457787,(-196.26866336785412-125.48902066592899j)
11446,-0.35833613633815453,(0.3701511532007178+225.84259585166728j)
11447,-0.35828007624173114,(479.413814898767+103.7817790090811j)
11448,-0.3582240161453078,(-67.36636054723508-545.537651544913j)
11449,-0.3581679560488844,(639.9135679355319-58.42136234451556j)
11450,-0.35811189595246107,(46.07738068327586-337.14204113520947j)
11451,-0.3580558358560377,(322.9308694746636+189.9991570896707j)
11452,-0.35799977575961434,(-31.37781898549423-899.7424956524928j)
11453,-0.35794371566319094,(-69.8849573645901+67.13948144058863j)
11454,-0.3578876555667676,(484.027349578255+109.646275559222j)
11455,-0.3578315954703442,(-303.3400904295442+161.75734854862856j)
11456,-0.35777553537392087,(-37.331977088447175-165.65637660980198j)
11457,-0.3577194752774975,(-293.45093882725786-38.835392896508594j)
11458,-0.35766341518107414,(4.877809470893044+26.704538182799734j)
11459,-0.35760735508465075,(-212.71165273134943+147.79538748809102j)
11460,-0.3575512949882274,(-434.13154771941777-140.38002707081034j)
11461,-0.357495234891804,(216.7771687637574+50.95132766375525j)
11462,-0.3574391747953807,(-232.56978451465307-717.9698133575162j)
11463,-0.3573831146989573,(-169.68683938776084+370.69874741728154j)
11464,-0.35732705460253394,(-68.04662084587+420.73223668179116j)
11465,-0.35727099450611055,(-295.72932920618064-174.4898510912579j)
11466,-0.3572149344096872,(-7.8738133833213-26.336994291994483j)
11467,-0.3571588743132638,(11.099630227809826+13.818789740425894j)
11468,-0.3571028142168405,(482.15918928884173+10.270634203480313j)
11469,-0.3570467541204171,(100.8984889172741-127.90039904841045j)
11470,-0.35699069402399375,(-21.884504804847705-63.425324445330375j)
11471,-0.35693463392757036,(-49.55147190489061-146.77194712996413j)
11472,-0.356878573831147,(98.38412572723485-163.2897982122072j)
11473,-0.3568225137347236,(420.534489995483+25.12867517024395j)
11474,-0.3567664536383003,(273.1030142131958+482.1894698352529j)
11475,-0.3567103935418769,(138.04279053067967+14.21745698163032j)
11476,-0.35665433344545355,(-449.9615470755964-459.8969691268964j)
11477,-0.35659827334903016,(-381.33488023499274+278.34090826566046j)
11478,-0.3565422132526068,(-76.96023774138065+270.88457896343783j)
11479,-0.3564861531561834,(-154.36226774975188-147.2451400367365j)
11480,-0.3564300930597601,(-334.5813725143489+122.02720190789225j)
11481,-0.3563740329633367,(-404.8784534722146+38.36275219128172j)
11482,-0.35631797286691336,(-67.91371706416672-109.58416448156322j)
11483,-0.35626191277048996,(-281.69395782776485+158.89509156068758j)
11484,-0.3562058526740666,(-62.143501645243205-199.18190549594448j)
11485,-0.35614979257764323,(365.34344250941353+2.275283703509814j)
11486,-0.3560937324812199,(-72.07610963414506-58.844322208666185j)
11487,-0.3560376723847965,(8.470131403832532-74.08632022388163j)
11488,-0.35598161228837316,(179.4588142346637+50.432109781064355j)
11489,-0.35592555219194977,(486.41094796125776-9.268643309104533j)
11490,-0.35586949209552643,(283.7903515172955+23.360709216692648j)
11491,-0.35581343199910304,(-411.00037755693904+362.1447581002469j)
11492,-0.3557573719026797,(143.6806370268238-132.9558913536052j)
11493,-0.3557013118062563,(402.91874382797454-384.3103893641112j)
11494,-0.35564525170983297,(71.49076222651439+63.451188985787766j)
11495,-0.35558919161340957,(98.92400744878513+357.89501188045335j)
11496,-0.35553313151698623,(-242.1815137496167+822.8766660336405j)
11497,-0.35547707142056284,(-295.8253608884836-197.6733266301983j)
11498,-0.3554210113241395,(35.05274396048097+60.52516263017448j)
11499,-0.3553649512277161,(-149.24270131128537-93.30917177452866j)
11500,-0.35530889113129277,(-0.16562394121864088-199.72537759617055j)
11501,-0.3552528310348694,(447.9481413021176+201.1008052758367j)
11502,-0.35519677093844604,(75.13114999203671-94.03336419418376j)
11503,-0.35514071084202264,(14.13343209211861+242.79301417510703j)
11504,-0.3550846507455993,(-329.7608265430329+19.118247408002574j)
11505,-0.3550285906491759,(-0.2182735340766584-372.42504834961585j)
11506,-0.3549725305527526,(185.52996061656629+111.86328816439612j)
11507,-0.3549164704563292,(-317.1849881371995+33.64328889158294j)
11508,-0.35486041035990584,(-68.06918409827702+301.62590526746345j)
11509,-0.35480435026348245,(-104.49669918690081+120.28733698293937j)
11510,-0.3547482901670591,(-2.382418348341517-243.32951427413653j)
11511,-0.3546922300706357,(40.81088612807277+1.8861164496041916j)
11512,-0.3546361699742124,(-206.90392070013954-76.35743870396101j)
11513,-0.354580109877789,(249.4325962295333+457.07838776410136j)
11514,-0.35452404978136565,(-381.0531554222673-423.89775565454187j)
11515,-0.35446798968494225,(144.41239273237858-465.14918004312904j)
11516,-0.3544119295885189,(-31.105425765442916+211.58422592240814j)
11517,-0.3543558694920955,(165.13379276646887+140.10620824543668j)
11518,-0.3542998093956722,(-540.7229174391488+233.4903910933237j)
11519,-0.3542437492992488,(-68.06992765580343-176.6082327913993j)
11520,-0.35418768920282545,(4.182196346359442-31.07026991727149j)
11521,-0.35413162910640206,(236.07232917870647+414.9145990440917j)
11522,-0.3540755690099787,(-367.2013900493206+478.88441544841834j)
11523,-0.3540195089135553,(266.86683256648615+113.19960521750455j)
11524,-0.353963448817132,(95.75468254167441-174.09154595413693j)
11525,-0.3539073887207086,(-176.36414921196337+29.135145653660956j)
11526,-0.35385132862428526,(100.96008332423939+88.81885468200258j)
11527,-0.35379526852786186,(-112.84833549890018+152.96596667935992j)
11528,-0.3537392084314385,(138.27468772206032-507.49528991404935j)
11529,-0.35368314833501513,(-138.365281141921-387.3316931145322j)
11530,-0.3536270882385918,(56.290936454092076-543.187080894j)
11531,-0.3535710281421684,(51.590431982703585-675.8206856362016j)
11532,-0.35351496804574506,(-36.47706865292648+260.7824455732509j)
11533,-0.35345890794932167,(-147.78517020229094-142.61230526028427j)
11534,-0.3534028478528983,(170.54028708536467-51.6575399302159j)
11535,-0.35334678775647493,(340.20592860720194+158.5226236043083j)
11536,-0.3532907276600516,(114.49242349559526-165.88783756108484j)
11537,-0.3532346675636282,(51.36487435739754+199.6928346819287j)
11538,-0.35317860746720486,(72.74724896901606+524.1771764390098j)
11539,-0.35312254737078147,(-278.5730447995338+405.44549919868035j)
11540,-0.35306648727435813,(-242.8695672809377+166.80331686403173j)
11541,-0.35301042717793474,(0.29709556134513804+116.68852629423151j)
11542,-0.3529543670815114,(352.8402962049074+212.03971685526466j)
11543,-0.352898306985088,(-311.21770366765367+240.09178731601665j)
11544,-0.35284224688866467,(-120.8154108153074+214.6838498872725j)
11545,-0.3527861867922413,(-481.21403937036035+44.56068457675421j)
11546,-0.35273012669581794,(-33.52385389396497-167.9915328257179j)
11547,-0.35267406659939454,(11.074316141265967-419.7466461411867j)
11548,-0.3526180065029712,(-225.78688710331397+233.65232964415122j)
11549,-0.3525619464065478,(211.09114036257265-244.95008200850907j)
11550,-0.35250588631012447,(-345.67758550722914+499.9139255340199j)
11551,-0.3524498262137011,(-249.115896519893-264.81090197864876j)
11552,-0.35239376611727774,(-354.0617310357111-121.00613310562798j)
11553,-0.35233770602085435,(-232.66178029204596+371.3140510338296j)
11554,-0.352281645924431,(135.47178373811226-56.56606570771087j)
11555,-0.3522255858280076,(120.54870524258865-244.3973053568442j)
11556,-0.3521695257315843,(-535.1217913473293+30.730823355049154j)
11557,-0.3521134656351609,(-116.10150059523774+145.87768923261453j)
11558,-0.35205740553873754,(138.77139698491467+254.78493154685682j)
11559,-0.35200134544231415,(-78.56854657355383-57.71184612043818j)
11560,-0.3519452853458908,(-333.11619665011597-23.27455346214917j)
11561,-0.3518892252494674,(-336.9939056743794-60.91556345171786j)
11562,-0.3518331651530441,(211.99205575390596+193.29433099770716j)
11563,-0.3517771050566207,(-188.44416526556972+336.52105835677605j)
11564,-0.35172104496019735,(414.85249196118446-100.74768787602932j)
11565,-0.35166498486377396,(368.0546913525211-166.15225501019992j)
11566,-0.3516089247673506,(-97.12948911553983-23.754980386215593j)
11567,-0.3515528646709272,(-127.65863392408723+5.46288102434589j)
11568,-0.3514968045745039,(-48.83725983375593-196.73868175387258j)
11569,-0.3514407444780805,(-6.929377880430678-170.23944361324035j)
11570,-0.35138468438165715,(20.791978783424423-96.71587834779585j)
11571,-0.35132862428523376,(-50.774089447164116-178.0570618305216j)
11572,-0.3512725641888104,(-306.867157502448+364.4443459469898j)
11573,-0.351216504092387,(-162.90941423047323+417.7813761606626j)
11574,-0.3511604439959637,(-103.89062977222724+170.1860649481269j)
11575,-0.3511043838995403,(112.10557169126577+233.93086418334994j)
11576,-0.35104832380311696,(25.11274316139113+45.41304022363175j)
11577,-0.35099226370669356,(-426.10945291322975-239.89676754531564j)
11578,-0.3509362036102702,(-69.55675921778787-96.44073723787744j)
11579,-0.35088014351384683,(311.63386758930415-458.3826937314739j)
11580,-0.3508240834174235,(362.46075893126357-174.66431593841148j)
11581,-0.3507680233210001,(-149.27745132436056-480.806739416656j)
11582,-0.35071196322457676,(-202.25840361391823-0.8157366592686799j)
11583,-0.35065590312815337,(-246.5560978640913-53.994395958918496j)
11584,-0.35059984303173003,(-257.9394842417214-165.14788481102445j)
11585,-0.35054378293530664,(163.63824480784433+116.51162787746576j)
11586,-0.3504877228388833,(663.8440151469032+317.3829152488888j)
11587,-0.3504316627424599,(-57.557803407254816-44.67187323749577j)
11588,-0.35037560264603657,(63.57417671611407-489.7597884041048j)
11589,-0.35031954254961317,(-38.96123763499958-338.8972317571372j)
11590,-0.35026348245318983,(181.95883084009157+86.08025970647842j)
11591,-0.35020742235676644,(-42.70741145781689-182.7485986567495j)
11592,-0.3501513622603431,(-471.11788771327025-337.41108762970777j)
11593,-0.3500953021639197,(10.748377587004448+23.330125946507756j)
11594,-0.35003924206749637,(-430.17890090156146-350.82659284845954j)
11595,-0.349983181971073,(-200.38810888985614+8.957254193911723j)
11596,-0.34992712187464964,(81.58972602608485-162.1943361307242j)
11597,-0.34987106177822624,(274.63483317339615-426.0931174778789j)
11598,-0.3498150016818029,(129.1193312981861+162.625317463059j)
11599,-0.3497589415853795,(-17.990806838172517+247.77576312031243j)
11600,-0.3497028814889562,(-167.87308113895392+76.95180796844808j)
11601,-0.3496468213925328,(127.00548361560958+185.0753334399663j)
11602,-0.34959076129610944,(-570.7576229120398-16.170245462547854j)
11603,-0.34953470119968605,(55.79620997304557+149.6358905182476j)
11604,-0.3494786411032627,(-107.0571958053905+596.2805018094939j)
11605,-0.3494225810068393,(-255.28839387312703-645.3902793140427j)
11606,-0.349366520910416,(15.942503400330253-125.66665650558889j)
11607,-0.3493104608139926,(-307.7892393181112+109.1154742185872j)
11608,-0.34925440071756925,(399.04229231894254-265.9111077058152j)
11609,-0.34919834062114585,(268.75852441624335-132.10281492871292j)
11610,-0.3491422805247225,(-0.5808769979722221-196.42411576531427j)
11611,-0.3490862204282991,(447.42427854887853+188.73374480078644j)
11612,-0.3490301603318758,(-82.38352279757372+498.92558891837376j)
11613,-0.3489741002354524,(147.21049137411973+14.801384563985522j)
11614,-0.34891804013902905,(-98.98003421002201+125.23605257702289j)
11615,-0.34886198004260566,(-337.53947974464825+374.07889332231593j)
11616,-0.3488059199461823,(129.22855962461847-36.42165008939754j)
11617,-0.3487498598497589,(-86.37109973985338+371.3730255234264j)
11618,-0.3486937997533356,(-228.31034904219447-17.363387415625525j)
11619,-0.3486377396569122,(71.06148586600968+94.2782583959603j)
11620,-0.34858167956048886,(320.8432406834079-372.93415556862533j)
11621,-0.34852561946406546,(-147.30441377041367-151.09270150764593j)
11622,-0.3484695593676421,(36.15709980678743+389.8566951849732j)
11623,-0.34841349927121873,(-292.2388944128954+161.19239329894498j)
11624,-0.3483574391747954,(240.21438480728585+92.86368584708794j)
11625,-0.348301379078372,(252.0972100127928-152.1815614896536j)
11626,-0.34824531898194866,(130.9857903449128-250.56635864169803j)
11627,-0.34818925888552527,(-17.895939996381976-142.09570877864545j)
11628,-0.3481331987891019,(346.54397168387015+247.720961605931j)
11629,-0.34807713869267853,(176.91932899347984-265.787484450236j)
11630,-0.3480210785962552,(252.38384330474688+145.25141778408624j)
11631,-0.3479650184998318,(-278.3767315385127+120.84122179578166j)
11632,-0.34790895840340846,(-481.86602797745195+300.952239689334j)
11633,-0.34785289830698507,(213.51623209511504-464.80149824072436j)
11634,-0.34779683821056173,(232.10797912346442-261.6159791179182j)
11635,-0.34774077811413834,(-298.4993038034629+449.3626019370831j)
11636,-0.347684718017715,(-83.26673352260093+281.19062209583905j)
11637,-0.3476286579212916,(306.3675248669564-303.6073804595263j)
11638,-0.34757259782486827,(241.82236293288778+297.79989906274494j)
11639,-0.3475165377284449,(344.6913007110571+338.38665254939895j)
11640,-0.34746047763202154,(522.2245161537685+121.38693115268329j)
11641,-0.34740441753559814,(77.48449315135063-29.460622575589216j)
11642,-0.3473483574391748,(-342.9800214919136-42.63000722867852j)
11643,-0.3472922973427514,(495.5046036732779-320.9391955665882j)
11644,-0.34723623724632807,(-14.465432022855765+186.4093357798498j)
11645,-0.3471801771499047,(19.90937141710124+409.0914068978469j)
11646,-0.34712411705348134,(399.2451016821525+35.317214604722906j)
11647,-0.34706805695705795,(-493.45317332396536+291.08205289038887j)
11648,-0.3470119968606346,(-153.5312337842318-332.86937823657325j)
11649,-0.3469559367642112,(117.19903521824756+66.33191991140316j)
11650,-0.3468998766677879,(163.42063512296698+203.75202550942964j)
11651,-0.3468438165713645,(-289.59778044712675-286.0360206130201j)
11652,-0.34678775647494114,(-135.98056261694342+323.3132958594544j)
11653,-0.34673169637851775,(110.53481892040475+236.7140342311358j)
11654,-0.3466756362820944,(-291.0269068353438+38.86309830214485j)
11655,-0.346619576185671,(-50.46060384366956+151.94965835963256j)
11656,-0.3465635160892477,(273.4655428003002+43.506185622311584j)
11657,-0.3465074559928243,(-278.1823366095449-246.10810655675527j)
11658,-0.34645139589640095,(-189.60481311484148+241.84320350388884j)
11659,-0.34639533579997756,(-284.0906337643666+589.3941607889476j)
11660,-0.3463392757035542,(-280.1482108660126-502.79781797811796j)
11661,-0.3462832156071308,(265.65519455608853-149.0228631698112j)
11662,-0.3462271555107075,(307.1437210444591-70.87114288476174j)
11663,-0.3461710954142841,(78.56554057537659-285.828696490949j)
11664,-0.34611503531786075,(143.51921395319943-392.6493711693982j)
11665,-0.34605897522143736,(485.73329884342695-111.31311925166878j)
11666,-0.346002915125014,(426.73517364930706-149.0679019523956j)
11667,-0.3459468550285906,(3.5335962983044027-94.14987709814312j)
11668,-0.3458907949321673,(262.3499066461288-31.35158995494669j)
11669,-0.3458347348357439,(257.4889710798095-204.20879392154626j)
11670,-0.34577867473932056,(110.81118431215378+183.33910160434348j)
11671,-0.34572261464289716,(-132.74159994114865+276.1415515844794j)
11672,-0.3456665545464738,(-572.9342373808358-254.54564433533824j)
11673,-0.34561049445005043,(-149.66663860914946-71.6090197491512j)
11674,-0.3455544343536271,(290.36885838602-75.85293197317266j)
11675,-0.3454983742572037,(444.72790544930234-273.5403210391959j)
11676,-0.34544231416078036,(-173.82774610533437-174.7582837156405j)
11677,-0.34538625406435697,(19.801249717957916+351.60774660526675j)
11678,-0.34533019396793363,(452.9829424498912-486.15845105486574j)
11679,-0.34527413387151024,(143.5029311161739-172.11897304130395j)
11680,-0.3452180737750869,(-148.73315921922895-5.084692689651433j)
11681,-0.3451620136786635,(-570.3656851713582-273.5167946778707j)
11682,-0.34510595358224017,(538.7598035522418-129.77533118251102j)
11683,-0.34504989348581677,(459.7410489023515+211.66172678154436j)
11684,-0.34499383338939343,(-197.85839262109073-157.66069604418254j)
11685,-0.34493777329297004,(77.0708916698336+213.43271447900918j)
11686,-0.3448817131965467,(124.03931815968244+323.02097331291463j)
11687,-0.3448256531001233,(-554.2746053657867-365.67688238043564j)
11688,-0.34476959300369997,(-208.4002184360575+154.93495142482206j)
11689,-0.3447135329072766,(-231.16578504280253-166.793179372979j)
11690,-0.34465747281085324,(-169.7135728726933+176.3353961847357j)
11691,-0.34460141271442984,(-155.0487687705965+122.59739887591033j)
11692,-0.3445453526180065,(76.34291835044776-86.81714992925714j)
11693,-0.3444892925215831,(-66.96212158705384-253.37588091232055j)
11694,-0.3444332324251598,(25.187939115076176-327.4281157835163j)
11695,-0.34437717232873644,(267.3502676486355+293.69515762888693j)
11696,-0.34432111223231304,(-600.2094462929416-128.4962522552009j)
11697,-0.3442650521358897,(-40.67017585332763+56.912207937347446j)
11698,-0.3442089920394663,(-589.7028234814351+171.83721000383824j)
11699,-0.344152931943043,(-39.62057537944088+509.01538723821363j)
11700,-0.3440968718466196,(81.06790212701716-45.27584476564526j)
11701,-0.34404081175019624,(-87.75514929214079+196.63959804245226j)
11702,-0.34398475165377285,(-142.11829901325655+405.4440829916735j)
11703,-0.3439286915573495,(-353.2175238035565+200.05709608088648j)
11704,-0.3438726314609261,(75.40689789845655+104.45459662355846j)
11705,-0.3438165713645028,(-287.33646154025246-115.76270054502704j)
11706,-0.3437605112680794,(-156.7406246474406-158.09457432567004j)
11707,-0.34370445117165604,(-135.6408700465439+0.596404760401839j)
11708,-0.34364839107523265,(-240.13982466521247-45.8513892698042j)
11709,-0.3435923309788093,(213.0421411467258-211.58036495628073j)
11710,-0.3435362708823859,(171.55607848149427+72.35708769123474j)
11711,-0.3434802107859626,(379.1394334762029-82.41801926236452j)
11712,-0.3434241506895392,(408.7818198957252+12.846038949028326j)
11713,-0.34336809059311585,(-59.647778850297186-525.2445469673879j)
11714,-0.34331203049669246,(-228.8443424313843+47.68298560853623j)
11715,-0.3432559704002691,(221.33882352633634-140.369481247602j)
11716,-0.3431999103038457,(-137.8982367314155+194.96245885677843j)
11717,-0.3431438502074224,(387.2263258560235+502.64192393916903j)
11718,-0.343087790110999,(625.8672157316746+12.514898185469804j)
11719,-0.34303173001457565,(-50.86093630019544-21.789761825370526j)
11720,-0.34297566991815226,(578.4399682152628-251.7791671989481j)
11721,-0.3429196098217289,(-116.08853813908914-186.7526102034481j)
11722,-0.3428635497253055,(-229.86207445944643-112.1621337672772j)
11723,-0.3428074896288822,(-339.1202946396067+303.18321717970014j)
11724,-0.3427514295324588,(636.5421546585821+193.25732067982275j)
11725,-0.34269536943603546,(-141.52470025145377-41.613299290227786j)
11726,-0.34263930933961206,(42.140606321290576-108.99150172349101j)
11727,-0.3425832492431887,(16.431022493162338+47.711973763214736j)
11728,-0.34252718914676533,(448.93116943117434+399.7317782705487j)
11729,-0.342471129050342,(-129.84847469522168+507.7672610563649j)
11730,-0.3424150689539186,(590.2733956529156-79.75209485873101j)
11731,-0.34235900885749526,(81.92766989442262+463.5326917554452j)
11732,-0.34230294876107187,(-15.73243508344079-29.513363767201238j)
11733,-0.34224688866464853,(626.3948453575418+119.92809365971122j)
11734,-0.34219082856822514,(65.21159587345157-55.636117886592125j)
11735,-0.3421347684718018,(-348.5516955716859+388.53839109146696j)
11736,-0.3420787083753784,(277.80426705347054-166.62043091397624j)
11737,-0.34202264827895507,(79.74958638595106-190.91468063514228j)
11738,-0.34196658818253167,(-129.26526868880606-406.41142298002626j)
11739,-0.34191052808610833,(399.30792641583014-52.954046218361526j)
11740,-0.34185446798968494,(103.01422311663235+178.58659247373507j)
11741,-0.3417984078932616,(-555.1092136609943-174.91012551000745j)
11742,-0.3417423477968382,(27.385165779203604-189.62416518429387j)
11743,-0.34168628770041487,(280.3672796259331+439.8065679415534j)
11744,-0.3416302276039915,(-4.994790138753146+414.6609752707277j)
11745,-0.34157416750756814,(-6.989450447032578+64.92310269608963j)
11746,-0.34151810741114474,(-216.7640502137761+148.28117681792594j)
11747,-0.3414620473147214,(-154.19794260789797+172.2981546144404j)
11748,-0.341405987218298,(352.6537655219206+302.23487150695917j)
11749,-0.3413499271218747,(88.18570750574703+104.19304221646111j)
11750,-0.3412938670254513,(125.88737072035005+81.35018508242591j)
11751,-0.34123780692902794,(-45.48534854986834-235.87268614956537j)
11752,-0.34118174683260455,(-45.11934561051226-227.13612934072347j)
11753,-0.3411256867361812,(-159.25301326519764+296.7859555853691j)
11754,-0.3410696266397578,(12.162761608163475-24.46248397354585j)
11755,-0.3410135665433345,(-80.91754398168865-60.90164645093745j)
11756,-0.3409575064469111,(147.57321894740264-232.8158281805146j)
11757,-0.34090144635048775,(11.745794395453814-157.2712307636487j)
11758,-0.34084538625406435,(79.3359081753051+421.04179023118104j)
11759,-0.340789326157641,(-303.43351430076126-101.68358904646095j)
11760,-0.3407332660612176,(87.82315497462342-113.59518213041201j)
11761,-0.3406772059647943,(333.4272875645035+166.567440667498j)
11762,-0.3406211458683709,(67.14542479305723-251.58289685174458j)
11763,-0.34056508577194755,(174.73134682724742-324.8278366463603j)
11764,-0.34050902567552416,(295.5586919105553-184.95539228915962j)
11765,-0.3404529655791008,(333.40152474659465+15.566132984837154j)
11766,-0.3403969054826774,(-203.13105066880973-101.54176463021005j)
11767,-0.3403408453862541,(-25.228650710277826-99.14019235189858j)
11768,-0.3402847852898307,(-360.6128053249632+32.1497889945004j)
11769,-0.34022872519340736,(493.2077333056873+112.33031794690652j)
11770,-0.34017266509698396,(-22.638834244747827+243.59980906506058j)
11771,-0.3401166050005606,(-12.335764175985108-240.09331926636057j)
11772,-0.34006054490413723,(-182.31040278721358-46.083875402654776j)
11773,-0.3400044848077139,(-514.8205247531997+241.41759610675334j)
11774,-0.3399484247112905,(-210.6138750041272-143.11068369586926j)
11775,-0.33989236461486716,(-56.62128155515603-597.5000103432787j)
11776,-0.33983630451844377,(-179.61294344443604-274.4804954158016j)
11777,-0.3397802444220204,(189.73007243134504+348.3014053667131j)
11778,-0.33972418432559703,(-69.99901554409331+154.82450416098976j)
11779,-0.3396681242291737,(-8.724296804914292+33.56677758861564j)
11780,-0.3396120641327503,(283.33161176373534-130.19761176536204j)
11781,-0.33955600403632696,(-132.49792581302395-79.48775926095095j)
11782,-0.33949994393990357,(20.065067603794517+296.2593405673399j)
11783,-0.33944388384348023,(428.4228577227482-690.1106251557422j)
11784,-0.33938782374705684,(-260.3716385010906-328.70926703994814j)
11785,-0.3393317636506335,(-132.63631040060218+291.354428581193j)
11786,-0.3392757035542101,(-289.8802843782377-33.25757380826914j)
11787,-0.33921964345778677,(-61.78060501051258+84.26394474509162j)
11788,-0.3391635833613634,(-318.2546153545087+306.14902154032274j)
11789,-0.33910752326494004,(150.48825369953167+528.3159426124226j)
11790,-0.33905146316851664,(437.095011524283-264.8145128787777j)
11791,-0.3389954030720933,(-282.5767430845285-218.36646872715318j)
11792,-0.3389393429756699,(398.15074632101414-264.620074956295j)
11793,-0.3388832828792466,(-20.250421426570355-116.04781501507833j)
11794,-0.3388272227828232,(-177.07219846609038+19.461857594036715j)
11795,-0.33877116268639984,(-276.21352521284115+179.10840326122644j)
11796,-0.33871510258997645,(-50.65077013327161+182.10471586729506j)
11797,-0.3386590424935531,(75.27751625989185+179.03051952813797j)
11798,-0.3386029823971297,(27.638666310845196-101.70015883124397j)
11799,-0.3385469223007064,(-53.55312533970781-256.11638614827507j)
11800,-0.338490862204283,(331.53864212648176+269.95079290451696j)
11801,-0.33843480210785964,(-85.22027607340182-138.92384553648054j)
11802,-0.33837874201143625,(164.25975863870335+333.3330463739699j)
11803,-0.3383226819150129,(601.8865160216328-25.369230137112936j)
11804,-0.3382666218185895,(31.011527762182055-530.9432874424025j)
11805,-0.3382105617221662,(170.81072193396716+337.7749617662791j)
11806,-0.3381545016257428,(421.93034536105006+176.25395596413426j)
11807,-0.33809844152931945,(149.05942513296094-262.20437426131235j)
11808,-0.33804238143289606,(-255.25125046924637-365.5298137731202j)
11809,-0.3379863213364727,(-95.96981555572951-106.69981339754987j)
11810,-0.3379302612400493,(56.61881648637171-257.28255431726325j)
11811,-0.337874201143626,(-360.9443280432646-54.3280537398653j)
11812,-0.3378181410472026,(522.9227938436123+224.78267218599603j)
11813,-0.33776208095077925,(280.72418209012295+238.73906847698493j)
11814,-0.33770602085435586,(371.97096638736525+97.46654031631307j)
11815,-0.3376499607579325,(-367.7104414374193-119.48535937739226j)
11816,-0.3375939006615091,(-558.2449642317638+195.61301963684656j)
11817,-0.3375378405650858,(-443.9882871910413-39.98429278719922j)
11818,-0.3374817804686624,(-141.55363570653992-83.17006186349639j)
11819,-0.33742572037223906,(-311.47225325928736-305.7345826601592j)
11820,-0.33736966027581566,(157.52063073764774-354.13659023298914j)
11821,-0.3373136001793923,(47.121001680479296-1.6426851619797578j)
11822,-0.33725754008296893,(125.61390023238503-105.47499310661216j)
11823,-0.3372014799865456,(150.2901667983965+343.58807178264135j)
11824,-0.3371454198901222,(194.26280852255948+185.20080761467744j)
11825,-0.33708935979369886,(-192.15459731611992-112.6498389239286j)
11826,-0.33703329969727547,(413.33320801477424-237.14923179622343j)
11827,-0.33697723960085213,(0.027250372526498978-132.21747377314895j)
11828,-0.33692117950442874,(-12.089945477653458-498.8693121147856j)
11829,-0.3368651194080054,(411.83729018430864+411.3932682325106j)
11830,-0.336809059311582,(-211.5642969751789+46.32051989396649j)
11831,-0.33675299921515867,(9.197497904042734+514.6454339575089j)
11832,-0.3366969391187353,(295.63654137382+114.88361278874557j)
11833,-0.33664087902231193,(551.6282340882873-293.26156957594446j)
11834,-0.33658481892588854,(-49.80967491949592+37.7147718078267j)
11835,-0.3365287588294652,(-14.812534067680815+402.51460819805146j)
11836,-0.3364726987330418,(360.2496390301824-230.5632342613941j)
11837,-0.33641663863661847,(-187.69386734319895-160.8411513194183j)
11838,-0.3363605785401951,(-418.82198712118156+6.3020474183063016j)
11839,-0.33630451844377174,(-51.67745089753853+184.08437809851307j)
11840,-0.33624845834734834,(-333.7497523755344-7.91107710441176j)
11841,-0.336192398250925,(89.32295873747121+270.72742885624496j)
11842,-0.3361363381545016,(-184.6852234360397+389.66504238800053j)
11843,-0.3360802780580783,(39.58982414840665-197.27342530095467j)
11844,-0.3360242179616549,(-112.17326436611839+224.97509960979318j)
11845,-0.33596815786523154,(190.42686010676988+126.4792058627782j)
11846,-0.33591209776880815,(-317.5165656393217+68.96859478534026j)
11847,-0.3358560376723848,(89.1625146052225+55.156376291641166j)
11848,-0.3357999775759614,(16.371511099085218-70.01723133082642j)
11849,-0.3357439174795381,(17.35899117027145+579.1643829375597j)
11850,-0.3356878573831147,(-32.55781390455721+250.75081267070053j)
11851,-0.33563179728669135,(83.06358566611411+305.9503502499769j)
11852,-0.33557573719026795,(347.1000269522675-4.3545142884781j)
11853,-0.3355196770938446,(253.8050201950015-208.49584213110245j)
11854,-0.3354636169974212,(51.76323899751747+208.27647212932504j)
11855,-0.3354075569009979,(-512.427018598116+87.9728239915371j)
11856,-0.3353514968045745,(169.49339774798602+48.12729942115708j)
11857,-0.33529543670815115,(-167.25716841539813-612.5754737638035j)
11858,-0.33523937661172776,(-4.383627324814796+40.95520595276166j)
11859,-0.3351833165153044,(183.6806917208086-189.9767479000456j)
11860,-0.335127256418881,(-350.76152550528514+33.810396991323955j)
11861,-0.3350711963224577,(78.16954975196413+104.49918553162371j)
11862,-0.3350151362260343,(-351.3916248729542+86.80648130199398j)
11863,-0.33495907612961096,(227.4920398777379+36.17633798472638j)
11864,-0.33490301603318756,(-136.52482565348083-4.768873116268338j)
11865,-0.3348469559367642,(-31.412865747486183-7.4231604482663505j)
11866,-0.33479089584034083,(64.72498727307166-477.58517774138045j)
11867,-0.3347348357439175,(214.97644292367363+2.7463633388900917j)
11868,-0.3346787756474941,(-51.916224331755316-542.7368600825091j)
11869,-0.33462271555107076,(385.6027048396224-194.93767972958045j)
11870,-0.33456665545464737,(-377.4908713803024-31.781434780077348j)
11871,-0.334510595358224,(110.04751701534943-367.161816870024j)
11872,-0.33445453526180063,(-18.784064263170656-140.2097202014369j)
11873,-0.3343984751653773,(-366.12598469920874-198.81170828859962j)
11874,-0.3343424150689539,(32.45037796100311-115.75553726532964j)
11875,-0.33428635497253056,(286.59590810731487+251.39667894098838j)
11876,-0.33423029487610717,(425.5178293235062+74.89043970418322j)
11877,-0.33417423477968383,(460.9920908138689-31.385647974900614j)
11878,-0.33411817468326044,(-239.37653560193996+111.03883197165345j)
11879,-0.3340621145868371,(-269.1800674331552-9.359597152006756j)
11880,-0.3340060544904137,(279.46842340420824+203.8836344571918j)
11881,-0.33394999439399037,(-230.39764653677378-86.10205847564265j)
11882,-0.333893934297567,(170.41465630147633+204.16193033725614j)
11883,-0.33383787420114364,(-270.53796755312703+86.40491237453963j)
11884,-0.33378181410472024,(-64.09462175130984-115.34292494220918j)
11885,-0.3337257540082969,(256.7702396502473+533.902050144716j)
11886,-0.3336696939118735,(510.08939808921957-89.89405794262439j)
11887,-0.3336136338154502,(294.6938097939814-621.7857921088331j)
11888,-0.3335575737190268,(572.1399784053654+86.25197695474739j)
11889,-0.33350151362260344,(-457.64014294822977+151.65928662363746j)
11890,-0.33344545352618005,(304.75048384028554+121.53199227885884j)
11891,-0.3333893934297567,(-565.2168575689254-273.7650858917374j)
11892,-0.3333333333333333,(67.65000000000083+575.6470858955175j)
11893,-0.33327727323691,(31.84043841131761-54.748491454921364j)
11894,-0.3332212131404866,(-219.6647719404036-124.2436730704033j)
11895,-0.33316515304406324,(-181.04953218695033-432.8637726380088j)
11896,-0.33310909294763985,(-469.4261916645296+101.2276520678526j)
11897,-0.3330530328512165,(-112.92652600174421+93.72952989121214j)
11898,-0.3329969727547931,(-434.5689886857438+241.39558147326375j)
11899,-0.3329409126583698,(54.663394251439+478.74599584089026j)
11900,-0.3328848525619464,(-332.2536279634991+34.83691334519841j)
11901,-0.33282879246552305,(49.05062583467851+154.70897636261063j)
11902,-0.33277273236909966,(112.33989352763658+502.52618305791134j)
11903,-0.3327166722726763,(209.95625876892473+462.62866134541815j)
11904,-0.3326606121762529,(-119.56072292697345-368.73416573154196j)
11905,-0.3326045520798296,(467.73902069071744+128.77286894914067j)
11906,-0.3325484919834062,(189.292314253232+147.16540785891803j)
11907,-0.33249243188698285,(133.00209380323997-412.92958797566337j)
11908,-0.33243637179055946,(-214.21171265737948-248.1859024029401j)
11909,-0.3323803116941361,(157.21051134527417-311.0358055290732j)
11910,-0.3323242515977127,(-125.81607858440297+254.5674207653737j)
11911,-0.3322681915012894,(-120.89848112932876-35.45493835125511j)
11912,-0.332212131404866,(-163.3435411567347-374.912447627688j)
11913,-0.33215607130844266,(87.00790493236076+28.844431031704616j)
11914,-0.33210001121201926,(-409.1504380834558-357.2637115522614j)
11915,-0.3320439511155959,(207.39238124943543-435.14411300333813j)
11916,-0.33198789101917253,(-187.05772548129156+202.6405878955109j)
11917,-0.3319318309227492,(524.165046895843+191.65257834430184j)
11918,-0.3318757708263258,(238.1198955405651+72.49919753336908j)
11919,-0.33181971072990246,(-235.5529929201728-624.1066062150871j)
11920,-0.33176365063347907,(-123.0485599321889-291.01784532540546j)
11921,-0.33170759053705573,(70.09273776129498+143.62487688433185j)
11922,-0.33165153044063234,(-139.9339515352295-337.3912278392974j)
11923,-0.331595470344209,(267.1645033867536-97.68072501686665j)
11924,-0.3315394102477856,(-243.78073907316124+509.15839272405844j)
11925,-0.33148335015136227,(229.98564972465687+453.6501467160213j)
11926,-0.3314272900549389,(71.8026075657567+229.5636229101201j)
11927,-0.33137122995851553,(-191.38989805937842+273.1987603915926j)
11928,-0.33131516986209214,(211.00278805545287-408.25069871257006j)
11929,-0.3312591097656688,(546.425202370245-299.27342110422126j)
11930,-0.3312030496692454,(132.11082940295086-379.6199115465571j)
11931,-0.33114698957282207,(506.73854413380496-449.31449117013597j)
11932,-0.3310909294763987,(77.6053800277655-258.7657581061325j)
11933,-0.33103486937997534,(59.4334209020505-276.98406747442516j)
11934,-0.33097880928355194,(-588.2568892429923+54.86911273416946j)
11935,-0.3309227491871286,(233.13893843512994+12.179572418514184j)
11936,-0.3308666890907052,(353.0444297946757-36.767653026809825j)
11937,-0.3308106289942819,(370.7751450146591+548.3111352452498j)
11938,-0.3307545688978585,(-164.09324474429457-145.26936240854462j)
11939,-0.33069850880143514,(61.252465920790485+844.5468334304461j)
11940,-0.33064244870501175,(-161.80255252246383-297.1651674547442j)
11941,-0.3305863886085884,(-162.17645340364137-208.63006542691465j)
11942,-0.330530328512165,(-100.99931717181173-174.83846773532974j)
11943,-0.3304742684157417,(-161.40495882344044-339.0995922205705j)
11944,-0.3304182083193183,(452.38239776567667-152.61728679756106j)
11945,-0.33036214822289495,(457.5350403138304+77.81199330318043j)
11946,-0.33030608812647155,(-145.73238016044465-166.71021118385377j)
11947,-0.3302500280300482,(480.4763446143656-686.7938806569824j)
11948,-0.3301939679336248,(-273.8224723178985-17.152641282397383j)
11949,-0.3301379078372015,(-308.67697648188556-164.08587876056112j)
11950,-0.3300818477407781,(148.57634701300154-285.4360776509868j)
11951,-0.33002578764435475,(51.29485172651363+364.0882491413704j)
11952,-0.3299697275479314,(-407.64774671831253+125.51045150160405j)
11953,-0.329913667451508,(-380.8003608088364+167.07207661438727j)
11954,-0.3298576073550847,(151.428723181823+245.6858018490511j)
11955,-0.3298015472586613,(-106.41545840620114+204.01003634091865j)
11956,-0.32974548716223795,(449.17390802376207-161.52490413236123j)
11957,-0.32968942706581456,(321.86268611356553+441.3347347138217j)
11958,-0.3296333669693912,(-134.88240934345367-132.54670370518787j)
11959,-0.3295773068729678,(-191.65623239987497+299.8545840589038j)
11960,-0.3295212467765445,(303.3743953506205+193.42311462755538j)
11961,-0.3294651866801211,(396.0568763558172-6.983395030147619j)
11962,-0.32940912658369775,(206.72369968638372-145.5875481633371j)
11963,-0.32935306648727436,(26.48991055606606-351.88672680628287j)
11964,-0.329297006390851,(121.3257031958984-40.793529816059085j)
11965,-0.3292409462944276,(64.02901514137949-431.5945043580488j)
11966,-0.3291848861980043,(212.73533045994367+734.460915855245j)
11967,-0.3291288261015809,(-283.9190799940204+443.0279986147463j)
11968,-0.32907276600515756,(156.10653706838627-537.9609134240692j)
11969,-0.32901670590873416,(159.63946309867885-218.62847265386097j)
11970,-0.3289606458123108,(-155.58401898503809+24.858024650336766j)
11971,-0.32890458571588743,(-512.4212153600986-268.5004083260126j)
11972,-0.3288485256194641,(513.4976384294622-141.6363935194975j)
11973,-0.3287924655230407,(-189.57995400057519-2.94349548202797j)
11974,-0.32873640542661736,(-87.77166521464495-124.10784823289514j)
11975,-0.32868034533019397,(-370.2467447573563-123.21687064491857j)
11976,-0.32862428523377063,(385.6135364643107+223.34606084193592j)
11977,-0.32856822513734724,(-183.93519785604798+100.86129668949738j)
11978,-0.3285121650409239,(229.66134926839186+84.17511657292613j)
11979,-0.3284561049445005,(-59.34686277779899+266.2699784019973j)
11980,-0.32840004484807717,(225.8560439986286+367.96098121428827j)
11981,-0.3283439847516538,(251.76361732270334+113.37683458500575j)
11982,-0.32828792465523043,(60.97684130815098-337.0566322212524j)
11983,-0.32823186455880704,(-283.44276650519765-197.88928170828433j)
11984,-0.3281758044623837,(-207.80430270824206-51.68139135965299j)
11985,-0.3281197443659603,(-135.55788102254505+268.9046416897491j)
11986,-0.32806368426953697,(-121.11989391542531+632.2283915305246j)
11987,-0.3280076241731136,(509.53939644862464+213.75890707564295j)
11988,-0.32795156407669024,(-599.0975829375542-35.04394151818246j)
11989,-0.32789550398026684,(-91.25064307370886-16.942436566798616j)
11990,-0.3278394438838435,(2.246588005577138+279.7071983791219j)
11991,-0.3277833837874201,(56.70042682596047-424.57555858028616j)
11992,-0.3277273236909968,(286.86628656105324-189.90869371884986j)
11993,-0.3276712635945734,(14.833431274331627+53.91031636406966j)
11994,-0.32761520349815004,(496.1379772360556+41.02194811806331j)
11995,-0.32755914340172665,(256.17031131094103+138.47513262550447j)
11996,-0.3275030833053033,(133.68178245024032+85.42149286333246j)
11997,-0.3274470232088799,(139.3310892538637+307.19628040109194j)
11998,-0.3273909631124566,(-11.897024352353661-438.8843989215191j)
11999,-0.3273349030160332,(-43.46247102480433-93.28303953601898j)
12000,-0.32727884291960985,(48.916436335046534-179.7439783010969j)
12001,-0.32722278282318645,(-63.025131860715696+370.9438519854112j)
12002,-0.3271667227267631,(-179.00861135713603+34.44035543087887j)
12003,-0.3271106626303397,(325.0653684279842-123.45682972962443j)
12004,-0.3270546025339164,(236.67558000004502-238.18108654966477j)
12005,-0.326998542437493,(7.729430070493642-143.0022366273667j)
12006,-0.32694248234106965,(107.34991081301354+148.8703544167956j)
12007,-0.32688642224464626,(52.529884248341425-163.9664124729074j)
12008,-0.3268303621482229,(-480.42538070155985+33.98917344585425j)
12009,-0.3267743020517995,(636.6688272037663-175.80127342600997j)
12010,-0.3267182419553762,(-85.01318690736045+288.48397743434236j)
12011,-0.3266621818589528,(601.6381277284803+396.96478157944006j)
12012,-0.32660612176252946,(292.3904841965548+171.57461916929947j)
12013,-0.32655006166610606,(-25.161513128319957-53.48778533903039j)
12014,-0.3264940015696827,(210.92468599861178+359.4635703541848j)
12015,-0.32643794147325933,(54.806442605987016-144.8148732170542j)
12016,-0.326381881376836,(76.64357085126441+103.11478404196053j)
12017,-0.3263258212804126,(114.33657117333+497.93208333333126j)
12018,-0.32626976118398926,(-171.6897430887223+160.23047754826905j)
12019,-0.32621370108756587,(117.38026965392032+242.957698494771j)
12020,-0.32615764099114253,(326.51432708655057-228.22120139854707j)
12021,-0.32610158089471913,(307.02479079284115-555.06562609158j)
12022,-0.3260455207982958,(-100.83893576840512+6.962086869588205j)
12023,-0.3259894607018724,(749.5490550885138+31.89189072721274j)
12024,-0.32593340060544906,(294.10400732329066+153.69392463883702j)
12025,-0.32587734050902567,(236.1598308247233+446.3517154642729j)
12026,-0.32582128041260233,(-417.3307078237148-48.75511058644466j)
12027,-0.32576522031617894,(-123.0730598214217+146.49396867619308j)
12028,-0.3257091602197556,(-320.0914433678322-185.04636713952027j)
12029,-0.3256531001233322,(134.89075568520104+309.09901883344446j)
12030,-0.32559704002690887,(21.8072135544532+51.52173224285104j)
12031,-0.3255409799304855,(-274.6870574880203-193.77870470040767j)
12032,-0.32548491983406214,(-503.70232505444454-299.0253272596515j)
12033,-0.32542885973763874,(42.691587913152595-108.62033708193158j)
12034,-0.3253727996412154,(259.83198052901975+305.5847013721008j)
12035,-0.325316739544792,(151.41862486469665+174.28006070553565j)
12036,-0.3252606794483687,(-135.59941821688784+148.0494652427393j)
12037,-0.3252046193519453,(-49.74059410410643-362.4802085252696j)
12038,-0.32514855925552194,(-381.02188480592645+122.84491137088727j)
12039,-0.32509249915909855,(-323.00913997178554-72.38153128741973j)
12040,-0.3250364390626752,(-48.215009246854166-247.14138208081928j)
12041,-0.3249803789662518,(163.56447936592642+257.8713129020855j)
12042,-0.3249243188698285,(82.68083147324728-28.955527527225943j)
12043,-0.3248682587734051,(442.3378170083057+68.85712621913709j)
12044,-0.32481219867698174,(-287.0944356210551+436.6249059175492j)
12045,-0.32475613858055835,(-326.69658825335546-22.04065795505096j)
12046,-0.324700078484135,(25.22044372425576+235.74343169177178j)
12047,-0.3246440183877116,(277.0552680597588-1.8282926590310336j)
12048,-0.3245879582912883,(-191.23831406855288-82.90201152576444j)
12049,-0.3245318981948649,(-8.182386857246684-221.21177508003296j)
12050,-0.32447583809844155,(-264.5871151374929-151.0041261784494j)
12051,-0.32441977800201816,(-127.14754830529894+230.50277552775336j)
12052,-0.3243637179055948,(13.165388895792319-252.0540516737123j)
12053,-0.3243076578091714,(383.6883551234309-64.30799971751163j)
12054,-0.3242515977127481,(-148.42010275865823-371.0430609112586j)
12055,-0.3241955376163247,(613.2273999147287-85.10591542227692j)
12056,-0.32413947751990135,(177.21903360049535-133.3478060023777j)
12057,-0.32408341742347796,(-570.4568127590851-254.40271776343414j)
12058,-0.3240273573270546,(90.7864536843582-271.4246755531445j)
12059,-0.3239712972306312,(-91.93559457596638-797.1884974444372j)
12060,-0.3239152371342079,(-68.52269986618789-200.62623327756882j)
12061,-0.3238591770377845,(340.7650851424505-66.87301081424944j)
12062,-0.32380311694136116,(58.506073635646715+175.96510781106466j)
12063,-0.32374705684493776,(-272.05739433868854-231.02757153680128j)
12064,-0.3236909967485144,(154.596722624593-170.40264358366994j)
12065,-0.32363493665209103,(352.34801570275226-63.58577612315696j)
12066,-0.3235788765556677,(-164.2881772489661+383.1494053547656j)
12067,-0.3235228164592443,(-485.28615747216287+174.9441569203121j)
12068,-0.32346675636282096,(-699.4172492847501+515.6537327685207j)
12069,-0.32341069626639757,(105.01644069528479+422.00149907255735j)
12070,-0.32335463616997423,(-83.80644696718802-281.75764789829157j)
12071,-0.32329857607355084,(48.93508417813341-450.9065588340938j)
12072,-0.3232425159771275,(300.27219686467356+73.978343023102j)
12073,-0.3231864558807041,(-4.284671948253244+27.97573105253447j)
12074,-0.32313039578428077,(-54.848330900936745-238.92620927772148j)
12075,-0.3230743356878574,(97.42258123730142-104.5748137495493j)
12076,-0.32301827559143403,(121.52345211588516-24.647899706863562j)
12077,-0.32296221549501064,(133.85937469478478-139.22844605693467j)
12078,-0.3229061553985873,(364.99327073332+39.018391089593834j)
12079,-0.3228500953021639,(426.6750595276927-138.76559402241185j)
12080,-0.32279403520574057,(26.803522618972295-430.62871714931197j)
12081,-0.3227379751093172,(-460.6440043173268-482.25621495212795j)
12082,-0.32268191501289384,(150.93996766164074+138.11735608684933j)
12083,-0.32262585491647044,(-299.1551159884221+20.078170235107507j)
12084,-0.3225697948200471,(101.18448193645418+333.00199186512634j)
12085,-0.3225137347236237,(16.40337719352831-113.32046222696688j)
12086,-0.3224576746272004,(422.17088371012903+70.12257333441255j)
12087,-0.322401614530777,(-343.4555372504416+380.8489011786734j)
12088,-0.32234555443435364,(339.35137419661964-226.98216521559524j)
12089,-0.32228949433793025,(456.17715356544056+29.634399263287804j)
12090,-0.3222334342415069,(-231.7402984758187-108.00566800833613j)
12091,-0.3221773741450835,(117.5833770329749+31.339871389863497j)
12092,-0.3221213140486602,(205.01696506400543+641.7347479671265j)
12093,-0.3220652539522368,(-249.2280601701628+272.8520370579093j)
12094,-0.32200919385581345,(380.93340449504757-269.7093671066069j)
12095,-0.32195313375939005,(109.52129302925348-144.18031651596831j)
12096,-0.3218970736629667,(113.84240940198774-231.23362609667063j)
12097,-0.3218410135665433,(-94.71136181026287+714.5688973090546j)
12098,-0.32178495347012,(78.32209133734986+144.96058471716682j)
12099,-0.3217288933736966,(-205.28550788284474+217.3200740826413j)
12100,-0.32167283327727325,(-113.3571060355402+244.60047492346834j)
12101,-0.32161677318084986,(-249.83177836860204-288.240778816833j)
12102,-0.3215607130844265,(46.50174839804227+224.50435626741228j)
12103,-0.3215046529880031,(-250.97384781624152+139.6341538031183j)
12104,-0.3214485928915798,(111.5348610279565-175.48375003271457j)
12105,-0.3213925327951564,(360.8325415806068-180.79272408091393j)
12106,-0.32133647269873306,(71.66703090033273+251.19849724050954j)
12107,-0.32128041260230966,(37.836325975928034-89.68979567470501j)
12108,-0.3212243525058863,(565.5434469615068-69.88137571771425j)
12109,-0.32116829240946293,(177.48743564067541-219.7856651136602j)
12110,-0.3211122323130396,(133.32099965931297+54.01671002454285j)
12111,-0.3210561722166162,(-72.6814759195394-163.1532634878565j)
12112,-0.32100011212019286,(-63.99178519869862-106.48335337582941j)
12113,-0.32094405202376947,(-119.9503958322667-119.88364018596425j)
12114,-0.32088799192734613,(-5.522938565403862-77.02576861856122j)
12115,-0.32083193183092273,(-54.3274849448356+131.54001324028457j)
12116,-0.3207758717344994,(-190.19707186639997+171.38553720577985j)
12117,-0.320719811638076,(-930.6669837401603-735.9409303418895j)
12118,-0.32066375154165266,(173.00418771893607-83.90549243617596j)
12119,-0.32060769144522927,(-75.26561146873733-286.0943995348754j)
12120,-0.32055163134880593,(-7.956639279303216+49.06847108072421j)
12121,-0.32049557125238254,(-76.81888887184635-233.3272981091699j)
12122,-0.3204395111559592,(168.0156389841978-305.63626223622737j)
12123,-0.3203834510595358,(336.6232725561798-574.6294657094772j)
12124,-0.32032739096311247,(187.87497351975492-255.09755990138592j)
12125,-0.3202713308666891,(312.6637522540128+45.272808558039685j)
12126,-0.32021527077026574,(422.63702330572016+173.27462590768408j)
12127,-0.32015921067384234,(-416.08800771242613+181.37122061423707j)
12128,-0.320103150577419,(-87.03751595789312+300.7956341540063j)
12129,-0.3200470904809956,(173.4105561385415-191.6303232152465j)
12130,-0.3199910303845723,(-280.5876345376444+4.696187942527104j)
12131,-0.3199349702881489,(209.76256781501942-37.002061770521124j)
12132,-0.31987891019172554,(47.54183347431473-413.2805022422431j)
12133,-0.31982285009530215,(79.41175481988336-448.87052526052247j)
12134,-0.3197667899988788,(-290.4102375423336-13.936458764661207j)
12135,-0.3197107299024554,(419.6690261164605-79.45707006351111j)
12136,-0.3196546698060321,(-200.22373614437075+18.871605657214545j)
12137,-0.3195986097096087,(69.87886825585429-311.95418641654925j)
12138,-0.31954254961318534,(222.39049470025105+153.51028099681378j)
12139,-0.31948648951676195,(167.45756560600879+16.593484603096172j)
12140,-0.3194304294203386,(760.0821346870324+524.7784960949414j)
12141,-0.3193743693239152,(-245.82425345861557+435.72767525823275j)
12142,-0.3193183092274919,(35.52969003020419-146.0730945097159j)
12143,-0.3192622491310685,(30.181205180914162+725.0257278329132j)
12144,-0.31920618903464515,(414.4676139615465+37.12806799653603j)
12145,-0.31915012893822176,(78.61316433964679-41.393509212218575j)
12146,-0.3190940688417984,(-223.5129837693928+8.165249941623642j)
12147,-0.319038008745375,(42.30913176879871+28.154817256408233j)
12148,-0.3189819486489517,(-348.9256235747022+115.08577152470076j)
12149,-0.3189258885525283,(-562.8412025140024-574.0826988854934j)
12150,-0.31886982845610495,(-160.56732901951173-242.68146140115644j)
12151,-0.31881376835968156,(-185.62051868139764+13.512460112732228j)
12152,-0.3187577082632582,(-70.66903322582799+160.24780545837845j)
12153,-0.31870164816683483,(487.0763588420519-157.62286514928303j)
12154,-0.3186455880704115,(130.8918836756376+294.9468835625756j)
12155,-0.3185895279739881,(-318.09383207766393+157.46184251847916j)
12156,-0.31853346787756476,(-122.54855553187335+107.29466049194437j)
12157,-0.31847740778114136,(-297.9863211244327+661.7037439794304j)
12158,-0.318421347684718,(231.46665062906894+450.8064704096798j)
12159,-0.31836528758829463,(-139.46534034525413+312.0243312577145j)
12160,-0.3183092274918713,(304.20360253801226-67.49234832133969j)
12161,-0.3182531673954479,(-245.0179982348172+25.04756321962718j)
12162,-0.31819710729902456,(123.86412512502652-341.85141676814015j)
12163,-0.31814104720260117,(-79.5881286397854-60.39531997841597j)
12164,-0.31808498710617783,(-102.78540357763737-192.97322386566054j)
12165,-0.31802892700975444,(-875.5825888847278-55.9565948087365j)
12166,-0.3179728669133311,(-26.740816798928233-376.30820352834735j)
12167,-0.3179168068169077,(158.3283043386437-216.86800277504295j)
12168,-0.31786074672048437,(216.47134556886067+58.09029204347938j)
12169,-0.317804686624061,(200.44801891183124+97.03740115506909j)
12170,-0.31774862652763763,(-164.25237358103834-189.84479861634085j)
12171,-0.31769256643121424,(499.5997585403408+272.85713665846464j)
12172,-0.3176365063347909,(350.58815958550076-7.434073172051939j)
12173,-0.3175804462383675,(345.2390287075897-225.35423948038598j)
12174,-0.31752438614194417,(431.91407700951004+33.54801649087885j)
12175,-0.3174683260455208,(-342.60377382119407+413.81531297581245j)
12176,-0.31741226594909744,(-388.1754206167599-740.7913433738893j)
12177,-0.31735620585267404,(150.77087060244492-349.5059064522911j)
12178,-0.3173001457562507,(-98.90425369512022-137.24898365018757j)
12179,-0.3172440856598273,(273.6388823943319-51.761759078488595j)
12180,-0.317188025563404,(233.53076919876753-317.12350552303553j)
12181,-0.3171319654669806,(368.9990977725116-145.67428398099494j)
12182,-0.31707590537055724,(62.000501803026886-128.0055974555467j)
12183,-0.31701984527413385,(509.13737287068045+359.6803448737485j)
12184,-0.3169637851777105,(444.12907192809746+448.78275299073886j)
12185,-0.3169077250812871,(16.9852857770727-76.3599842748383j)
12186,-0.3168516649848638,(342.13356063000606-212.7397821407153j)
12187,-0.3167956048884404,(-424.59273234754835+161.98461450994103j)
12188,-0.31673954479201705,(132.54314417600833+453.28041091142364j)
12189,-0.31668348469559365,(53.34272345856675+1057.1907909480028j)
12190,-0.3166274245991703,(-127.20979526398061-262.3320480441307j)
12191,-0.3165713645027469,(-38.33706338622369+342.21209746869437j)
12192,-0.3165153044063236,(-397.3744594159326+306.68647563378914j)
12193,-0.3164592443099002,(294.85715767649083-10.630314296206322j)
12194,-0.31640318421347685,(394.7122203528803+27.89598958221609j)
12195,-0.31634712411705346,(125.1982517756914+101.75628306718977j)
12196,-0.3162910640206301,(-151.88521215032426-24.28085065459703j)
12197,-0.3162350039242067,(-99.74237556799397-318.02074273373614j)
12198,-0.3161789438277834,(227.23213092286966-412.09679924034725j)
12199,-0.31612288373136,(19.80183242731404-28.84797348944349j)
12200,-0.31606682363493666,(-278.0217527373538-207.19729727141578j)
12201,-0.31601076353851326,(-48.626445498129414+60.883764327699616j)
12202,-0.3159547034420899,(420.5699648214069-445.63674581811244j)
12203,-0.31589864334566653,(-1.800213821669459+255.31045971578672j)
12204,-0.3158425832492432,(93.03739069088408-70.8583805349063j)
12205,-0.3157865231528198,(160.47281945022135-80.91936587235948j)
12206,-0.31573046305639646,(-212.51082613831386-547.6002060585836j)
12207,-0.3156744029599731,(152.65676805957676+13.445945021939632j)
12208,-0.31561834286354973,(-51.09984002244752-178.71329127436417j)
12209,-0.3155622827671264,(-109.83704456706842+142.2339536757036j)
12210,-0.315506222670703,(-603.2971302218427+87.55337960091774j)
12211,-0.31545016257427966,(-156.47428146662196+142.50528481726568j)
12212,-0.31539410247785626,(-172.85647075352423+266.04894558507954j)
12213,-0.3153380423814329,(15.314223526112158-251.01947763310972j)
12214,-0.31528198228500953,(307.14907781952434-130.75609996298772j)
12215,-0.3152259221885862,(-26.30536772734157-205.2514887086634j)
12216,-0.3151698620921628,(-65.33920079813672+53.70460138840145j)
12217,-0.31511380199573946,(142.28211517517565+156.9582461631986j)
12218,-0.31505774189931607,(-205.29775273006504+59.792913494600924j)
12219,-0.31500168180289273,(567.1286364404502-27.18177554018213j)
12220,-0.31494562170646934,(208.8238994034308+274.7353404824365j)
12221,-0.314889561610046,(120.20854999372813+274.7325072757311j)
12222,-0.3148335015136226,(412.9490538479103-249.8854367988684j)
12223,-0.31477744141719927,(243.41467976241134+256.5687390453558j)
12224,-0.3147213813207759,(-477.3842313787041+252.6180898430786j)
12225,-0.31466532122435253,(623.2941659218518-549.5309104497708j)
12226,-0.31460926112792914,(62.363715319859125+90.07596875605992j)
12227,-0.3145532010315058,(-637.8290381563276-201.95749537306904j)
12228,-0.3144971409350824,(16.279221960797003+539.6443559172935j)
12229,-0.31444108083865907,(65.36428615094573-186.71187415097563j)
12230,-0.3143850207422357,(327.955062747927-96.86349913703316j)
12231,-0.31432896064581234,(65.13908196472177-313.0862883159464j)
12232,-0.31427290054938894,(301.7181644714806+452.1684253522444j)
12233,-0.3142168404529656,(-16.315815897786962+323.75710854693205j)
12234,-0.3141607803565422,(-247.446674984735+312.50954695463673j)
12235,-0.3141047202601189,(310.5720292086327+143.83972253478544j)
12236,-0.3140486601636955,(7.986659917895338+603.283930450254j)
12237,-0.31399260006727214,(-161.25915912108303+417.6626983084993j)
12238,-0.31393653997084875,(149.92979294183013+212.66290904062174j)
12239,-0.3138804798744254,(-477.4799782982065-81.73985909186786j)
12240,-0.313824419778002,(-72.15203551599886+323.03742584842774j)
12241,-0.3137683596815787,(-435.47829192594367+242.37691226876197j)
12242,-0.3137122995851553,(-90.5787924825639-119.43498243776912j)
12243,-0.31365623948873195,(-19.112537710621687+127.44995835882547j)
12244,-0.31360017939230855,(435.8714480647259-13.645464263613178j)
12245,-0.3135441192958852,(364.83372777789725+349.5506816882122j)
12246,-0.3134880591994618,(579.9506983225556+281.4670032141223j)
12247,-0.3134319991030385,(-119.548243407202+293.89631392132526j)
12248,-0.3133759390066151,(-205.3352806093497-153.91160039380537j)
12249,-0.31331987891019175,(138.45328806335078+44.865866747822494j)
12250,-0.31326381881376836,(312.2254622668452+167.29077858691898j)
12251,-0.313207758717345,(493.87336732785457-712.778448260639j)
12252,-0.3131516986209216,(395.06032960672206+329.6005455032542j)
12253,-0.3130956385244983,(-361.02998151188126-38.95573714178448j)
12254,-0.3130395784280749,(-258.59931702944453+73.04138501650802j)
12255,-0.31298351833165156,(155.07951381345282-381.827843257227j)
12256,-0.31292745823522816,(497.5379922108605-153.9327984419355j)
12257,-0.3128713981388048,(176.650279350098+558.156292413496j)
12258,-0.31281533804238143,(329.6779276584581+100.61902872084204j)
12259,-0.3127592779459581,(-357.7796565070099+167.77205745171813j)
12260,-0.3127032178495347,(-352.55358354170676+59.60349214419281j)
12261,-0.31264715775311136,(-88.00732032489935+68.69725468653517j)
12262,-0.31259109765668797,(-64.79865161664605-559.3757962875086j)
12263,-0.31253503756026463,(-313.4247940402376+489.53626823344337j)
12264,-0.31247897746384123,(-261.18667178443354-540.7190862456089j)
12265,-0.3124229173674179,(-118.01043588985833+160.04945315353962j)
12266,-0.3123668572709945,(-216.33197087895402-28.657520018860385j)
12267,-0.31231079717457116,(434.5061914634981-342.3528092276309j)
12268,-0.31225473707814777,(-414.4271612474028+434.1748781253356j)
12269,-0.31219867698172443,(658.6351109310706-47.5950252498931j)
12270,-0.31214261688530104,(258.86096990820477+37.64480564265619j)
12271,-0.3120865567888777,(194.23307999937336+138.58723995240618j)
12272,-0.3120304966924543,(-308.5449615173337+80.485893781588j)
12273,-0.31197443659603097,(-162.69842464207426+44.080298132467576j)
12274,-0.3119183764996076,(-75.68935093983762+525.426775019664j)
12275,-0.31186231640318424,(-323.451856732727+331.66710786819647j)
12276,-0.31180625630676084,(-195.0379247481829-632.7088697156634j)
12277,-0.3117501962103375,(-448.90505310245493+170.9635370261301j)
12278,-0.3116941361139141,(353.270186896512-381.06547834724597j)
12279,-0.3116380760174908,(200.8765525561+68.74872408402922j)
12280,-0.3115820159210674,(181.56817130819735+357.3102144848151j)
12281,-0.31152595582464404,(18.697498026247715-208.55654965239984j)
12282,-0.31146989572822065,(159.07471815841672+449.82495754776266j)
12283,-0.3114138356317973,(-211.87836143990458-199.69159856732216j)
12284,-0.3113577755353739,(-234.2531456543597-100.60599057243681j)
12285,-0.3113017154389506,(597.1668594669361+432.45825268167516j)
12286,-0.3112456553425272,(-326.23297736067263-429.9242129112657j)
12287,-0.31118959524610385,(-369.97026942289926+391.1490657681053j)
12288,-0.31113353514968045,(157.28301045038856+181.6252977638095j)
12289,-0.3110774750532571,(-614.0542561641239+264.5388957709303j)
12290,-0.3110214149568337,(-374.3710131046105-149.75971246347524j)
12291,-0.3109653548604104,(-77.89446125328645-436.0487396539048j)
12292,-0.310909294763987,(78.82465598893323-351.15610865563104j)
12293,-0.31085323466756365,(248.778577284674-307.7890902511224j)
12294,-0.31079717457114026,(-24.68673620817981+424.62010933969094j)
12295,-0.3107411144747169,(-305.53810898654996+449.2384886934801j)
12296,-0.3106850543782935,(-269.628244654331+176.74484726119022j)
12297,-0.3106289942818702,(-208.1690979830998-98.38788379977214j)
12298,-0.3105729341854468,(269.7714183281189-221.08711317109766j)
12299,-0.31051687408902345,(358.7391826422002-428.4004078573545j)
12300,-0.31046081399260006,(480.2367347270997+30.27106602638557j)
12301,-0.3104047538961767,(306.0946961062339+222.9239840435216j)
12302,-0.31034869379975333,(238.795734088142-43.95799503890095j)
12303,-0.31029263370333,(-320.66801106528334-43.21864065253823j)
12304,-0.3102365736069066,(72.54666571752851-350.9336040904121j)
12305,-0.31018051351048326,(77.13221357216668+480.086557961052j)
12306,-0.31012445341405986,(-662.1943135666827-350.0496041825887j)
12307,-0.3100683933176365,(61.70491177760195+781.3606906574644j)
12308,-0.31001233322121313,(-108.10236285145965-439.8852642510742j)
12309,-0.3099562731247898,(152.58141854471154-385.95657682476985j)
12310,-0.3099002130283664,(-501.9749415399901+223.23897414446745j)
12311,-0.30984415293194306,(123.5241307709736-230.56922253614798j)
12312,-0.30978809283551967,(-320.54826526991775-337.287542281737j)
12313,-0.30973203273909633,(34.69569767755175-393.8163221402873j)
12314,-0.30967597264267294,(-214.28953089306555-281.15239078704747j)
12315,-0.3096199125462496,(-196.5150005971345+45.3615036234346j)
12316,-0.3095638524498262,(841.3724243610226+317.87327603560607j)
12317,-0.30950779235340287,(-389.128179988275-153.72030887912445j)
12318,-0.3094517322569795,(241.47855231661805+55.83937233434527j)
12319,-0.30939567216055613,(176.73698006855358+397.3476733037769j)
12320,-0.30933961206413274,(167.10130356868777-163.71016362333515j)
12321,-0.3092835519677094,(256.6138211664413-70.20679758208445j)
12322,-0.309227491871286,(-225.172894180459+610.2538150289164j)
12323,-0.30917143177486267,(-187.49218579595825-190.44861128026923j)
12324,-0.3091153716784393,(303.39128275472916+178.74298784960845j)
12325,-0.30905931158201594,(101.7314464601269-217.86947244163557j)
12326,-0.30900325148559254,(-188.28910791483318-561.9430868115583j)
12327,-0.3089471913891692,(419.69647022682625-187.79666946558868j)
12328,-0.3088911312927458,(255.00812533983213-217.66967675968138j)
12329,-0.3088350711963225,(-448.1015556904821+54.33619404003559j)
12330,-0.3087790110998991,(257.9315419702383-206.35520819767606j)
12331,-0.30872295100347574,(-152.58057037958423+367.5719739871001j)
12332,-0.30866689090705235,(-44.50232636948431-450.79528030749753j)
12333,-0.308610830810629,(392.8881311647699+184.52293248198265j)
12334,-0.3085547707142056,(236.93671277433563+58.04909779243397j)
12335,-0.3084987106177823,(626.9334225953652-189.31565105542828j)
12336,-0.3084426505213589,(-452.6579829285445+200.47092528141704j)
12337,-0.30838659042493555,(-182.6777432490847+97.3255669594057j)
12338,-0.30833053032851215,(-277.94309572299557+40.17058495360722j)
12339,-0.3082744702320888,(-172.5834202046583-78.66329594353166j)
12340,-0.3082184101356654,(-315.9176841786109-197.39876084593644j)
12341,-0.3081623500392421,(-224.15956327697435+347.37659418187803j)
12342,-0.3081062899428187,(206.75233473977318+200.2423609827871j)
12343,-0.30805022984639535,(-99.27799577537587+410.3115112588464j)
12344,-0.30799416974997196,(43.89255493700912-75.69892621919621j)
12345,-0.3079381096535486,(-435.1455437782939-124.26828642160142j)
12346,-0.3078820495571252,(-288.8569651757306+610.1643491147894j)
12347,-0.3078259894607019,(307.76165767689-101.08339763133574j)
12348,-0.3077699293642785,(56.53913597525636-495.5319115677584j)
12349,-0.30771386926785516,(-488.6214683083962+115.99854850321324j)
12350,-0.30765780917143176,(463.96705759559717-41.47879078701622j)
12351,-0.3076017490750084,(-190.78056463429027+548.8850454773906j)
12352,-0.30754568897858503,(-21.995468145227562+25.940980048824176j)
12353,-0.3074896288821617,(-38.791596189781-367.8590514740539j)
12354,-0.3074335687857383,(-290.9922576866302-311.5389016917438j)
12355,-0.30737750868931496,(126.85289618627215-123.13528015128719j)
12356,-0.30732144859289157,(400.95110629455866+291.8887423590115j)
12357,-0.30726538849646823,(422.6546323361024-112.11260418675485j)
12358,-0.30720932840004483,(-243.7947887717512+121.94721423172543j)
12359,-0.3071532683036215,(-190.03710227743804+14.669305777811495j)
12360,-0.3070972082071981,(302.90477902155254+158.00097701615542j)
12361,-0.30704114811077476,(273.0421318745798+242.61542697355634j)
12362,-0.30698508801435137,(179.12910855439242+299.2524752883775j)
12363,-0.30692902791792803,(1.6618564750563678-206.1687634768392j)
12364,-0.30687296782150464,(-112.14912047802746-15.21713669347502j)
12365,-0.3068169077250813,(61.47704447756337+739.4483417773963j)
12366,-0.3067608476286579,(342.085615989482+58.138285146510725j)
12367,-0.30670478753223457,(147.28282180621812-103.85378348762595j)
12368,-0.3066487274358112,(-653.3589086380948+450.34636357782654j)
12369,-0.30659266733938784,(637.78324260873+343.34512543654387j)
12370,-0.30653660724296444,(-84.24005985575022-354.32392807120425j)
12371,-0.3064805471465411,(-482.9681178492542-17.42849891719242j)
12372,-0.3064244870501177,(741.1928159413148-257.0803474197491j)
12373,-0.3063684269536944,(-343.58849263468096+95.08858844008839j)
12374,-0.306312366857271,(-449.57289586758776-47.07604914950974j)
12375,-0.30625630676084764,(87.80390244547121-407.9537308563123j)
12376,-0.30620024666442425,(163.47792404708804+984.9194423179672j)
12377,-0.3061441865680009,(177.0663917811592-487.15478017413466j)
12378,-0.3060881264715775,(263.60958766534924-195.5253080439482j)
12379,-0.3060320663751542,(45.84274546524351-269.52503519210137j)
12380,-0.3059760062787308,(-219.49666181595865+34.72839158708949j)
12381,-0.30591994618230745,(462.73532470734006+202.55968956017813j)
12382,-0.30586388608588405,(89.51557153289917+796.1319683206141j)
12383,-0.3058078259894607,(-69.82207966540373-123.20066796410168j)
12384,-0.3057517658930373,(187.0117945884926+123.58433669964018j)
12385,-0.305695705796614,(-111.41181235659607-88.91532112135931j)
12386,-0.3056396457001906,(-60.951971469880455-175.66440165484966j)
12387,-0.30558358560376725,(605.3931253673918+177.23044832274536j)
12388,-0.30552752550734386,(-94.91184792351739+26.030767207677897j)
12389,-0.3054714654109205,(-322.0530903858498-678.3985546789444j)
12390,-0.3054154053144971,(-210.9844450076054-280.65198574281374j)
12391,-0.3053593452180738,(-75.36727653465582+547.8974278594989j)
12392,-0.3053032851216504,(-96.78016289240931-225.7169710222848j)
12393,-0.30524722502522705,(68.70906704688144+92.51534722736193j)
12394,-0.30519116492880366,(3.5790449221305334+113.20545416238323j)
12395,-0.3051351048323803,(-135.22144569984258+371.72227111191535j)
12396,-0.30507904473595693,(-315.51188564695457+476.61392310580055j)
12397,-0.3050229846395336,(-344.17282211095767-36.420381997808875j)
12398,-0.3049669245431102,(-96.26581028016176-269.4384849790395j)
12399,-0.30491086444668686,(416.26376793357207+37.57648072201695j)
12400,-0.30485480435026346,(2.356328838074063-44.040376971098155j)
12401,-0.3047987442538401,(-333.5236483980448+208.61458353642163j)
12402,-0.30474268415741673,(-909.768027652699-153.48450444112956j)
12403,-0.3046866240609934,(473.0046580779683-226.07435049814205j)
12404,-0.30463056396457,(-468.81040831475735-218.35049922711957j)
12405,-0.30457450386814666,(-131.9690093783053-374.72928909886105j)
12406,-0.30451844377172327,(362.8189025148713+681.3603840615135j)
12407,-0.30446238367529993,(-526.9242477605516+189.37767885661788j)
12408,-0.30440632357887654,(-132.06879055817527+53.69785571377844j)
12409,-0.3043502634824532,(-131.64665391589523-126.20228290991511j)
12410,-0.3042942033860298,(100.22963069890204+264.50095179821574j)
12411,-0.30423814328960647,(-709.7947528530214+103.48471861210105j)
12412,-0.3041820831931831,(271.99373209814553+124.95079942961877j)
12413,-0.30412602309675973,(-237.2493761645851-521.8556387737142j)
12414,-0.30406996300033634,(-96.38331394050087+308.6200747208062j)
12415,-0.304013902903913,(-179.2623776136444-284.54317594242895j)
12416,-0.3039578428074896,(-64.34773857575264-429.45250253101744j)
12417,-0.30390178271106627,(-231.3261244514056-331.9998264286811j)
12418,-0.3038457226146429,(-90.50785384898117+296.6893634591435j)
12419,-0.30378966251821954,(-100.43638817880213+315.162026755174j)
12420,-0.30373360242179614,(-101.49045339602263+13.614862004502854j)
12421,-0.3036775423253728,(-310.69164656594114+351.49552122174555j)
12422,-0.3036214822289494,(-72.1140376096533-82.27894317727893j)
12423,-0.3035654221325261,(-128.8812393482509-449.2285528121972j)
12424,-0.3035093620361027,(-951.0583690842583-167.14300320675653j)
12425,-0.30345330193967934,(373.87948672913427+506.9970744302591j)
12426,-0.30339724184325595,(-276.5092855291261-403.3647880495894j)
12427,-0.3033411817468326,(231.24349477713957-243.50233490891534j)
12428,-0.3032851216504092,(115.36307902875376-255.25688179694433j)
12429,-0.3032290615539859,(-475.3658302972503+375.99356082024747j)
12430,-0.3031730014575625,(-411.2397971438571+159.56766012327063j)
12431,-0.30311694136113915,(-102.20115234575678+311.2835258149047j)
12432,-0.30306088126471575,(-130.39099091159494-86.4249465930292j)
12433,-0.3030048211682924,(-316.4695780006185+314.95751499286354j)
12434,-0.302948761071869,(202.60519923205962+491.63200501156604j)
12435,-0.3028927009754457,(401.2471428389335+242.14049549847087j)
12436,-0.3028366408790223,(95.33969224909345-116.9189242433871j)
12437,-0.30278058078259895,(84.7262125868852-105.24742472401584j)
12438,-0.30272452068617556,(311.7627868175315-607.4852040209071j)
12439,-0.3026684605897522,(183.89535729864426-554.7080319198822j)
12440,-0.3026124004933288,(-322.84638283844043+41.61173111177027j)
12441,-0.3025563403969055,(32.581376699541806+203.25208938280355j)
12442,-0.3025002803004821,(85.25012609443232+353.0619738734225j)
12443,-0.30244422020405876,(-434.3192419329349+189.702660771956j)
12444,-0.30238816010763536,(131.1636751088818+263.03435579984125j)
12445,-0.302332100011212,(-442.1737847311253+517.4902882361347j)
12446,-0.30227603991478863,(-434.0678361763102-305.2962137840046j)
12447,-0.3022199798183653,(-222.19080829444576+225.05228061089412j)
12448,-0.3021639197219419,(167.35555736894656+135.93811368421217j)
12449,-0.30210785962551856,(17.92715739848049+213.70903652140612j)
12450,-0.30205179952909517,(-247.29301789842077-109.3467375257598j)
12451,-0.30199573943267183,(220.9450422174602-7.58139305814322j)
12452,-0.30193967933624843,(-277.0674072179693+527.1252185095999j)
12453,-0.3018836192398251,(-36.019336318839514-8.103877612872878j)
12454,-0.3018275591434017,(199.235809317716-467.0424115946372j)
12455,-0.30177149904697836,(-134.9429784553376-360.3777644334505j)
12456,-0.30171543895055497,(218.06017260949835-37.33201736276635j)
12457,-0.30165937885413163,(-377.3865285776964+388.5114621032782j)
12458,-0.30160331875770824,(592.1684701910145+85.80736757682635j)
12459,-0.3015472586612849,(-132.5563721187166-210.31642594112324j)
12460,-0.3014911985648615,(2.313402193422526-164.80276469420386j)
12461,-0.30143513846843817,(-15.361973221981415-257.59155534437457j)
12462,-0.30137907837201483,(-78.71774065032002-401.3007493703346j)
12463,-0.30132301827559144,(-17.417075825180618+370.52244430981773j)
12464,-0.3012669581791681,(-284.2625065104793-62.530221087119834j)
12465,-0.3012108980827447,(161.319808572148+8.45811182602096j)
12466,-0.30115483798632137,(-75.5661819313978+45.258678883166226j)
12467,-0.301098777889898,(265.2667882547287-299.12710560005246j)
12468,-0.30104271779347463,(-222.15616524834553+154.70371329436978j)
12469,-0.30098665769705124,(78.42729038472898+59.577296706244034j)
12470,-0.3009305976006279,(259.5530119062647-449.774154337498j)
12471,-0.3008745375042045,(344.5515685657116-238.32952819008486j)
12472,-0.30081847740778117,(-272.8759416231389+226.3285940085861j)
12473,-0.3007624173113578,(-223.55168921894733-579.1208423744348j)
12474,-0.30070635721493444,(289.96500575160024+676.7839306759226j)
12475,-0.30065029711851105,(-126.2843038514689-98.14871541731955j)
12476,-0.3005942370220877,(232.6554482352741-114.73720181578834j)
12477,-0.3005381769256643,(-4.690452677844732+196.39602736897285j)
12478,-0.300482116829241,(-144.75645781342953+333.0635305057131j)
12479,-0.3004260567328176,(-280.80573613899384-224.82452066354335j)
12480,-0.30036999663639424,(-157.11020457864373-392.3644510636713j)
12481,-0.30031393653997085,(-5.906062378116985-512.7418179640952j)
12482,-0.3002578764435475,(-199.44109177644467+33.09100752657342j)
12483,-0.3002018163471241,(-238.9725325219385-51.64651888836657j)
12484,-0.3001457562507008,(437.3860467502885+324.67928640511616j)
12485,-0.3000896961542774,(-20.058387180281755-172.07868284390184j)
12486,-0.30003363605785405,(-285.6520344874249+101.74013464019797j)
12487,-0.29997757596143065,(-308.2887411605884-338.50138530611616j)
12488,-0.2999215158650073,(270.8021860970088-88.76416809726885j)
12489,-0.2998654557685839,(389.97621427485154+8.895251535533898j)
12490,-0.2998093956721606,(-51.63298307916327+46.021828336810074j)
12491,-0.2997533355757372,(336.0482247873503+126.27833802632334j)
12492,-0.29969727547931385,(60.43212149464431+19.612065680735416j)
12493,-0.29964121538289046,(-382.74825294023805+603.5240290574142j)
12494,-0.2995851552864671,(418.03419142069436+467.49224368905743j)
12495,-0.2995290951900437,(-120.94319497121506-251.54631917022516j)
12496,-0.2994730350936204,(100.22773874448359-348.5304106000579j)
12497,-0.299416974997197,(478.96499654399486-147.65257828804772j)
12498,-0.29936091490077366,(46.99328163380248+310.487084754434j)
12499,-0.29930485480435026,(-224.63500456191073+127.87286757858611j)
12500,-0.2992487947079269,(-351.23672580953325+542.5377775250795j)
12501,-0.29919273461150353,(151.86931194714077-78.33320986359763j)
12502,-0.2991366745150802,(209.75698091034837+23.72584304353083j)
12503,-0.2990806144186568,(-495.8205431588408+47.061889687440825j)
12504,-0.29902455432223346,(143.54428702676856+78.44372690692164j)
12505,-0.29896849422581007,(-487.36735131309655+28.01666803226408j)
12506,-0.29891243412938673,(16.95618409860569+378.82037829504486j)
12507,-0.29885637403296333,(-616.5802729825278+232.23486866786308j)
12508,-0.29880031393654,(134.1434056844903+182.50781566916274j)
12509,-0.2987442538401166,(0.8375046631554364-169.5644075925901j)
12510,-0.29868819374369326,(-195.9380186926049-304.6577224682368j)
12511,-0.29863213364726987,(655.6404630275972+623.7264567098197j)
12512,-0.29857607355084653,(28.577592638506296-105.84811373125208j)
12513,-0.29852001345442314,(-39.005841305675204+393.64861446931116j)
12514,-0.2984639533579998,(224.10378853488658-36.08521252553464j)
12515,-0.2984078932615764,(-142.40880538762457-204.46966130810827j)
12516,-0.29835183316515307,(408.3045444256762-46.920351824970766j)
12517,-0.2982957730687297,(-88.62076626391843-522.4169327064478j)
12518,-0.29823971297230634,(-576.8427863256597-576.3379277262031j)
12519,-0.29818365287588294,(496.6040669423998-277.1305086178052j)
12520,-0.2981275927794596,(288.9249176899016-158.91913773933834j)
12521,-0.2980715326830362,(-300.0623230148023+223.39784640861717j)
12522,-0.2980154725866129,(384.22603582104705+313.69230374287173j)
12523,-0.2979594124901895,(122.59595405025328+595.6072363364998j)
12524,-0.29790335239376614,(-417.57425731712385+245.21771536913246j)
12525,-0.29784729229734275,(-319.6242221918091+344.69460133804256j)
12526,-0.2977912322009194,(216.59427760726268+44.79824319242811j)
12527,-0.297735172104496,(-360.5720414133857+445.4820557968699j)
12528,-0.2976791120080727,(-236.38887768150448+64.78207628088836j)
12529,-0.2976230519116493,(292.60190378401154-208.8572793182026j)
12530,-0.29756699181522595,(404.0597259118821-51.77756757388457j)
12531,-0.29751093171880255,(44.33335450669803+129.3611942472681j)
12532,-0.2974548716223792,(207.48067314654793-147.4648453908373j)
12533,-0.2973988115259558,(129.31581622965945+73.73358559529996j)
12534,-0.2973427514295325,(39.124753575372864-590.9801418210166j)
12535,-0.2972866913331091,(-245.8626239143287-667.2721779182078j)
12536,-0.29723063123668575,(-610.7217410396158-882.8179771810464j)
12537,-0.29717457114026236,(-609.1319045719505-239.79781475423675j)
12538,-0.297118511043839,(430.33345986128904+108.3102308538841j)
12539,-0.2970624509474156,(716.6218060003696+129.7799363205328j)
12540,-0.2970063908509923,(-538.6392420517694+516.233098519505j)
12541,-0.2969503307545689,(60.651649207572234+700.2308193556058j)
12542,-0.29689427065814555,(-369.54104345957666+130.96954078518695j)
12543,-0.29683821056172216,(-213.1207595105477+169.36875181222393j)
12544,-0.2967821504652988,(-324.96590061805733-683.5415502592509j)
12545,-0.29672609036887543,(127.97838912296821-340.6163802033174j)
12546,-0.2966700302724521,(-21.9441173892349+412.04835429629554j)
12547,-0.2966139701760287,(481.63609223699075+240.4477156145739j)
12548,-0.29655791007960536,(-63.10870218136632+156.4489962018961j)
12549,-0.29650184998318196,(-835.2825105124348+564.0876021711026j)
12550,-0.2964457898867586,(706.4972023490207+119.50934892470804j)
12551,-0.29638972979033523,(168.19457521917406+362.16588360534274j)
12552,-0.2963336696939119,(83.52704907409156+0.8983645388533255j)
12553,-0.2962776095974885,(115.32690306339575+145.5134496749101j)
12554,-0.29622154950106516,(-22.36180551710075-264.28044638026086j)
12555,-0.29616548940464177,(130.17293309184606+367.37584180348995j)
12556,-0.29610942930821843,(-427.35414338884095+378.8138429841655j)
12557,-0.29605336921179504,(-126.24194588377298+96.70346857430272j)
12558,-0.2959973091153717,(-248.7423556259804+244.35500658235208j)
12559,-0.2959412490189483,(-205.48960348737677+238.173307532409j)
12560,-0.29588518892252497,(241.8261677904825+350.6348605694683j)
12561,-0.2958291288261016,(-274.5972331260486+278.4392373003183j)
12562,-0.29577306872967823,(-374.8482440267685+92.26188403720806j)
12563,-0.29571700863325484,(185.62971844264396+101.03779435742861j)
12564,-0.2956609485368315,(192.5038098484537+286.72937989983416j)
12565,-0.2956048884404081,(-170.18091729631618+391.21468837786597j)
12566,-0.29554882834398477,(161.1975699353623-34.50225927176932j)
12567,-0.2954927682475614,(702.1593386097555-221.20474470570554j)
12568,-0.29543670815113804,(-145.43767083714636+216.5118615080954j)
12569,-0.29538064805471465,(-312.5265593112098+251.17070670551323j)
12570,-0.2953245879582913,(-334.7744504983714+152.30284057970542j)
12571,-0.2952685278618679,(-368.3330433548371+392.4202042036181j)
12572,-0.2952124677654446,(65.79324151026324+46.812604211811895j)
12573,-0.2951564076690212,(421.1752740414202+222.46566764093535j)
12574,-0.29510034757259784,(-165.6063412925882+217.27841389752993j)
12575,-0.29504428747617445,(-779.2897657372522-514.8210803184561j)
12576,-0.2949882273797511,(-386.21843786278976+38.29422960836678j)
12577,-0.2949321672833277,(140.76206817792095-59.14179217406975j)
12578,-0.2948761071869044,(261.2580556310896-104.14142937849627j)
12579,-0.294820047090481,(142.06351965027022-38.40885972582937j)
12580,-0.29476398699405765,(313.4522130182747+2.905172455495716j)
12581,-0.29470792689763425,(-1.0261366342435387+58.64655346471569j)
12582,-0.2946518668012109,(32.97354253843176+203.7971361035006j)
12583,-0.2945958067047875,(303.29371489501546-381.3178614238504j)
12584,-0.2945397466083642,(320.5538205858877-375.0723116096477j)
12585,-0.2944836865119408,(-252.85409108894368-492.0667528499826j)
12586,-0.29442762641551745,(-419.6802787928515-386.6849358166824j)
12587,-0.29437156631909406,(12.988738767177814+28.37479286316583j)
12588,-0.2943155062226707,(-81.17132454072464+159.65646697274764j)
12589,-0.2942594461262473,(-273.20329190680394-110.13845928816949j)
12590,-0.294203386029824,(-503.54902792102274-159.12802825868508j)
12591,-0.2941473259334006,(385.2207652817028-360.418304704085j)
12592,-0.29409126583697726,(-201.61144522478546-80.28333049898455j)
12593,-0.29403520574055386,(-175.6405669420206-737.1086483256022j)
12594,-0.2939791456441305,(-56.43751294826042-201.29300325043937j)
12595,-0.29392308554770713,(-472.1917708757168-130.37217024026637j)
12596,-0.2938670254512838,(414.8080938474828-129.75635385391763j)
12597,-0.2938109653548604,(141.21478374072885+109.07851631253703j)
12598,-0.29375490525843706,(-519.8494461730695-297.315669093431j)
12599,-0.29369884516201367,(207.51532013674247+257.2156199082427j)
12600,-0.29364278506559033,(-430.3795440117929+241.88773890970964j)
12601,-0.29358672496916693,(-87.30515242189269+156.28909512840096j)
12602,-0.2935306648727436,(-105.34603587052308+177.1598070298689j)
12603,-0.2934746047763202,(272.2133509675863+430.42607461498125j)
12604,-0.29341854467989686,(272.89107480310173+363.49957441312034j)
12605,-0.29336248458347347,(638.7468742428622+153.820094265972j)
12606,-0.29330642448705013,(-471.3781493856222-170.34138031002652j)
12607,-0.29325036439062674,(-295.091522012386+224.87293623003993j)
12608,-0.2931943042942034,(-254.66536525666143+362.33766316766605j)
12609,-0.29313824419778,(43.21130149358796+3.1848713996705165j)
12610,-0.29308218410135667,(375.7779792294751-253.0342568443937j)
12611,-0.2930261240049333,(-98.16959107382038+290.9397096830382j)
12612,-0.29297006390850994,(294.6158597519676+63.70546649087644j)
12613,-0.29291400381208654,(267.99920118524614+35.76262088631888j)
12614,-0.2928579437156632,(-50.714162139850345-646.4213983178879j)
12615,-0.2928018836192398,(-296.4814445775482+348.41052471180785j)
12616,-0.2927458235228165,(147.21625726113646-76.52644019670936j)
12617,-0.2926897634263931,(-294.00024646843383-288.9925756493011j)
12618,-0.29263370332996974,(-202.4742160021384+317.3506830711108j)
12619,-0.29257764323354635,(65.18292198428026+76.70367751539834j)
12620,-0.292521583137123,(-20.13255117085601+170.37239052009355j)
12621,-0.2924655230406996,(395.2150181461079-110.66750870252594j)
12622,-0.2924094629442763,(-28.464995004733865+278.626868871045j)
12623,-0.2923534028478529,(142.91503054712155+280.90849507900515j)
12624,-0.29229734275142955,(179.6126749323925-11.002277011302889j)
12625,-0.29224128265500615,(-77.41283428163658-239.59359816756995j)
12626,-0.2921852225585828,(-125.96485965451866+256.0628181217037j)
12627,-0.2921291624621594,(-623.9508702477542-18.38360478163702j)
12628,-0.2920731023657361,(182.4245556662818+260.329779275539j)
12629,-0.2920170422693127,(601.138931463692-601.4020704437895j)
12630,-0.29196098217288935,(-1044.5966073898653-237.16874874135195j)
12631,-0.29190492207646596,(149.1837823288999+208.7899768742505j)
12632,-0.2918488619800426,(131.96753155820414-83.78902798653857j)
12633,-0.2917928018836192,(-311.15544583145714-81.14591248440935j)
12634,-0.2917367417871959,(49.58160719677396-59.546779056284144j)
12635,-0.2916806816907725,(-180.1157818355892-4.85005961911552j)
12636,-0.29162462159434915,(-227.50420631016695-142.94228547382818j)
12637,-0.29156856149792576,(-143.04292918001715-133.03646889153407j)
12638,-0.2915125014015024,(-103.07693539585668-187.57963202646965j)
12639,-0.29145644130507903,(219.0638725825126-434.13206834716755j)
12640,-0.2914003812086557,(-338.3044124905406+379.6186119897396j)
12641,-0.2913443211122323,(403.91358918438596-172.1107409358861j)
12642,-0.29128826101580896,(-285.9077160119688-524.2709863800023j)
12643,-0.29123220091938556,(-1097.7381118303356-35.14729866653221j)
12644,-0.2911761408229622,(-60.6677636810938-281.7715699593583j)
12645,-0.29112008072653883,(303.3227630141139+128.40149468708358j)
12646,-0.2910640206301155,(668.3297178276347-365.5530016165971j)
12647,-0.2910079605336921,(-174.61986715976747-139.87096157034225j)
12648,-0.29095190043726876,(310.71498377774475-106.47878947801522j)
12649,-0.29089584034084537,(-18.66899198034589+373.53940371534554j)
12650,-0.29083978024442203,(20.367196280046542-40.57293718166765j)
12651,-0.29078372014799864,(-218.77389972841735+59.61947336882237j)
12652,-0.2907276600515753,(-148.1341927999443-96.45231612585391j)
12653,-0.2906715999551519,(-149.92765338334985+329.9900406193793j)
12654,-0.29061553985872857,(547.9123196391041+68.41966309246426j)
12655,-0.2905594797623052,(-36.19835955800183-410.341162297904j)
12656,-0.29050341966588183,(-203.70314505464194-44.89530875974094j)
12657,-0.29044735956945844,(-9.464670125028551-42.14204819520667j)
12658,-0.2903912994730351,(145.7848714765139-83.86648238023365j)
12659,-0.2903352393766117,(138.33499991111333+749.6746248501696j)
12660,-0.29027917928018837,(127.45973495909203+463.6726861653392j)
12661,-0.290223119183765,(-62.68751271819571+215.97968433315907j)
12662,-0.29016705908734164,(-68.05039888811254+200.51817796550822j)
12663,-0.29011099899091825,(224.40556031242141-152.38507428587334j)
12664,-0.2900549388944949,(296.5969587613116+451.3052314141928j)
12665,-0.2899988787980715,(-258.78018733483077-193.47656798199256j)
12666,-0.2899428187016482,(-610.9472630054449-622.4785598292432j)
12667,-0.2898867586052248,(-209.8211032697718-740.8428311526793j)
12668,-0.28983069850880144,(-154.32414549431408+264.74442420311505j)
12669,-0.28977463841237805,(-89.33323055906764+131.54471662199305j)
12670,-0.2897185783159547,(53.38024410090796+6.8594232720619j)
12671,-0.2896625182195313,(-83.36985065186082+59.485462958481676j)
12672,-0.289606458123108,(514.7839174052514+149.48547345290172j)
12673,-0.2895503980266846,(-92.11789465639313+167.90759645581497j)
12674,-0.28949433793026125,(-283.7062378306672+7.124837539859698j)
12675,-0.28943827783383785,(4.089570117078807+297.2410375808283j)
12676,-0.2893822177374145,(-85.80020202657528-278.2077778313776j)
12677,-0.2893261576409911,(348.362706249932+435.435293958303j)
12678,-0.2892700975445678,(11.31963116134555+0.07080917012747179j)
12679,-0.2892140374481444,(-281.126928954472-145.83731256468292j)
12680,-0.28915797735172105,(-163.94351512634674+46.445570662573196j)
12681,-0.28910191725529766,(813.5736858168534+7.035123744341746j)
12682,-0.2890458571588743,(442.85812781357504-644.8546716199044j)
12683,-0.2889897970624509,(-663.626765660034-42.04048053143373j)
12684,-0.2889337369660276,(623.1005603550691+67.79420385032853j)
12685,-0.2888776768696042,(520.8093135711566-270.4418210015002j)
12686,-0.28882161677318086,(-136.52013585763333+85.61640376384236j)
12687,-0.28876555667675746,(538.1274824370133-616.7809840572734j)
12688,-0.2887094965803341,(157.79795151034762+179.86148299053608j)
12689,-0.28865343648391073,(-326.7235637434862-115.106065182634j)
12690,-0.2885973763874874,(395.8073826958644-702.485146529493j)
12691,-0.288541316291064,(-454.5136457595346-318.3035942951347j)
12692,-0.28848525619464066,(-1.3728785606126834-341.8974956483958j)
12693,-0.28842919609821727,(-326.55335539974-193.89920054376802j)
12694,-0.28837313600179393,(-298.2206340411321+795.4746697962535j)
12695,-0.28831707590537053,(34.98923735379474-177.92120233183033j)
12696,-0.2882610158089472,(19.598965734226322-60.658852216680245j)
12697,-0.2882049557125238,(65.50618489522745+167.8481058994456j)
12698,-0.28814889561610046,(793.1402417366841-58.960038046150885j)
12699,-0.28809283551967707,(469.89641189948+457.0387447299805j)
12700,-0.28803677542325373,(-191.27988581726916-246.2210782450654j)
12701,-0.28798071532683034,(617.0263072468396-85.33228313990239j)
12702,-0.287924655230407,(250.0569685242221+266.59521010786364j)
12703,-0.2878685951339836,(215.00364592311774-27.70564048234364j)
12704,-0.28781253503756027,(-275.97116984869297-81.78674452614047j)
12705,-0.2877564749411369,(294.5509557052294+349.25190125713135j)
12706,-0.28770041484471354,(-288.53693767488886-14.161888456493113j)
12707,-0.28764435474829014,(248.87874868699134-46.02720274837783j)
12708,-0.2875882946518668,(-43.67372942917985+87.9852177290502j)
12709,-0.2875322345554434,(-46.39644745632049-198.72609200705358j)
12710,-0.2874761744590201,(132.7480912904137+112.5896851363007j)
12711,-0.2874201143625967,(-291.51776750138123-78.00560047257873j)
12712,-0.28736405426617334,(-456.1450588762591+14.35964634931959j)
12713,-0.28730799416974995,(-136.62290815323203+831.7286394175114j)
12714,-0.2872519340733266,(9.070630735220934+72.39608416672722j)
12715,-0.2871958739769032,(65.88052285766145-384.26470807989193j)
12716,-0.2871398138804799,(106.34991368126067-229.00233161125732j)
12717,-0.2870837537840565,(-553.9818312485643+51.56906727870205j)
12718,-0.28702769368763315,(-454.9906899541698-344.99251313725154j)
12719,-0.2869716335912098,(-461.8578770653951+166.41471611705802j)
12720,-0.2869155734947864,(-441.897523380901-778.9900295527109j)
12721,-0.2868595133983631,(421.1978272869982+115.82596593061214j)
12722,-0.2868034533019397,(298.57431910997104-55.160732194748135j)
12723,-0.28674739320551634,(213.5515675254593-386.13568465298687j)
12724,-0.28669133310909295,(4.191062445158309+575.3345105251755j)
12725,-0.2866352730126696,(-394.40637396626005+462.32765711287846j)
12726,-0.2865792129162462,(234.78086394169657-31.619651733747116j)
12727,-0.2865231528198229,(-42.622108064685065-289.62315681779313j)
12728,-0.2864670927233995,(-285.2501734381146-133.52949618860862j)
12729,-0.28641103262697615,(-673.0787557901234-529.7820437324043j)
12730,-0.28635497253055275,(290.2810870865362-112.67562274655522j)
12731,-0.2862989124341294,(235.01573024053647-77.33569834837093j)
12732,-0.286242852337706,(470.1405385643568-439.600304977954j)
12733,-0.2861867922412827,(314.006734628129+390.5929241875399j)
12734,-0.2861307321448593,(191.72075149601113+184.87214800136118j)
12735,-0.28607467204843595,(40.5804680949038-94.0951691209085j)
12736,-0.28601861195201256,(-180.7879823673909-21.24343589685604j)
12737,-0.2859625518555892,(139.56540573995332-563.9340366990816j)
12738,-0.2859064917591658,(-277.72107314116977+22.039258218747577j)
12739,-0.2858504316627425,(368.62115405783993+32.77403304368875j)
12740,-0.2857943715663191,(-342.20965762571467-61.600472598822265j)
12741,-0.28573831146989576,(219.05891940496934-209.405041803267j)
12742,-0.28568225137347236,(-18.85390347720562+396.9394820172068j)
12743,-0.285626191277049,(116.8818507268061+247.55659791808387j)
12744,-0.28557013118062563,(292.69492056174755+173.73993765017804j)
12745,-0.2855140710842023,(-128.0853193890211+251.00553017738878j)
12746,-0.2854580109877789,(81.64744108048026+288.61703983069725j)
12747,-0.28540195089135556,(393.9438972159646+419.9476822742995j)
12748,-0.28534589079493217,(-119.51812147075094+22.71092248898679j)
12749,-0.28528983069850883,(-38.50875267318975+34.28412114890486j)
12750,-0.28523377060208543,(-74.21012164010438+61.351601371541946j)
12751,-0.2851777105056621,(-522.5449336228896-155.00289584027885j)
12752,-0.2851216504092387,(-275.0481906884323+236.67452636888225j)
12753,-0.28506559031281536,(194.17050028377386-250.25665581670668j)
12754,-0.28500953021639197,(440.13024261369355+50.56852257753477j)
12755,-0.28495347011996863,(-417.3451062956427+363.329725973038j)
12756,-0.28489741002354524,(-528.7225427577272+529.1038262904727j)
12757,-0.2848413499271219,(367.365106411411-243.38463778546878j)
12758,-0.2847852898306985,(-373.43572459314066-68.7097374836685j)
12759,-0.28472922973427517,(-16.65700737587332+324.5978823383528j)
12760,-0.2846731696378518,(-335.0458873833559-421.8636514033017j)
12761,-0.28461710954142844,(262.35021011625815-376.1233927567539j)
12762,-0.28456104944500504,(-700.3715381699274-26.868443144997983j)
12763,-0.2845049893485817,(105.64759584576564+613.9761252744763j)
12764,-0.2844489292521583,(126.2203372555977+136.43703146932722j)
12765,-0.284392869155735,(219.69953132962098-345.8993148966965j)
12766,-0.2843368090593116,(-131.99163438618666+266.72116859518553j)
12767,-0.28428074896288824,(-192.48820661955293-64.712670789083j)
12768,-0.28422468886646485,(-109.33422420129762+332.3746583136404j)
12769,-0.2841686287700415,(414.97687902903084-249.01103698233976j)
12770,-0.2841125686736181,(-179.33409073969298-401.0953582211205j)
12771,-0.2840565085771948,(-310.025144739+298.4450971836919j)
12772,-0.2840004484807714,(-42.252151089597014+95.82017037318346j)
12773,-0.28394438838434805,(543.70193917494+40.89027879649598j)
12774,-0.28388832828792465,(-387.3632869428455+168.66182341121058j)
12775,-0.2838322681915013,(111.81173565196352+174.31035384133008j)
12776,-0.2837762080950779,(158.94146601169803-68.73071992718124j)
12777,-0.2837201479986546,(-401.2485387841258-165.6634230669646j)
12778,-0.2836640879022312,(421.77305855465795-688.6427297205402j)
12779,-0.28360802780580785,(235.88751152959466-106.10438582554121j)
12780,-0.28355196770938446,(50.01720894311393-383.07851131201096j)
12781,-0.2834959076129611,(298.74744708232896-38.64050543869659j)
12782,-0.2834398475165377,(143.34590306654133-525.6907068793113j)
12783,-0.2833837874201144,(442.0116376328262+36.13067323602945j)
12784,-0.283327727323691,(585.218284994513+52.950500140573354j)
12785,-0.28327166722726765,(158.0875958328589-444.4939962920987j)
12786,-0.28321560713084426,(136.62484472974066+0.1287700637691529j)
12787,-0.2831595470344209,(-407.881696179477+105.96897396679208j)
12788,-0.28310348693799753,(-484.4176635821947-331.2643990873812j)
12789,-0.2830474268415742,(-489.937978811705+80.9971786025513j)
12790,-0.2829913667451508,(385.82746706459244+2.9041014272701915j)
12791,-0.28293530664872746,(-178.16756378893723-304.4115681956804j)
12792,-0.28287924655230406,(-76.83881062469925+443.09015263677765j)
12793,-0.2828231864558807,(108.29907415942296+23.683643826768325j)
12794,-0.28276712635945733,(608.4902237964966+135.4598056257298j)
12795,-0.282711066263034,(-27.30121158151678+4.015232324038134j)
12796,-0.2826550061666106,(-16.928424931302164-4.34801931663681j)
12797,-0.28259894607018726,(2.109357079531847-219.18970352652937j)
12798,-0.28254288597376387,(-231.68730913554404+191.63865271588818j)
12799,-0.28248682587734053,(-105.5673989528405-85.9954312514012j)
12800,-0.28243076578091714,(-714.7016156376103+257.60873900041724j)
12801,-0.2823747056844938,(-229.32051090389072-41.94771907592181j)
12802,-0.2823186455880704,(192.95737601759362+191.60208984547222j)
12803,-0.28226258549164707,(417.8678384549296-332.85032933092396j)
12804,-0.2822065253952237,(282.1317339401252-38.18286374917234j)
12805,-0.28215046529880033,(215.25314390133994-175.14480608677482j)
12806,-0.28209440520237694,(507.2807415157387-144.06269529210147j)
12807,-0.2820383451059536,(-144.98877811407124-87.18059240400433j)
12808,-0.2819822850095302,(-562.7240019344468-370.27539143251624j)
12809,-0.28192622491310687,(264.0875679167929-382.8022871191324j)
12810,-0.2818701648166835,(381.8543114870564-9.342824801363633j)
12811,-0.28181410472026014,(-134.1081553742218+118.01023246413439j)
12812,-0.28175804462383675,(300.0805329111803+272.9599594376897j)
12813,-0.2817019845274134,(-297.30858651508385+214.68963993638744j)
12814,-0.28164592443099,(-186.27627081994254+50.77275028012062j)
12815,-0.2815898643345667,(-294.01356284652593-32.13020430307566j)
12816,-0.2815338042381433,(-194.99656300455126-253.58985829926195j)
12817,-0.28147774414171994,(511.50160747130013+238.80744486810931j)
12818,-0.28142168404529655,(191.65805096144123+759.841815616335j)
12819,-0.2813656239488732,(467.5864313777721-83.19756898050576j)
12820,-0.2813095638524498,(-152.3809093823839+94.72028793834232j)
12821,-0.2812535037560265,(-91.181536142413-9.895563546068647j)
12822,-0.2811974436596031,(137.80611917834614-63.28283778535554j)
12823,-0.28114138356317975,(-206.68836853205542+59.16688935017161j)
12824,-0.28108532346675635,(-237.78173136331984+16.25732993807705j)
12825,-0.281029263370333,(171.8203433493385+51.68531825737698j)
12826,-0.2809732032739096,(-196.0554618610853-756.8282220235318j)
12827,-0.2809171431774863,(515.549403391358-11.904388024721015j)
12828,-0.2808610830810629,(-330.14230869168347+120.66508965527292j)
12829,-0.28080502298463955,(-48.249590450725435+470.2087934726741j)
12830,-0.28074896288821616,(346.4211916199649+370.35610932000134j)
12831,-0.2806929027917928,(851.6387257666769-37.77110247687216j)
12832,-0.2806368426953694,(-34.23138963971081-67.87435486340874j)
12833,-0.2805807825989461,(-273.4185161453923+339.34132118133607j)
12834,-0.2805247225025227,(745.2835132857233+103.42853875953602j)
12835,-0.28046866240609936,(-23.461571202132617-302.78815141781104j)
12836,-0.28041260230967596,(165.40775380867896+174.72098938374756j)
12837,-0.2803565422132526,(248.05796607888166-372.6063201672931j)
12838,-0.28030048211682923,(-47.44630817409486+229.86459431176755j)
12839,-0.2802444220204059,(326.6050844995236+437.64875646163756j)
12840,-0.2801883619239825,(199.64499629668342-287.89199890700326j)
12841,-0.28013230182755916,(-92.57079867628295+372.2408722407162j)
12842,-0.28007624173113577,(222.25602961189207-398.71514059579783j)
12843,-0.28002018163471243,(-235.60562648673394+529.9714087365984j)
12844,-0.27996412153828903,(-272.24224402679295-211.87236043983427j)
12845,-0.2799080614418657,(250.80226949804046+197.22954232900895j)
12846,-0.2798520013454423,(146.0157606792531-364.9406818195779j)
12847,-0.27979594124901896,(-175.95317056715675-554.5787916681287j)
12848,-0.27973988115259557,(-417.9378368662156-330.0359119483385j)
12849,-0.27968382105617223,(-4.833950420336976-347.60836853871467j)
12850,-0.27962776095974884,(-136.96618150190267+350.02954589336315j)
12851,-0.2795717008633255,(-605.5753183457721+672.2917919957271j)
12852,-0.2795156407669021,(-44.49549767857894+183.54077745482442j)
12853,-0.27945958067047877,(120.27294826887622-139.73309023967664j)
12854,-0.2794035205740554,(583.6403668953094+35.28545233013983j)
12855,-0.27934746047763204,(465.2876559202034-131.0195998671769j)
12856,-0.27929140038120864,(31.03474898996337-97.81229320238799j)
12857,-0.2792353402847853,(-121.49544867962685+32.60353303192073j)
12858,-0.2791792801883619,(793.0268285293437+166.04485338132994j)
12859,-0.2791232200919386,(-516.8477300563274-899.2448967171863j)
12860,-0.2790671599955152,(-448.9384751193799+243.08173934246068j)
12861,-0.27901109989909184,(62.72413024424924+652.6516569152486j)
12862,-0.27895503980266845,(40.73273664793133+114.30498640707285j)
12863,-0.2788989797062451,(-250.93734196459815-513.8364810752735j)
12864,-0.2788429196098217,(-143.1964246153922+795.3963752348346j)
12865,-0.2787868595133984,(171.86832291910224-610.4782021876491j)
12866,-0.278730799416975,(290.37729839617054-267.4808763988633j)
12867,-0.27867473932055165,(667.5851308045029+168.4122171567025j)
12868,-0.27861867922412825,(531.6382464005588-215.8375172861114j)
12869,-0.2785626191277049,(521.4692901708281+224.69348022518298j)
12870,-0.2785065590312815,(92.2832990502007-152.12405500471527j)
12871,-0.2784504989348582,(-440.663801013783+38.39242547171487j)
12872,-0.2783944388384348,(-191.1501698733278-196.8257853174125j)
12873,-0.27833837874201145,(1.4682665517661775-141.51345232468304j)
12874,-0.27828231864558806,(-16.101431551689373-307.6289816598677j)
12875,-0.2782262585491647,(180.05211420845694+395.29243888566907j)
12876,-0.2781701984527413,(378.8850680853521+74.0340403519925j)
12877,-0.278114138356318,(-166.22808571099443+644.953081182882j)
12878,-0.2780580782598946,(-102.17856406046121-507.48620564804696j)
12879,-0.27800201816347125,(-179.53559131649837-63.678455598730444j)
12880,-0.27794595806704786,(328.5773958002489+176.08415454725184j)
12881,-0.2778898979706245,(352.9505625093276+163.14349651009545j)
12882,-0.27783383787420113,(-82.42382679720541-410.71251063594667j)
12883,-0.2777777777777778,(-151.38015144296259-172.16628002394924j)
12884,-0.2777217176813544,(-58.77456336380684+209.8293592042766j)
12885,-0.27766565758493106,(64.80733001096058+383.69532139693575j)
12886,-0.27760959748850766,(-280.0634230638948-332.7936466628802j)
12887,-0.2775535373920843,(5.684812243216527-211.21739249492217j)
12888,-0.27749747729566093,(-798.5101845468148+228.29752806387634j)
12889,-0.2774414171992376,(40.17635633300445-31.465167144936114j)
12890,-0.2773853571028142,(-163.08231351722196+432.7009772701874j)
12891,-0.27732929700639086,(171.898951677458+134.75117857344753j)
12892,-0.27727323690996747,(-48.01443575533743-142.01196824700602j)
12893,-0.27721717681354413,(-20.51385357968509-220.18254198333256j)
12894,-0.27716111671712074,(143.307663724074-147.20421046396822j)
12895,-0.2771050566206974,(263.8759758120226-384.7185391277891j)
12896,-0.277048996524274,(528.182265365483-306.62154803650816j)
12897,-0.27699293642785067,(-269.9980250983998-248.16474076447528j)
12898,-0.2769368763314273,(37.01105033784159-211.91630992651335j)
12899,-0.27688081623500393,(431.4670661666516+116.68866067160458j)
12900,-0.27682475613858054,(-286.51747835370776-189.4740447090595j)
12901,-0.2767686960421572,(-109.75631820206385+390.07858985834713j)
12902,-0.2767126359457338,(17.260864136556684-152.27038456915574j)
12903,-0.27665657584931047,(-240.4196740225433+175.23455579256364j)
12904,-0.2766005157528871,(19.947487259285168+509.1633083283446j)
12905,-0.27654445565646374,(442.7576369110517-52.510924352557j)
12906,-0.27648839556004035,(-229.8253556838891+179.9783833118284j)
12907,-0.276432335463617,(163.1873716032752-29.602681842079633j)
12908,-0.2763762753671936,(207.53957295946034-359.5330216503629j)
12909,-0.2763202152707703,(105.99133235921992-107.53602666872337j)
12910,-0.2762641551743469,(-352.1070266756224+254.8146039980902j)
12911,-0.27620809507792354,(-50.74794765073743+399.39960286138626j)
12912,-0.27615203498150015,(3.0662685336267828-1117.0770072776886j)
12913,-0.2760959748850768,(-294.4158498263828+258.1509519175119j)
12914,-0.2760399147886534,(139.2858755671407+289.04169772233706j)
12915,-0.2759838546922301,(225.1537979293621-421.74720032234166j)
12916,-0.2759277945958067,(253.2672613211899+272.58843039709575j)
12917,-0.27587173449938335,(622.5307498477982-149.1250850807723j)
12918,-0.27581567440295995,(430.0998660364776-160.46785251946204j)
12919,-0.2757596143065366,(121.26946100481203-142.73199214566012j)
12920,-0.2757035542101132,(-411.00755891514706+181.69168673298003j)
12921,-0.2756474941136899,(356.1163821739631+223.64041090212748j)
12922,-0.2755914340172665,(-68.62520862163083+475.9779400112855j)
12923,-0.27553537392084315,(489.13249282846283-392.3063463381098j)
12924,-0.27547931382441976,(-127.489628619061+101.44952191622205j)
12925,-0.2754232537279964,(-484.02176789478335+173.58059668141212j)
12926,-0.275367193631573,(-81.7105729989465+471.0374988184629j)
12927,-0.2753111335351497,(46.77954209229132-495.4632011334756j)
12928,-0.2752550734387263,(76.39092709207877-690.8058507797354j)
12929,-0.27519901334230296,(-743.3848596861587+399.0391657955744j)
12930,-0.27514295324587956,(-278.6166530366239-137.56335799883118j)
12931,-0.2750868931494562,(76.04330981066059+327.282271726831j)
12932,-0.27503083305303283,(523.4712403598289-401.6326406275244j)
12933,-0.2749747729566095,(-63.96803721172688-722.1944049155848j)
12934,-0.2749187128601861,(101.67193880898462-307.4311542359967j)
12935,-0.27486265276376276,(-220.12436794192735-349.0133846302198j)
12936,-0.27480659266733937,(32.10361903047857-228.0035181768197j)
12937,-0.27475053257091603,(-96.45858769921169-669.6579740329184j)
12938,-0.27469447247449263,(100.40244154657788-460.9746740717731j)
12939,-0.2746384123780693,(-141.77387253127185-406.3175179341949j)
12940,-0.2745823522816459,(-42.39171323122943+924.1373896368314j)
12941,-0.27452629218522256,(-442.7713158355833+188.73326896317937j)
12942,-0.27447023208879917,(-272.41523606662633+362.7363319525126j)
12943,-0.27441417199237583,(651.6023725795662-39.573823875451865j)
12944,-0.27435811189595244,(49.610159431901536-379.52338273461004j)
12945,-0.2743020517995291,(-332.34264790726274+622.5721751506599j)
12946,-0.2742459917031057,(329.41984653688854-212.23372996216457j)
12947,-0.27418993160668237,(28.38956343839049+320.0990279908569j)
12948,-0.274133871510259,(228.04755364361182-207.9128004802695j)
12949,-0.27407781141383564,(231.22444993075396-799.649677748446j)
12950,-0.27402175131741224,(320.2983571402811+116.18169274938988j)
12951,-0.2739656912209889,(324.809892712105+308.4352429008238j)
12952,-0.2739096311245655,(-385.35826236749386-55.70892389077494j)
12953,-0.2738535710281422,(-276.51188548062487+644.6490386996783j)
12954,-0.2737975109317188,(-196.49724108410834+273.1752556329342j)
12955,-0.27374145083529544,(-275.1620588690602-62.94976770775641j)
12956,-0.27368539073887205,(-157.60358302193123+386.351317373274j)
12957,-0.2736293306424487,(-484.4950160932382+296.5424400315235j)
12958,-0.2735732705460253,(280.0162821561277+173.06561183304316j)
12959,-0.273517210449602,(278.6376301076121-113.97664506982157j)
12960,-0.2734611503531786,(137.74252800072756+76.7583963275096j)
12961,-0.27340509025675525,(935.0527419635766+429.2064552038154j)
12962,-0.27334903016033185,(-197.25817858425125-258.8152800226279j)
12963,-0.2732929700639085,(-118.96664193735892-218.30204518538244j)
12964,-0.2732369099674851,(612.5946869956657-55.49735079162275j)
12965,-0.2731808498710618,(94.42422703084281+503.485848177952j)
12966,-0.2731247897746384,(-177.62693852367602-205.3828224681706j)
12967,-0.27306872967821505,(298.2639709606826-350.1348979526207j)
12968,-0.27301266958179166,(-109.27121672708765-407.08629735166215j)
12969,-0.2729566094853683,(-279.3714248933145-464.88963931435876j)
12970,-0.2729005493889449,(-445.27891226274113+71.88629231106728j)
12971,-0.2728444892925216,(-87.31234859379504+81.34746428279861j)
12972,-0.2727884291960982,(35.262515928217184+229.57608463255235j)
12973,-0.27273236909967485,(914.6663528891401-100.92378111731955j)
12974,-0.27267630900325146,(7.2461896953006715-458.12517200975026j)
12975,-0.2726202489068281,(-267.04829708477723+106.6343533771477j)
12976,-0.2725641888104048,(257.19398626559797-177.9862444950905j)
12977,-0.2725081287139814,(13.105511076920166-285.5883760371597j)
12978,-0.27245206861755805,(-138.30423835874535-167.49319489734637j)
12979,-0.27239600852113466,(-219.1903745613132-165.86101510360226j)
12980,-0.2723399484247113,(-518.3343831607713-199.61208762816716j)
12981,-0.2722838883282879,(208.9188582266484+513.9850680575112j)
12982,-0.2722278282318646,(525.1716065142283-733.2840206413949j)
12983,-0.2721717681354412,(-235.71662261085666-624.546824409846j)
12984,-0.27211570803901786,(197.4097052041556-28.256675450367553j)
12985,-0.27205964794259446,(39.80367348141747-24.18448066942114j)
12986,-0.2720035878461711,(-164.62798962088604-338.64136277018855j)
12987,-0.27194752774974773,(-173.17278124670213-146.75271042619968j)
12988,-0.2718914676533244,(345.1929034910586-407.8208043495164j)
12989,-0.271835407556901,(246.01744230316882+17.33140803060833j)
12990,-0.27177934746047766,(-523.3629523413847-397.6778658417453j)
12991,-0.27172328736405427,(100.98200719949936-33.358459620325974j)
12992,-0.27166722726763093,(31.28834805729705-309.52494007189244j)
12993,-0.27161116717120753,(-451.1283694692701-165.35122300867522j)
12994,-0.2715551070747842,(-528.0255180523568-70.60760711641954j)
12995,-0.2714990469783608,(240.30861454428964-151.4418034757993j)
12996,-0.27144298688193746,(41.95955546127156-344.88986432081725j)
12997,-0.27138692678551407,(-9.794894525142745-112.31017906479286j)
12998,-0.27133086668909073,(79.16164826908238-510.73645509111094j)
12999,-0.27127480659266734,(236.75057925521585+281.81777620762904j)
13000,-0.271218746496244,(-282.9195012607616+219.4418501734849j)
13001,-0.2711626863998206,(-320.0380541001504+126.38264733279854j)
13002,-0.27110662630339727,(-130.2943019283499-204.72591206075822j)
13003,-0.2710505662069739,(-279.49166996884003+196.7241291215563j)
13004,-0.27099450611055054,(53.17078678860594-9.921881860784861j)
13005,-0.27093844601412714,(485.9006851557773-48.56423995150392j)
13006,-0.2708823859177038,(-744.8155390215359-125.96654952762589j)
13007,-0.2708263258212804,(212.99864282046954-225.64484559509276j)
13008,-0.2707702657248571,(-446.4500640292216+216.4111900422654j)
13009,-0.2707142056284337,(280.10770528808104-424.89266460277406j)
13010,-0.27065814553201034,(-281.26208065234687+687.8935343665461j)
13011,-0.27060208543558695,(27.518788054954655+165.15538345285736j)
13012,-0.2705460253391636,(-45.834260589924085+221.13642982278157j)
13013,-0.2704899652427402,(383.8943190252293+177.2994381682882j)
13014,-0.2704339051463169,(854.95104521008-715.0373535001856j)
13015,-0.2703778450498935,(-500.7627401851515-395.32013089871975j)
13016,-0.27032178495347015,(-186.59951121879442+39.16763660071422j)
13017,-0.27026572485704675,(-792.9637926875522-195.27645182173893j)
13018,-0.2702096647606234,(-301.0838973839692+347.8378375047518j)
13019,-0.2701536046642,(-72.76731223672346+232.3842169792835j)
13020,-0.2700975445677767,(340.7155442012022-920.8352933540634j)
13021,-0.2700414844713533,(75.50063565221967+248.66493273613588j)
13022,-0.26998542437492995,(366.38826719899987+949.6540160219844j)
13023,-0.26992936427850656,(21.096490133679122+91.0494203054474j)
13024,-0.2698733041820832,(473.0267376982975-211.08178862789845j)
13025,-0.2698172440856598,(-309.1967783317944+155.3033644340834j)
13026,-0.2697611839892365,(226.47624297714378+105.53510760715812j)
13027,-0.2697051238928131,(652.1083722128802+188.20599840306477j)
13028,-0.26964906379638975,(-479.94580656736764-45.42853247539191j)
13029,-0.26959300369996636,(-233.11341560837673-204.56981615459506j)
13030,-0.269536943603543,(-347.01631768933584+458.41961744839807j)
13031,-0.26948088350711963,(-90.91660265143798-5.487504907617311j)
13032,-0.2694248234106963,(197.89602749863894-228.96913412631483j)
13033,-0.2693687633142729,(-351.3537593050662+180.02377047685417j)
13034,-0.26931270321784956,(22.402072664238034+131.4503709243465j)
13035,-0.26925664312142616,(349.84804503563663-537.8366105339744j)
13036,-0.2692005830250028,(164.62451551713167-271.2032937151582j)
13037,-0.26914452292857943,(46.89351274081835-176.93572853671242j)
13038,-0.2690884628321561,(-232.30048525520044-42.15104506415912j)
13039,-0.2690324027357327,(-490.4590145823601+53.31081477971212j)
13040,-0.26897634263930936,(-17.952279470717475+163.75884765460145j)
13041,-0.26892028254288597,(437.5054927358977-416.596606334212j)
13042,-0.26886422244646263,(-141.84321255873226-354.64700046496023j)
13043,-0.26880816235003924,(323.35131134315134+325.2849034082988j)
13044,-0.2687521022536159,(-409.17151716104013+169.4161510953557j)
13045,-0.2686960421571925,(498.1104368160863+66.02594402883238j)
13046,-0.26863998206076917,(-145.85232703466195+20.011058466718872j)
13047,-0.2685839219643458,(398.0370043255901-223.67957414374553j)
13048,-0.26852786186792243,(-439.40339201993845-9.098770596824806j)
13049,-0.26847180177149904,(-484.5244672109072-121.40081640904333j)
13050,-0.2684157416750757,(-919.5056748122647+281.58371545619195j)
13051,-0.2683596815786523,(318.65989108568414+230.4267413959415j)
13052,-0.26830362148222897,(763.3473065709898-76.74674277924572j)
13053,-0.2682475613858056,(82.06531692491151+301.7138839245826j)
13054,-0.26819150128938224,(-91.69665338457965+863.0172911144269j)
13055,-0.26813544119295885,(-241.19660754959634+100.11592764161632j)
13056,-0.2680793810965355,(70.57195997269403+26.799231740156955j)
13057,-0.2680233210001121,(114.93395192874432-40.78383204213702j)
13058,-0.2679672609036888,(-213.31343633943226-380.6111766153459j)
13059,-0.2679112008072654,(45.2616379575108+70.39353662549452j)
13060,-0.26785514071084204,(-367.0714279778465+273.6876869017089j)
13061,-0.26779908061441865,(53.13925410331035-369.1086113671042j)
13062,-0.2677430205179953,(-350.51746815982654+533.773173986169j)
13063,-0.2676869604215719,(242.6768982129043-308.03159353663034j)
13064,-0.2676309003251486,(-187.77139202244962-875.8092268575766j)
13065,-0.2675748402287252,(53.05344073123254-52.6989682620822j)
13066,-0.26751878013230185,(-296.73571052033117-521.4456767828498j)
13067,-0.26746272003587845,(-748.0515277483964-196.34787848162136j)
13068,-0.2674066599394551,(5.314886363300624+122.43288485316053j)
13069,-0.2673505998430317,(149.42951154543337-276.4496157817191j)
13070,-0.2672945397466084,(-33.87877791739656+110.03912570617128j)
13071,-0.267238479650185,(121.22771510991622+483.71831296967775j)
13072,-0.26718241955376165,(92.19462009708027+93.26728280559266j)
13073,-0.26712635945733826,(-645.8666004437837+250.85093991857062j)
13074,-0.2670702993609149,(-76.9863905839405-456.7110734525877j)
13075,-0.2670142392644915,(362.1762801357646+124.79907563711721j)
13076,-0.2669581791680682,(78.91547907719692+322.81422154385973j)
13077,-0.2669021190716448,(-269.2546391591777+365.1731282772692j)
13078,-0.26684605897522146,(61.672941859363135+532.3154617682695j)
13079,-0.26678999887879806,(-723.5602565259109+775.5481954441191j)
13080,-0.2667339387823747,(-422.43086670849226-737.6211077725513j)
13081,-0.26667787868595133,(243.89563705778502+440.1141696467988j)
13082,-0.266621818589528,(-170.26076408626767-536.1355091353746j)
13083,-0.2665657584931046,(-177.94053344714368+390.0810841227606j)
13084,-0.26650969839668126,(279.7983645474355+428.9191857989587j)
13085,-0.26645363830025787,(561.5618225692225-892.0176956630455j)
13086,-0.26639757820383453,(648.7090326732915+342.35587459883106j)
13087,-0.26634151810741113,(187.0311150003152-76.91635344715608j)
13088,-0.2662854580109878,(-387.65113060090476-313.36882685843545j)
13089,-0.2662293979145644,(15.456946991758628-543.6276083322825j)
13090,-0.26617333781814106,(198.5218640540568-144.09963565729862j)
13091,-0.26611727772171767,(-219.88919885853244+8.192822855586243j)
13092,-0.26606121762529433,(170.9685147173502+484.17903177468986j)
13093,-0.26600515752887094,(-218.89756549771624-491.232154625168j)
13094,-0.2659490974324476,(-18.663263505810193+418.46512311831515j)
13095,-0.2658930373360242,(812.4428904052603-384.71272752133626j)
13096,-0.26583697723960087,(-487.88563526186283-302.6685550872707j)
13097,-0.2657809171431775,(-70.14102789819316-99.74624234774217j)
13098,-0.26572485704675414,(118.79076264425893-460.9881505833416j)
13099,-0.26566879695033074,(335.897734573175-190.97791002625868j)
13100,-0.2656127368539074,(-289.84243919608224+440.3498505091498j)
13101,-0.265556676757484,(471.17836183646887-2.0032780906671945j)
13102,-0.2655006166610607,(272.37270483191014-100.14782696174152j)
13103,-0.2654445565646373,(143.86842566909613-103.5245975951658j)
13104,-0.26538849646821394,(399.4549360869923-14.356676763856086j)
13105,-0.26533243637179055,(-232.87013126964166+102.20261187037494j)
13106,-0.2652763762753672,(296.90560788150214+35.77170304161723j)
13107,-0.2652203161789438,(715.137664549573-142.83350225053954j)
13108,-0.2651642560825205,(154.43067951420844-110.62855185475688j)
13109,-0.2651081959860971,(-676.2973228388538+589.2554463096138j)
13110,-0.26505213588967375,(328.9562730570593-56.191223300289764j)
13111,-0.26499607579325035,(174.5206319406274-147.55744337217018j)
13112,-0.264940015696827,(569.5896391487231+60.48735892548018j)
13113,-0.2648839556004036,(-97.90704941790062+470.6837858688485j)
13114,-0.2648278955039803,(338.90329246029444+192.50796865755876j)
13115,-0.2647718354075569,(-313.7850091705311+182.46093801667524j)
13116,-0.26471577531113355,(-208.74293627409844-56.04808850471283j)
13117,-0.26465971521471016,(289.1449523336689+335.5201431764271j)
13118,-0.2646036551182868,(-485.0887450173601-180.10449877727848j)
13119,-0.2645475950218634,(-313.71725313959024-553.9368701118917j)
13120,-0.2644915349254401,(526.3562697782831-81.99049776408896j)
13121,-0.2644354748290167,(-179.05248008492222-168.5979381316061j)
13122,-0.26437941473259335,(54.31526732332883-113.86089579733574j)
13123,-0.26432335463616996,(601.8952857339575-40.75091559779912j)
13124,-0.2642672945397466,(64.93908349897288+733.253379573523j)
13125,-0.26421123444332323,(135.14123872428655-480.66522268685367j)
13126,-0.2641551743468999,(-130.63136844079642+247.1314431222936j)
13127,-0.2640991142504765,(-782.9627642059987+19.01583100606655j)
13128,-0.26404305415405316,(-307.94770460905124+436.563388662354j)
13129,-0.26398699405762976,(39.039089843982794-581.8670727353147j)
13130,-0.2639309339612064,(-340.0155047136947+112.71168428508354j)
13131,-0.26387487386478303,(8.35904292744396+111.11821178349396j)
13132,-0.2638188137683597,(-256.3401198457228+463.33824800474065j)
13133,-0.2637627536719363,(33.782789975126654+66.63632892523813j)
13134,-0.26370669357551296,(378.3462436736234-121.109310591968j)
13135,-0.26365063347908957,(-612.8446991622405-20.347544805921117j)
13136,-0.26359457338266623,(-33.94922848543244+283.2180032602441j)
13137,-0.26353851328624284,(-231.77685170767745-24.40255273732447j)
13138,-0.2634824531898195,(138.84544897954214+352.3401971349509j)
13139,-0.2634263930933961,(5.550616548944049+356.9515446314129j)
13140,-0.26337033299697277,(-674.5600901470599-431.2715820000667j)
13141,-0.2633142729005494,(-924.4512739077402-342.8521867724708j)
13142,-0.26325821280412603,(178.73252228191132-377.0464983307132j)
13143,-0.26320215270770264,(-395.8805062749711-183.41900432618093j)
13144,-0.2631460926112793,(465.0227502418775+367.3591946774952j)
13145,-0.2630900325148559,(297.81842000278493-145.96906153471895j)
13146,-0.26303397241843257,(-59.604918860014436-586.1340356216168j)
13147,-0.2629779123220092,(-41.27907040442544+218.88237319933947j)
13148,-0.26292185222558584,(58.89916360700036+690.3724785086592j)
13149,-0.26286579212916245,(147.56135639310702+272.869508444995j)
13150,-0.2628097320327391,(-164.56842855213128-379.8463423052424j)
13151,-0.2627536719363157,(-7.79952849105902+154.05055808317073j)
13152,-0.2626976118398924,(460.87468889196276+490.2400079979185j)
13153,-0.262641551743469,(-209.7342013590991-562.7507798799502j)
13154,-0.26258549164704564,(158.02219825475095+719.8665746720235j)
13155,-0.26252943155062225,(914.1859637471292-491.3884674696965j)
13156,-0.2624733714541989,(660.4368366165364-196.1576514653575j)
13157,-0.2624173113577755,(1073.131461872248+161.89398142699207j)
13158,-0.2623612512613522,(-708.5918826298722+234.27178696854122j)
13159,-0.2623051911649288,(251.60136409553604-28.836219482891735j)
13160,-0.26224913106850545,(-209.43450828599296+81.62665645209724j)
13161,-0.26219307097208205,(-220.46991929504816+132.4180699234542j)
13162,-0.2621370108756587,(-344.9718681952787+424.4242127823886j)
13163,-0.2620809507792353,(-51.68990512164224+275.81969127950424j)
13164,-0.262024890682812,(366.3900016663222-320.2500640205969j)
13165,-0.2619688305863886,(233.71473987836876+114.6867494765342j)
13166,-0.26191277048996525,(-73.82098428080121+478.60708277889967j)
13167,-0.26185671039354186,(-435.136759070511+271.9719861346398j)
13168,-0.2618006502971185,(193.03644372383246-141.4778520990526j)
13169,-0.2617445902006951,(121.39098383204579+522.209312286707j)
13170,-0.2616885301042718,(-189.7035205384533+215.6291825760822j)
13171,-0.2616324700078484,(17.657867520760497+12.091605899558749j)
13172,-0.26157640991142506,(-160.16406474004768+138.97125564173896j)
13173,-0.26152034981500166,(-446.11963331752503+13.072788622585955j)
13174,-0.2614642897185783,(-228.52613720576585-243.77000084871526j)
13175,-0.26140822962215493,(146.2225072081308-73.962989610581j)
13176,-0.2613521695257316,(340.4563109649869-386.4150209371393j)
13177,-0.2612961094293082,(514.7010639287959+898.3706765094408j)
13178,-0.26124004933288486,(210.42258431525303+112.76880063806306j)
13179,-0.26118398923646147,(76.72952855935073+205.8157134211146j)
13180,-0.26112792914003813,(-141.21762478250474+9.161414169947946j)
13181,-0.26107186904361473,(-509.1182410831631-80.81117969995756j)
13182,-0.2610158089471914,(289.72324118687595+326.1797711136777j)
13183,-0.260959748850768,(-191.9655658180124-130.36811052011086j)
13184,-0.26090368875434466,(248.6183657439247-568.1569743173151j)
13185,-0.26084762865792127,(606.2922570169206+38.48084194415111j)
13186,-0.26079156856149793,(-570.481331662053-193.20356884796138j)
13187,-0.26073550846507454,(160.5561996366885-3.2574134958628065j)
13188,-0.2606794483686512,(-131.2794554506941+577.4140624277868j)
13189,-0.2606233882722278,(78.1987364681058-563.3986370743237j)
13190,-0.26056732817580447,(-104.78560838444795-155.8722193775988j)
13191,-0.2605112680793811,(203.50770243948574+463.12412579374524j)
13192,-0.26045520798295774,(371.36420304243677-894.6784272411603j)
13193,-0.26039914788653434,(-434.29801122345526-181.61384984800134j)
13194,-0.260343087790111,(332.86212412844594-148.16866324546928j)
13195,-0.2602870276936876,(449.9993471095213+175.24438188316654j)
13196,-0.2602309675972643,(-138.26061450289384+141.4941853965362j)
13197,-0.2601749075008409,(-174.90150975640904+293.7971004942929j)
13198,-0.26011884740441754,(150.71660305630357+24.1821335853821j)
13199,-0.26006278730799415,(-828.0739054318208-189.49029707496234j)
13200,-0.2600067272115708,(79.0788496698779+145.6291902383924j)
13201,-0.2599506671151474,(-749.2568143044008+617.9564007815422j)
13202,-0.2598946070187241,(-362.5014970857039-847.6879927682319j)
13203,-0.2598385469223007,(24.147581044946925-31.470540220103032j)
13204,-0.25978248682587735,(218.03852591430373-150.104985141555j)
13205,-0.25972642672945395,(637.2616897298064-140.2446809638136j)
13206,-0.2596703666330306,(236.975286048873+385.6381424593143j)
13207,-0.2596143065366072,(-615.296579553343-602.5068830343304j)
13208,-0.2595582464401839,(-409.1620496994117-119.09894019087457j)
13209,-0.2595021863437605,(54.07525018204197+70.24548125880798j)
13210,-0.25944612624733715,(437.66917686444947-321.87479135467595j)
13211,-0.25939006615091376,(-213.20697368243424-559.7230209771155j)
13212,-0.2593340060544904,(-168.16276193406802-512.591559619579j)
13213,-0.259277945958067,(318.04458227966404+168.4205443077807j)
13214,-0.2592218858616437,(-445.3552560428031+323.0121228930398j)
13215,-0.2591658257652203,(-429.6101756318979+197.5768439553906j)
13216,-0.25910976566879695,(-160.8524264709715+103.75313180965804j)
13217,-0.25905370557237356,(-540.1590803004458+228.46133667772082j)
13218,-0.2589976454759502,(147.81367276759607+20.78637577093382j)
13219,-0.25894158537952683,(47.61941406196878-92.2211748067781j)
13220,-0.2588855252831035,(170.47343269820792-363.0162856749364j)
13221,-0.2588294651866801,(475.66480521875116-126.2328254781195j)
13222,-0.25877340509025676,(246.61477738088396-245.29950872042315j)
13223,-0.25871734499383336,(-320.6975224065126+136.83810757538595j)
13224,-0.25866128489741,(222.13406553173118+236.42688549775494j)
13225,-0.25860522480098663,(215.94954876029723+342.6576294959036j)
13226,-0.2585491647045633,(279.31435880231953+111.73732891447867j)
13227,-0.2584931046081399,(95.59771013184412-635.8465959262347j)
13228,-0.25843704451171656,(-251.15103228306134+584.5847054520427j)
13229,-0.25838098441529317,(181.33968804390847+206.6985991770881j)
13230,-0.25832492431886983,(-252.7457551127273-616.4340785773744j)
13231,-0.2582688642224465,(-348.3683914261783+144.19987887501992j)
13232,-0.2582128041260231,(-429.5703696681162-380.10249554344625j)
13233,-0.25815674402959976,(197.98870783113244-245.75964856906592j)
13234,-0.25810068393317637,(-396.79038619738975+208.83788506364561j)
13235,-0.25804462383675303,(541.171029536322+319.6576376116707j)
13236,-0.25798856374032964,(-3.691360662668906-93.27457555209077j)
13237,-0.2579325036439063,(-305.6554311814798+32.97819322792236j)
13238,-0.2578764435474829,(204.16181115193677-162.55330717442067j)
13239,-0.25782038345105956,(-269.5999112311172-336.36259962579044j)
13240,-0.25776432335463617,(-147.56546457545448+376.3599170832688j)
13241,-0.25770826325821283,(284.38657547350016+123.9630622721656j)
13242,-0.25765220316178944,(317.4204767501137+608.9167269345157j)
13243,-0.2575961430653661,(27.44991995918677-11.352584779078324j)
13244,-0.2575400829689427,(85.75712802259909-252.0522207380155j)
13245,-0.25748402287251937,(-406.591335983366+245.53947929869912j)
13246,-0.257427962776096,(-304.475612322157+330.45706885246454j)
13247,-0.25737190267967264,(306.4219601017375-280.82750181848235j)
13248,-0.25731584258324924,(-333.42159794466465-566.9558775637026j)
13249,-0.2572597824868259,(623.4828031009815-168.22111605315234j)
13250,-0.2572037223904025,(-1258.7927040507284-281.1886319117979j)
13251,-0.2571476622939792,(264.17335244027475+238.9673501031554j)
13252,-0.2570916021975558,(109.82159604788849-307.7491223257902j)
13253,-0.25703554210113244,(-551.5759333105101-130.9514129673583j)
13254,-0.25697948200470905,(-428.5689965595486+470.7376969685778j)
13255,-0.2569234219082857,(-563.9194626252707-101.6293356578297j)
13256,-0.2568673618118623,(546.8327806971222-840.3778613265035j)
13257,-0.256811301715439,(-80.27848170943196-418.7259172814965j)
13258,-0.2567552416190156,(-88.5967964750564+319.5652380514026j)
13259,-0.25669918152259225,(82.94469127370496+314.3404737628558j)
13260,-0.25664312142616885,(303.2881490530906+1.674454687747172j)
13261,-0.2565870613297455,(115.64258049367257-325.7375171917318j)
13262,-0.2565310012333221,(49.171401995315065-70.04443685665036j)
13263,-0.2564749411368988,(-83.77253772872876-84.79886494775891j)
13264,-0.2564188810404754,(-165.60634185323744+3.068116707869592j)
13265,-0.25636282094405205,(695.7261757590701-45.66935042690028j)
13266,-0.25630676084762866,(-309.7933464692696-180.77485653279788j)
13267,-0.2562507007512053,(226.40906543857747+473.17192690868853j)
13268,-0.2561946406547819,(309.3058561780108+39.77227710525169j)
13269,-0.2561385805583586,(184.86159264590228-480.19918499249695j)
13270,-0.2560825204619352,(113.15288147797347+417.2535353200948j)
13271,-0.25602646036551185,(106.4589752916187-175.18425021097184j)
13272,-0.25597040026908846,(-315.85147444517656-263.68517917333537j)
13273,-0.2559143401726651,(4.047128382213359+133.9145944245288j)
13274,-0.25585828007624173,(-644.8933364308214+420.19699827575766j)
13275,-0.2558022199798184,(11.494631689920283+357.70927584757027j)
13276,-0.255746159883395,(407.95155235150094+40.29197152218285j)
13277,-0.25569009978697166,(-74.36598541298449-563.1315594499322j)
13278,-0.25563403969054826,(90.6370302031921-360.79721045675444j)
13279,-0.2555779795941249,(348.78329834068285-511.9130872323966j)
13280,-0.25552191949770153,(-139.22598679742913+344.00238722310223j)
13281,-0.2554658594012782,(-134.62957911945904-477.6559138182462j)
13282,-0.2554097993048548,(273.4547748366027-265.35286570651573j)
13283,-0.25535373920843146,(399.0226840151813-251.67297620337106j)
13284,-0.25529767911200807,(307.82971831801615+289.29330935573995j)
13285,-0.25524161901558473,(593.926058898655+371.23227417109774j)
13286,-0.25518555891916134,(-78.19630681572798-412.6943115370753j)
13287,-0.255129498822738,(-198.77583913654996+192.12204918368866j)
13288,-0.2550734387263146,(-328.33197860270184-184.05629152627336j)
13289,-0.25501737862989127,(-87.66559793880171+60.98011584024301j)
13290,-0.2549613185334679,(-576.9648579640535+310.935569493074j)
13291,-0.25490525843704454,(-376.69657287283667+142.0472804626441j)
13292,-0.25484919834062114,(112.89778136103797-120.05741251988573j)
13293,-0.2547931382441978,(399.9839266013423+162.93258325438785j)
13294,-0.2547370781477744,(-392.8444106339394-271.981734050575j)
13295,-0.25468101805135107,(-333.75177325438545-292.8496814218421j)
13296,-0.2546249579549277,(4.429067959101186+666.8012779776599j)
13297,-0.25456889785850434,(168.92283509672916-280.0029259163485j)
13298,-0.25451283776208095,(402.6255711841757+198.00727118700334j)
13299,-0.2544567776656576,(-42.11519542531334+74.15075225121888j)
13300,-0.2544007175692342,(345.10125532601035+364.57724700181745j)
13301,-0.2543446574728109,(215.24328326156433-594.3102248690395j)
13302,-0.2542885973763875,(113.35473772255459-683.5145102699148j)
13303,-0.25423253727996414,(15.708459794209105-400.2971761330876j)
13304,-0.25417647718354075,(-518.0885059715787-506.8766612388231j)
13305,-0.2541204170871174,(493.24010573624656-189.60364941518523j)
13306,-0.254064356990694,(381.8490839954106-175.30239142705935j)
13307,-0.2540082968942707,(-346.03739859649977+100.16099585575046j)
13308,-0.2539522367978473,(364.96274616228425+148.06985494003186j)
13309,-0.25389617670142395,(-29.877420598950756+236.41482755720648j)
13310,-0.25384011660500055,(-146.4937477924449-236.15225395535248j)
13311,-0.2537840565085772,(-196.68630886795842-174.56338768225726j)
13312,-0.2537279964121538,(681.2471913699809+375.19329791944875j)
13313,-0.2536719363157305,(-303.0532527774702+244.90701448397215j)
13314,-0.2536158762193071,(176.6654959163882+623.6175993713206j)
13315,-0.25355981612288375,(56.604501984293506-869.9461360401843j)
13316,-0.25350375602646036,(-199.28024865887016+56.0035349672919j)
13317,-0.253447695930037,(1.715436462781966+255.074066210242j)
13318,-0.2533916358336136,(200.79431897754984+7.85745370801925j)
13319,-0.2533355757371903,(276.76804122097155-0.9960324019473319j)
13320,-0.2532795156407669,(-458.58179304687457-306.15610033253483j)
13321,-0.25322345554434356,(-27.975794071809187-57.32607563956258j)
13322,-0.25316739544792016,(55.18726112134092-190.49438295114476j)
13323,-0.2531113353514968,(-37.13746439542794-517.1826887373019j)
13324,-0.25305527525507343,(131.3981911789697-151.58683444115977j)
13325,-0.2529992151586501,(-197.51950805503182+193.58034602273773j)
13326,-0.2529431550622267,(719.2998825061795-44.08665640947606j)
13327,-0.25288709496580336,(172.25460913116376-14.72732159821733j)
13328,-0.25283103486937997,(-44.347044199524134+569.8653808015246j)
13329,-0.25277497477295663,(171.70372113868024-25.946409753370958j)
13330,-0.25271891467653324,(307.58623716891174-205.5784749680578j)
13331,-0.2526628545801099,(-553.6370353569255+96.11045295414488j)
13332,-0.2526067944836865,(659.4739020651782+178.86055528600033j)
13333,-0.25255073438726316,(599.0051841270804-35.17047649988518j)
13334,-0.25249467429083977,(-161.90655528807537+363.1888083210758j)
13335,-0.25243861419441643,(62.176163196653235-223.99418519899234j)
13336,-0.25238255409799304,(164.06074969428602+223.38130878399974j)
13337,-0.2523264940015697,(-736.9454810659915-243.83109285967907j)
13338,-0.2522704339051463,(244.38370361559538-99.58552908934806j)
13339,-0.25221437380872297,(228.9047129578123-504.46106005468744j)
13340,-0.2521583137122996,(70.84159870052036-488.8384011768783j)
13341,-0.25210225361587624,(-204.50484753925946-273.4990615872344j)
13342,-0.25204619351945284,(-194.54441565182742+303.0244645725671j)
13343,-0.2519901334230295,(41.92772192656733-85.7425603170275j)
13344,-0.2519340733266061,(-195.05734355575925+341.78978267775904j)
13345,-0.2518780132301828,(-57.95460238153873-145.43012012690807j)
13346,-0.2518219531337594,(320.6815932762494-51.78563329790326j)
13347,-0.25176589303733604,(-379.0940913723386+60.96969210858657j)
13348,-0.25170983294091265,(-21.29078050293512+173.99557685541754j)
13349,-0.2516537728444893,(-236.40210937133514-187.0692330814786j)
13350,-0.2515977127480659,(-151.54076079556884+346.30936221114604j)
13351,-0.2515416526516426,(677.336838777543+58.41842663964712j)
13352,-0.2514855925552192,(343.2828945034993+1269.970648846574j)
13353,-0.25142953245879585,(-370.2848075291714+132.3474346251672j)
13354,-0.25137347236237245,(284.09201776761734-72.1778204347402j)
13355,-0.2513174122659491,(27.878687133802572-139.15694056837197j)
13356,-0.2512613521695257,(113.01596829046571+54.434328675582115j)
13357,-0.2512052920731024,(-124.39253289290329+78.4864346692295j)
13358,-0.251149231976679,(-355.75112266477856+662.3690088874523j)
13359,-0.25109317188025565,(-284.3752508860377-224.28635122210056j)
13360,-0.25103711178383226,(220.1597068261359+90.0941791166097j)
13361,-0.2509810516874089,(578.1134809810281+817.7891094371113j)
13362,-0.2509249915909855,(610.282035991775+567.2208712018376j)
13363,-0.2508689314945622,(-563.2703731231607-697.8736083220066j)
13364,-0.2508128713981388,(1.1569927366468065+149.8553979383225j)
13365,-0.25075681130171545,(310.8580276830702+14.772695649698306j)
13366,-0.25070075120529206,(359.30948993030773+220.91257459772874j)
13367,-0.2506446911088687,(-309.3399660963346+304.68667950576935j)
13368,-0.25058863101244533,(99.93231483761878+647.5206739983109j)
13369,-0.250532570916022,(-250.7270361807921-540.2042826935514j)
13370,-0.2504765108195986,(347.66747908644805-306.066120352144j)
13371,-0.25042045072317526,(512.7083689645169-90.85508497607609j)
13372,-0.25036439062675186,(459.4390396555267+406.71342210408136j)
13373,-0.2503083305303285,(592.0514638031206+244.24048444321713j)
13374,-0.25025227043390513,(-349.54083029700087+74.03437876892258j)
13375,-0.2501962103374818,(408.4329116571394+10.510915375289073j)
13376,-0.2501401502410584,(-140.8955385824312+543.3986347594316j)
13377,-0.25008409014463506,(-1232.1356932927924+224.8932149176145j)
13378,-0.25002803004821167,(735.0859839114182-91.96186888212446j)
13379,-0.24997196995178833,(595.0754723338173+851.4780604669828j)
13380,-0.24991590985536496,(-436.66683744456896-476.7310970288189j)
13381,-0.2498598497589416,(173.37810883358384+190.5662229999709j)
13382,-0.24980378966251823,(283.47124319864986-97.83428862257419j)
13383,-0.24974772956609487,(-58.45445579398924+221.59019316682026j)
13384,-0.2496916694696715,(31.447457540068797-534.1572301148519j)
13385,-0.24963560937324814,(-359.5065831782033+371.88090154744157j)
13386,-0.24957954927682477,(-37.47202844519583-47.80910899338872j)
13387,-0.2495234891804014,(37.3931963371067+43.300133899002745j)
13388,-0.24946742908397804,(83.68071497659993-73.03263275235074j)
13389,-0.24941136898755467,(-58.8362800267494-193.06201505773635j)
13390,-0.2493553088911313,(-135.50792294616295-406.36349628483464j)
13391,-0.24929924879470794,(-78.65372752407497+7.432322224013522j)
13392,-0.24924318869828457,(590.8626197880022-220.1479072575272j)
13393,-0.2491871286018612,(-313.244907973621+16.884734773538554j)
13394,-0.24913106850543784,(386.4880352603694+213.03118738878192j)
13395,-0.24907500840901448,(0.9283107278982925-298.4698253286441j)
13396,-0.2490189483125911,(-10.400352021644728+122.7815334171208j)
13397,-0.24896288821616774,(-1024.4684612672984-6.461010833136811j)
13398,-0.24890682811974438,(-24.229106764104117+306.0275975180557j)
13399,-0.248850768023321,(-896.081594984619-768.0979251326248j)
13400,-0.24879470792689765,(90.09778745964246+619.9792626065163j)
13401,-0.24873864783047428,(-585.956182192173+972.0210729223232j)
13402,-0.24868258773405091,(-16.7884007577248+98.99172105018408j)
13403,-0.24862652763762755,(375.71072326263777-295.1975820258332j)
13404,-0.24857046754120418,(82.02060922542418+352.2766934417705j)
13405,-0.24851440744478082,(369.0092336906217+476.3217776686188j)
13406,-0.24845834734835745,(-32.25791793915866-313.5838301457453j)
13407,-0.24840228725193408,(-117.02289368438687-828.6525712021679j)
13408,-0.24834622715551072,(-183.42320471194006-51.61452075519627j)
13409,-0.24829016705908735,(-71.1477380347176+311.3885398697246j)
13410,-0.248234106962664,(177.23552515710583+948.7555596433601j)
13411,-0.24817804686624062,(-455.6055128801392+399.71265145429015j)
13412,-0.24812198676981725,(351.13638872446046-315.2968672800883j)
13413,-0.2480659266733939,(-448.7911154447264+360.80498986684887j)
13414,-0.24800986657697052,(627.2686750453173+49.749569652174216j)
13415,-0.24795380648054716,(570.6497004118155+463.79787819584374j)
13416,-0.2478977463841238,(-31.972294956100768-361.7265688003555j)
13417,-0.24784168628770042,(-469.28826103109714+396.11869918540197j)
13418,-0.24778562619127706,(177.3015045535603-604.6274230653098j)
13419,-0.2477295660948537,(137.09809798751436-309.4775765634686j)
13420,-0.24767350599843033,(443.0938838683316-339.64056592097415j)
13421,-0.24761744590200696,(-205.8917371381027-103.65601111585468j)
13422,-0.2475613858055836,(-191.55990124685317+512.5828447301949j)
13423,-0.24750532570916023,(871.4757450530769+48.866633868942074j)
13424,-0.24744926561273686,(339.1391102653112+423.32319487656787j)
13425,-0.2473932055163135,(-90.81282691166848+82.68941630112842j)
13426,-0.24733714541989013,(265.85781567088634-186.88331789845455j)
13427,-0.24728108532346676,(147.48671472084837-91.748381277697j)
13428,-0.2472250252270434,(-960.2207633834579+822.6084011856094j)
13429,-0.24716896513062003,(492.8573089859838-689.9838939893533j)
13430,-0.24711290503419667,(-52.75811064591444+212.05338744949265j)
13431,-0.2470568449377733,(223.55447150446366-21.48967060869532j)
13432,-0.24700078484134994,(432.5962330971251-61.94057203762091j)
13433,-0.24694472474492657,(342.6539640522003-202.7412610400341j)
13434,-0.2468886646485032,(-363.41629323069236-475.30483091933286j)
13435,-0.24683260455207984,(896.114532400364-555.1353151491053j)
13436,-0.24677654445565647,(-413.76070989902746-578.0234262547654j)
13437,-0.2467204843592331,(429.82987050546035-369.9422868492106j)
13438,-0.24666442426280974,(310.8533476512947+261.61670790787804j)
13439,-0.24660836416638637,(142.0349085600583-273.01787189711195j)
13440,-0.246552304069963,(-70.8044595675738-11.218880809169928j)
13441,-0.24649624397353964,(554.6466355820489+565.377454704853j)
13442,-0.24644018387711628,(597.370661695568-80.51614893902234j)
13443,-0.2463841237806929,(-286.90379185566974+306.7172732721043j)
13444,-0.24632806368426954,(374.1067042053897+72.24724401786582j)
13445,-0.24627200358784618,(475.0720900209612+184.6275628307509j)
13446,-0.2462159434914228,(-279.6842189810774-588.988862315567j)
13447,-0.24615988339499945,(-547.5947272629896+192.22774704296805j)
13448,-0.24610382329857608,(-470.50759851516307-198.60191551821063j)
13449,-0.24604776320215271,(54.401819242846656-87.9886811321519j)
13450,-0.24599170310572935,(79.73189214074252-568.7215534963036j)
13451,-0.24593564300930598,(-104.82355143688105-212.97493481639378j)
13452,-0.24587958291288262,(910.9538111850054+638.5825613316337j)
13453,-0.24582352281645925,(215.2334297440418+578.9363292852453j)
13454,-0.24576746272003588,(211.51195744217893+412.2605769454315j)
13455,-0.24571140262361252,(-705.9099860831061-466.91210347796846j)
13456,-0.24565534252718915,(-295.50027871312454-719.7383548167978j)
13457,-0.2455992824307658,(348.72688891447723-798.118448612884j)
13458,-0.24554322233434242,(76.89163391793187+174.00049522037884j)
13459,-0.24548716223791905,(-253.05269098419254-154.30923531147792j)
13460,-0.2454311021414957,(-24.40663404273112-328.72355491882365j)
13461,-0.24537504204507232,(-165.3520133075271+77.64061271199854j)
13462,-0.24531898194864896,(11.815599250398783-108.37137208817012j)
13463,-0.2452629218522256,(47.08418523844369+718.3352157479031j)
13464,-0.24520686175580222,(-72.0607911649186+243.46621403668416j)
13465,-0.24515080165937886,(-4.067751039396374-75.99622356846444j)
13466,-0.2450947415629555,(-191.77999110969043+62.02140831424998j)
13467,-0.24503868146653213,(729.5810389459297-383.7339139245332j)
13468,-0.24498262137010876,(911.9785706045782-24.8917083019183j)
13469,-0.2449265612736854,(401.0185846085906-587.1493225249385j)
13470,-0.24487050117726203,(515.3170881394796-909.9911079698486j)
13471,-0.24481444108083866,(-590.2616745201324-566.5406074567567j)
13472,-0.2447583809844153,(-248.41020818108103+119.92573429723525j)
13473,-0.24470232088799193,(-650.2670718404205+331.3138166530649j)
13474,-0.24464626079156856,(-243.8108073247055-432.14209691367466j)
13475,-0.2445902006951452,(-427.11117144939334+530.6722376907462j)
13476,-0.24453414059872183,(-104.9044329372969-453.40610802076145j)
13477,-0.24447808050229847,(-400.6141432407837+58.51223788555785j)
13478,-0.2444220204058751,(558.5921621440373+28.61061920806941j)
13479,-0.24436596030945174,(-71.69897872747016+86.8726036262784j)
13480,-0.24430990021302837,(-424.9906132919191+367.8933000033389j)
13481,-0.244253840116605,(228.23871131460703+228.21692498649747j)
13482,-0.24419778002018164,(-326.2502547233412+299.43626371577443j)
13483,-0.24414171992375827,(204.27613894550876-453.1624924272072j)
13484,-0.2440856598273349,(800.3967835381309+679.6839499838916j)
13485,-0.24402959973091154,(-40.78819262879483-180.86473850302355j)
13486,-0.24397353963448817,(-207.1983312171705-131.92427143477929j)
13487,-0.2439174795380648,(334.79181433845247-73.65561934063095j)
13488,-0.24386141944164144,(-342.93076341127187-320.39507193712643j)
13489,-0.24380535934521808,(-429.61304785829765+503.1951152034541j)
13490,-0.2437492992487947,(-112.41935334868262+148.73166204176025j)
13491,-0.24369323915237134,(405.2692921418477+545.042965925289j)
13492,-0.24363717905594798,(-510.3370477061694-58.02082749406108j)
13493,-0.2435811189595246,(211.07354353477555+225.5001783648675j)
13494,-0.24352505886310125,(595.9698442129408-81.67231666224546j)
13495,-0.24346899876667788,(178.60677978750167+209.82947925589485j)
13496,-0.24341293867025451,(-359.77232215119653-474.1441912128055j)
13497,-0.24335687857383115,(493.2176992123255-122.9097442265208j)
13498,-0.24330081847740778,(-116.10623613763971+254.4757151271203j)
13499,-0.24324475838098442,(680.3448017051354+165.01586969796j)
13500,-0.24318869828456105,(571.9147129999535-303.732117922779j)
13501,-0.24313263818813768,(-398.9800011796789+470.99308788189853j)
13502,-0.24307657809171432,(305.3129550752246+501.89336233680524j)
13503,-0.24302051799529095,(581.0609564781172+884.0988549300364j)
13504,-0.2429644578988676,(-206.19072200896787-576.7063258952329j)
13505,-0.24290839780244422,(550.7771036026846-728.9558367598731j)
13506,-0.24285233770602085,(282.1504695732111-193.70428134856476j)
13507,-0.2427962776095975,(-674.54127521271+279.71320100040543j)
13508,-0.24274021751317412,(246.29262130548253-419.7887351518874j)
13509,-0.24268415741675076,(-131.9348589837706-175.38225577485883j)
13510,-0.2426280973203274,(97.82103619661721-325.9064610314686j)
13511,-0.24257203722390402,(258.4133438341002+434.1165457191092j)
13512,-0.24251597712748066,(-184.51498325424416+104.4374261046331j)
13513,-0.2424599170310573,(251.3371654064595-110.18260934173595j)
13514,-0.24240385693463393,(339.309854256847+130.05094607614015j)
13515,-0.24234779683821056,(51.252220034867264-642.3066085908965j)
13516,-0.2422917367417872,(765.1483249282026+448.67527012044184j)
13517,-0.24223567664536383,(18.797454694870055+778.0237112783129j)
13518,-0.24217961654894046,(-375.343902144975-54.16273067032441j)
13519,-0.2421235564525171,(785.9553637557967+113.65852482178514j)
13520,-0.24206749635609373,(163.35881090359277+29.511256389770097j)
13521,-0.24201143625967036,(-157.00947918488234-337.78383506776737j)
13522,-0.241955376163247,(537.4788525819401-125.88453645667727j)
13523,-0.24189931606682363,(-36.955984346557784-554.4070757480112j)
13524,-0.24184325597040027,(-513.4822362095986-4.687006726400796j)
13525,-0.2417871958739769,(-324.461017310874-84.62755751505948j)
13526,-0.24173113577755354,(-525.5579225129663-192.17426405119446j)
13527,-0.24167507568113017,(-612.0160992459136-746.9249200832505j)
13528,-0.2416190155847068,(7.181208744179699-206.09078196267816j)
13529,-0.24156295548828344,(-167.03956472869453-55.378232551323435j)
13530,-0.24150689539186007,(-432.41611293521714-130.13714444781667j)
13531,-0.2414508352954367,(-569.832719755139-413.5530285044657j)
13532,-0.24139477519901334,(-249.59945818073214+39.864709281012196j)
13533,-0.24133871510258997,(81.17425813557031-165.77897883446502j)
13534,-0.2412826550061666,(-295.34122002237916+58.47845589684319j)
13535,-0.24122659490974324,(-639.6406064673333-117.15279555998693j)
13536,-0.24117053481331988,(339.8009547682478-352.1322011636737j)
13537,-0.2411144747168965,(119.24060046623788-216.48567931571336j)
13538,-0.24105841462047314,(-134.57377852476031-759.3010800550364j)
13539,-0.24100235452404978,(520.2565272986-39.18617671476922j)
13540,-0.2409462944276264,(-180.57015271214752-155.67526901354626j)
13541,-0.24089023433120305,(-201.9068908021519-101.6750984362899j)
13542,-0.24083417423477968,(350.89409223842296+404.22600393797325j)
13543,-0.24077811413835631,(614.6333144210664+20.683120208207356j)
13544,-0.24072205404193295,(134.73467855603354+116.61679450149404j)
13545,-0.24066599394550958,(-345.7747182816334-144.981402341891j)
13546,-0.24060993384908622,(320.45710005107367+329.0252908886053j)
13547,-0.24055387375266285,(111.78800101785399-334.04009619268254j)
13548,-0.24049781365623948,(-35.5447269227504-265.9766757374575j)
13549,-0.24044175355981612,(52.1808489117744-161.03104760302236j)
13550,-0.24038569346339275,(-452.29974468639506-355.8292202842154j)
13551,-0.2403296333669694,(308.0036553869538-525.8743660415741j)
13552,-0.24027357327054602,(-155.60877072993605+111.56329101285976j)
13553,-0.24021751317412265,(485.6763798717365-478.51143924984586j)
13554,-0.2401614530776993,(1056.7487899506702+52.75590855862362j)
13555,-0.24010539298127592,(-495.182377240134+601.9596244417071j)
13556,-0.24004933288485256,(-269.39869971165626+198.46907188076742j)
13557,-0.2399932727884292,(-165.7012578054186+194.99358558360817j)
13558,-0.23993721269200582,(481.87723533367176-140.66314499440412j)
13559,-0.23988115259558246,(201.96237591450736-311.65190098273223j)
13560,-0.2398250924991591,(524.5427960394642+68.76293859244865j)
13561,-0.23976903240273573,(-129.10624012480483-24.67926234037186j)
13562,-0.23971297230631236,(261.8488900167128-329.66302595750324j)
13563,-0.239656912209889,(45.95266507144753+718.4776847304122j)
13564,-0.23960085211346563,(690.0151059368709-632.9183507702031j)
13565,-0.23954479201704226,(60.36822944966046-3.089859700504965j)
13566,-0.2394887319206189,(200.99963989484132-304.5669407402055j)
13567,-0.23943267182419553,(286.35105648939634-247.521833592916j)
13568,-0.23937661172777217,(-107.25600495482962+137.48640329284103j)
13569,-0.2393205516313488,(837.8218365510224+514.803769297349j)
13570,-0.23926449153492543,(-304.6528703994597+169.02873740825345j)
13571,-0.23920843143850207,(-685.4511370249804+735.2617080742426j)
13572,-0.2391523713420787,(-133.63817607132745-81.33761710679373j)
13573,-0.23909631124565534,(-446.17522273613815+559.366876759629j)
13574,-0.23904025114923197,(430.5888826104567-24.28151198392422j)
13575,-0.2389841910528086,(-584.9402462625188-263.9301656877509j)
13576,-0.23892813095638524,(-93.28408161628462-430.15836515175806j)
13577,-0.23887207085996187,(281.3229199941414-395.98569230234773j)
13578,-0.2388160107635385,(-7.16317834275597-120.83143080955698j)
13579,-0.23875995066711514,(-397.18328154832193-291.33998158562616j)
13580,-0.23870389057069177,(513.2896211321528-607.8188385031666j)
13581,-0.2386478304742684,(56.42202638967876+166.84694685083542j)
13582,-0.23859177037784504,(446.5303084060048+35.12594784352733j)
13583,-0.23853571028142168,(166.49503374072216+40.42582873877649j)
13584,-0.2384796501849983,(248.47891240949215+470.1744438076753j)
13585,-0.23842359008857494,(415.86373917687825-81.33968942776528j)
13586,-0.23836752999215158,(250.1747251785873-392.2328978724777j)
13587,-0.2383114698957282,(110.57632763949154-76.44263940848622j)
13588,-0.23825540979930485,(99.98326987216919+12.377637851086345j)
13589,-0.23819934970288148,(442.14725196958085+194.76468115853282j)
13590,-0.23814328960645811,(-165.99474366948135-369.81571771243586j)
13591,-0.23808722951003475,(11.222814710332663+149.2978048322624j)
13592,-0.23803116941361138,(-284.3237424995249+635.5527454337257j)
13593,-0.23797510931718802,(649.3128799370339-132.0601671911882j)
13594,-0.23791904922076465,(400.7361033029606+149.08130565737721j)
13595,-0.23786298912434128,(296.8729262215158-147.66834847562j)
13596,-0.23780692902791792,(-149.45968792922088-61.73051237346948j)
13597,-0.23775086893149455,(-66.17376550074772-498.56633667555263j)
13598,-0.2376948088350712,(-779.0480434384124+249.4596416100278j)
13599,-0.23763874873864782,(-232.32517327906788+47.902662260130384j)
13600,-0.23758268864222445,(281.737017110981+73.10376977463633j)
13601,-0.2375266285458011,(552.1955379354732-276.9933677647699j)
13602,-0.23747056844937772,(186.6298463093227+668.2361662665614j)
13603,-0.23741450835295436,(-45.45886705360356+277.71164165101646j)
13604,-0.237358448256531,(-516.0012311872824+78.4864999854369j)
13605,-0.23730238816010762,(838.8459717000991+394.21302678642695j)
13606,-0.23724632806368426,(60.7097183657389-469.7060629158479j)
13607,-0.2371902679672609,(-374.8389861235631+147.60085261443933j)
13608,-0.23713420787083753,(-125.08094072080031-922.8326134253343j)
13609,-0.23707814777441416,(262.5082751910036+47.47034456502219j)
13610,-0.2370220876779908,(274.3117947351966+183.17676724121304j)
13611,-0.23696602758156743,(469.420093167663+149.15515704489135j)
13612,-0.23690996748514406,(-80.17414700344303+63.96778031707321j)
13613,-0.2368539073887207,(-44.73035205508752-260.9480649366768j)
13614,-0.23679784729229736,(-30.254940095167047+21.172676742654033j)
13615,-0.236741787195874,(411.4659735117511+410.3557727984517j)
13616,-0.23668572709945063,(163.93902236586126+834.9538829820466j)
13617,-0.23662966700302726,(12.54724145289277-12.503863946533823j)
13618,-0.2365736069066039,(122.58875474562907+240.4347300630725j)
13619,-0.23651754681018053,(-399.6029218075303+372.6403799383815j)
13620,-0.23646148671375716,(-100.70277030978826+120.88887120581282j)
13621,-0.2364054266173338,(-225.74389161109653+330.7244471476318j)
13622,-0.23634936652091043,(-689.8483445547425+42.77532684160764j)
13623,-0.23629330642448707,(258.6699002616927-50.66374179920075j)
13624,-0.2362372463280637,(322.66593251352475-867.6783765623029j)
13625,-0.23618118623164033,(-265.69595733814907+565.2886308598579j)
13626,-0.23612512613521697,(34.58452052008426+68.88078436141996j)
13627,-0.2360690660387936,(-144.58371901029034-423.571037954304j)
13628,-0.23601300594237024,(-145.01140677294066-353.9970151691482j)
13629,-0.23595694584594687,(808.5530810093578+190.66940624007418j)
13630,-0.2359008857495235,(510.0666932787856+316.4957100399554j)
13631,-0.23584482565310014,(-43.629803505057026+182.22658912107244j)
13632,-0.23578876555667677,(-26.999653003747667+24.02555074346598j)
13633,-0.2357327054602534,(-334.72564873720455+250.0823394083879j)
13634,-0.23567664536383004,(-135.87832099183305+44.016291327714306j)
13635,-0.23562058526740667,(-190.48347028304602-120.37896458927133j)
13636,-0.2355645251709833,(-857.9512101078884-793.5548055947784j)
13637,-0.23550846507455994,(63.70309427094122-456.7617347770574j)
13638,-0.23545240497813658,(-165.55095403305558+454.7283524642093j)
13639,-0.2353963448817132,(256.7151152376717-497.54484498560055j)
13640,-0.23534028478528984,(-118.23044721946154-568.3089256301239j)
13641,-0.23528422468886648,(-291.5690883185756-342.5472518975782j)
13642,-0.2352281645924431,(385.2216862626029+76.08557454630926j)
13643,-0.23517210449601975,(-81.37718358774134+131.34555458215942j)
13644,-0.23511604439959638,(60.44928300438893-137.65744620421538j)
13645,-0.23505998430317301,(-246.32933170050268+272.4756405366191j)
13646,-0.23500392420674965,(-154.50641283236766+331.3354160595661j)
13647,-0.23494786411032628,(-628.2634816234374+313.6667244143217j)
13648,-0.23489180401390292,(-241.84675250713696-365.05736012268756j)
13649,-0.23483574391747955,(-1079.143142129425+16.5342330461051j)
13650,-0.23477968382105618,(208.47102704735798+126.69266287434559j)
13651,-0.23472362372463282,(-1007.043060581788+417.70257068576194j)
13652,-0.23466756362820945,(-806.8304548032565-1133.1786413406667j)
13653,-0.2346115035317861,(609.9211358386764+212.12760040103126j)
13654,-0.23455544343536272,(-234.62421655825526+333.5974540078218j)
13655,-0.23449938333893935,(315.97767390640587+235.72377959400592j)
13656,-0.234443323242516,(-583.5733160016779-99.98909723775012j)
13657,-0.23438726314609262,(62.807310028257945-693.4923363853186j)
13658,-0.23433120304966926,(-278.90138769388324-569.1421089469937j)
13659,-0.2342751429532459,(-58.624744282106626+403.0422021374052j)
13660,-0.23421908285682252,(295.98434662332954+125.14756172088865j)
13661,-0.23416302276039916,(143.1835769146982+231.09203557549742j)
13662,-0.2341069626639758,(-337.8837958698938-493.7544043803393j)
13663,-0.23405090256755243,(-18.86962012479148-451.55504689531966j)
13664,-0.23399484247112906,(45.593555593856266+296.2588521847483j)
13665,-0.2339387823747057,(-526.0419873774091+163.47925651189536j)
13666,-0.23388272227828233,(21.42695310672582+769.8919546483748j)
13667,-0.23382666218185896,(192.2952941131279-917.5686274835864j)
13668,-0.2337706020854356,(-720.1625135206908-263.9407082187123j)
13669,-0.23371454198901223,(36.274695664006515-541.1456581036163j)
13670,-0.23365848189258887,(-135.45868480940626+182.15043383894596j)
13671,-0.2336024217961655,(444.2712205339552+80.71643767274631j)
13672,-0.23354636169974213,(413.06582421542697-176.0454560121387j)
13673,-0.23349030160331877,(402.32680838755164-517.1912249496353j)
13674,-0.2334342415068954,(-234.40369004296352-102.56829938064082j)
13675,-0.23337818141047204,(-388.3355843021915+917.8792959610004j)
13676,-0.23332212131404867,(373.6528967600959+58.21426570201308j)
13677,-0.2332660612176253,(564.4447619677403-71.45201700071195j)
13678,-0.23321000112120194,(-807.1145748747402+579.8939761622729j)
13679,-0.23315394102477857,(-58.11054010888739+342.55527131389624j)
13680,-0.2330978809283552,(-49.24458209172576+319.9150819458501j)
13681,-0.23304182083193184,(397.2792961281651-67.58601009348968j)
13682,-0.23298576073550847,(-366.91645766177743+177.14042222556648j)
13683,-0.2329297006390851,(-187.64292782917929-242.72213657883606j)
13684,-0.23287364054266174,(-90.40817953599208-703.0082333665247j)
13685,-0.23281758044623838,(97.46534994263797-707.9113611286306j)
13686,-0.232761520349815,(30.11569921356572-648.8598886655586j)
13687,-0.23270546025339164,(111.13916411726132-467.6346883882919j)
13688,-0.23264940015696828,(-501.51000338702283+335.7375824628391j)
13689,-0.2325933400605449,(281.23378005418726-335.8110800208793j)
13690,-0.23253727996412155,(-581.8994242942603-535.9775395227159j)
13691,-0.23248121986769818,(516.5118351588362+253.92524187849455j)
13692,-0.23242515977127481,(246.80922973450703+148.0727680951334j)
13693,-0.23236909967485145,(-212.1035906879622-587.9096618876032j)
13694,-0.23231303957842808,(318.4617178014486-155.9586642280876j)
13695,-0.23225697948200472,(221.03898705168845+156.45574776553642j)
13696,-0.23220091938558135,(-30.798831304531184+131.30124051646604j)
13697,-0.23214485928915798,(-301.74393820923257-40.726145726404425j)
13698,-0.23208879919273462,(-64.05386142448936-150.07601108246615j)
13699,-0.23203273909631125,(-385.9444208899904-330.6989635461715j)
13700,-0.2319766789998879,(-456.3257018276863-463.01880951300956j)
13701,-0.23192061890346452,(634.8559921133299-372.35355117213817j)
13702,-0.23186455880704115,(269.42604624713755-115.80219974952578j)
13703,-0.2318084987106178,(-445.4302738888422-154.98633971054363j)
13704,-0.23175243861419442,(335.5173799566914-382.61829768418977j)
13705,-0.23169637851777106,(-42.570648239409515-271.3701679474792j)
13706,-0.2316403184213477,(-480.3751312762322+32.37115269987157j)
13707,-0.23158425832492432,(-453.46716695750507-505.8699728084397j)
13708,-0.23152819822850096,(-465.6529512470744+126.33191233274056j)
13709,-0.2314721381320776,(46.19787376399357+93.53043747942007j)
13710,-0.23141607803565423,(-694.756417294-263.24069658388214j)
13711,-0.23136001793923086,(-295.4946554697201-532.5918251602j)
13712,-0.2313039578428075,(805.7875657421615-515.003910707368j)
13713,-0.23124789774638413,(259.14453959016214+286.62044269504736j)
13714,-0.23119183764996076,(41.91515060229074+105.1138441515646j)
13715,-0.2311357775535374,(19.717819116054827+26.600627771384328j)
13716,-0.23107971745711403,(592.8398245220953+349.8791335029243j)
13717,-0.23102365736069067,(48.08829788831127-263.0959819354967j)
13718,-0.2309675972642673,(751.9006014408834-41.04431559808563j)
13719,-0.23091153716784393,(102.23345308798517-494.28034986176874j)
13720,-0.23085547707142057,(452.4246621788287-91.08771792126983j)
13721,-0.2307994169749972,(695.965552693876-289.4360245779071j)
13722,-0.23074335687857384,(-790.3555588513973+73.20414324569731j)
13723,-0.23068729678215047,(-571.6081472140592+633.5070230271314j)
13724,-0.2306312366857271,(-656.7279944654163+381.3881984715846j)
13725,-0.23057517658930374,(-174.91231070493208+393.2155573764479j)
13726,-0.23051911649288037,(580.3510009963517+608.5666358429646j)
13727,-0.230463056396457,(-93.9697129923493+62.41944721467826j)
13728,-0.23040699630003364,(410.49991025502806-426.0595457752398j)
13729,-0.23035093620361027,(-212.76482843983848+427.3601432951921j)
13730,-0.2302948761071869,(-821.2924359576069-185.83991532941724j)
13731,-0.23023881601076354,(214.08216921740672-283.2199683150779j)
13732,-0.23018275591434018,(75.18754695279662-184.86200870603483j)
13733,-0.2301266958179168,(-195.97516832538523-474.4220330950058j)
13734,-0.23007063572149344,(645.2917865286036+290.1581216499678j)
13735,-0.23001457562507008,(-49.125452541454194-629.0044654666771j)
13736,-0.2299585155286467,(355.6989774430307-154.91496445829145j)
13737,-0.22990245543222335,(92.99342392412674-264.1433509596712j)
13738,-0.22984639533579998,(944.9745141736113+134.91356133561695j)
13739,-0.22979033523937661,(226.40927286235342-435.1401734056991j)
13740,-0.22973427514295325,(305.15726653266665+819.8281215167764j)
13741,-0.22967821504652988,(-168.52244539767662+327.42610591857186j)
13742,-0.22962215495010652,(207.18686119918692-56.63145764402118j)
13743,-0.22956609485368315,(-727.3512833863145-292.5054117175275j)
13744,-0.22951003475725978,(-184.13032906223026-277.28215427769953j)
13745,-0.22945397466083642,(897.9767036860745-755.4838515793272j)
13746,-0.22939791456441305,(-155.6214436800077-899.6286003045371j)
13747,-0.2293418544679897,(-369.43878803883126-1.9849804956247397j)
13748,-0.22928579437156632,(543.3040828283233+12.840622166044511j)
13749,-0.22922973427514295,(-301.8105625104115-354.11117782724835j)
13750,-0.2291736741787196,(-51.94061254212937+1236.610677168921j)
13751,-0.22911761408229622,(340.76763251817675-370.0973553399808j)
13752,-0.22906155398587286,(-35.423108978981816-98.34322547131742j)
13753,-0.2290054938894495,(-278.12944487685644+375.21177473687015j)
13754,-0.22894943379302612,(865.4564227502573-40.198064044020626j)
13755,-0.22889337369660276,(-992.921061700084-678.3833562167546j)
13756,-0.2288373136001794,(-22.72010004703148+529.8151114154387j)
13757,-0.22878125350375603,(-552.2815584453431-412.49498420398606j)
13758,-0.22872519340733266,(7.861376958337971-157.19658037479877j)
13759,-0.2286691333109093,(-35.39287943174409-294.79963904266117j)
13760,-0.22861307321448593,(169.25939750362923-333.0689152982209j)
13761,-0.22855701311806256,(292.5123168609577+249.34752220098832j)
13762,-0.2285009530216392,(-141.85377189707384+220.23122619897782j)
13763,-0.22844489292521583,(390.5001898243085+324.43304841879615j)
13764,-0.22838883282879247,(-219.23967668864364+80.01485482535628j)
13765,-0.2283327727323691,(-407.5862965667114-119.64433906366934j)
13766,-0.22827671263594573,(473.0094046841069-188.72787566978388j)
13767,-0.22822065253952237,(-179.90011721537087+201.3358537497007j)
13768,-0.228164592443099,(-86.45247481909404+250.56655724543262j)
13769,-0.22810853234667564,(-95.38144243346113+383.8737133743678j)
13770,-0.22805247225025227,(697.1584449910267+810.0002993791863j)
13771,-0.2279964121538289,(-566.9621065197955-207.84470287807372j)
13772,-0.22794035205740554,(-335.148689592716-812.5193884543324j)
13773,-0.22788429196098217,(545.5732435907058+132.18738761480614j)
13774,-0.2278282318645588,(-225.75607745485473+146.86934119008288j)
13775,-0.22777217176813544,(207.5865952958702+314.58996181908157j)
13776,-0.22771611167171207,(-751.15487612628+244.35677631275652j)
13777,-0.2276600515752887,(240.11304793612322+497.99753745930104j)
13778,-0.22760399147886534,(-55.397939760650836+165.1228916095743j)
13779,-0.22754793138244198,(-678.1613963239283-1252.4564497936958j)
13780,-0.2274918712860186,(-53.84125706345736+346.35668071495184j)
13781,-0.22743581118959524,(210.50333483114008+224.35798408065924j)
13782,-0.22737975109317188,(-131.41510876915-69.35928835587403j)
13783,-0.2273236909967485,(-64.53817701330149+373.73503312532125j)
13784,-0.22726763090032515,(-335.5437171699883-355.4908454529233j)
13785,-0.22721157080390178,(130.0493866630533+729.7222404242809j)
13786,-0.22715551070747841,(570.1430657621146+616.1053871882217j)
13787,-0.22709945061105505,(307.3410018827203+455.1587634141637j)
13788,-0.22704339051463168,(213.101401500807+139.0483539593949j)
13789,-0.22698733041820832,(-284.7679094617884-551.2527093384546j)
13790,-0.22693127032178495,(-498.8588888686015-557.6701818199845j)
13791,-0.22687521022536158,(-10.10448424179993+113.91227329012949j)
13792,-0.22681915012893822,(-676.4964614847285-294.3807564370445j)
13793,-0.22676309003251485,(-325.4331824688427-30.030037647031946j)
13794,-0.2267070299360915,(267.2380800755513+30.725382203893687j)
13795,-0.22665096983966812,(355.7289939150561-271.1525812494892j)
13796,-0.22659490974324475,(101.0635705248164+268.0024192623378j)
13797,-0.2265388496468214,(-565.4110411588711+12.474572699249194j)
13798,-0.22648278955039802,(-292.9595915007449-297.33111061125794j)
13799,-0.22642672945397466,(-1018.1652767640434-331.20831652704896j)
13800,-0.2263706693575513,(380.0659003066916-58.78512251874774j)
13801,-0.22631460926112792,(311.6662877120525-446.967556899247j)
13802,-0.22625854916470456,(-0.2906377209920379-485.81324184678897j)
13803,-0.2262024890682812,(680.6327226483894-91.49350820452366j)
13804,-0.22614642897185783,(598.7427842005823-79.15427248453636j)
13805,-0.22609036887543446,(-611.3687209592018+1055.146262564467j)
13806,-0.2260343087790111,(328.29101198694786-156.5375653412155j)
13807,-0.22597824868258773,(-159.29846966355439-205.93788625003646j)
13808,-0.22592218858616436,(149.56632922652778+359.38094768345314j)
13809,-0.225866128489741,(427.09101784022005+145.74219427615176j)
13810,-0.22581006839331763,(378.7039200264283+168.33482197695818j)
13811,-0.22575400829689427,(-238.68556812317104-591.1814074626548j)
13812,-0.2256979482004709,(-470.72182489323217+65.88331008918428j)
13813,-0.22564188810404753,(-523.2540149045356-551.1187816516328j)
13814,-0.22558582800762417,(145.47846016745927+296.2256073201008j)
13815,-0.2255297679112008,(-139.92924332297648-140.4565606023468j)
13816,-0.22547370781477744,(591.4202556072038-1033.5741447114112j)
13817,-0.22541764771835407,(-154.03344108967616-363.6381331401574j)
13818,-0.2253615876219307,(656.3899532902263+374.1041589677205j)
13819,-0.22530552752550734,(350.03719996246133+590.5933761528371j)
13820,-0.22524946742908397,(-264.1181785257221-189.51655499858873j)
13821,-0.2251934073326606,(369.1527284121046-693.0576229701473j)
13822,-0.22513734723623724,(-124.79837710504508+244.15171196269654j)
13823,-0.22508128713981387,(-218.6213940753633-265.8050331231729j)
13824,-0.2250252270433905,(49.21552727635134+716.2745038945679j)
13825,-0.22496916694696714,(-423.93406061045266-158.3760567758186j)
13826,-0.22491310685054378,(-608.9297463633517+143.32761201184638j)
13827,-0.2248570467541204,(-51.84304715645507-117.2092690530117j)
13828,-0.22480098665769704,(650.5013755387461-923.1200015986954j)
13829,-0.22474492656127368,(383.76849995051526+76.76362978999329j)
13830,-0.2246888664648503,(-27.888862264019522-931.6369496415052j)
13831,-0.22463280636842695,(12.072928276817663-753.3514723165478j)
13832,-0.22457674627200358,(-12.426006915808571-154.84370795445906j)
13833,-0.22452068617558021,(-215.70683079840057-575.850534033692j)
13834,-0.22446462607915685,(-753.4507934326026+583.6113917912322j)
13835,-0.22440856598273348,(-611.23900271226+123.33190639209036j)
13836,-0.22435250588631012,(-192.2981738107296-378.5635740959367j)
13837,-0.22429644578988675,(521.820328338563-272.22320092518146j)
13838,-0.22424038569346338,(672.818765206907+120.63642153206564j)
13839,-0.22418432559704002,(-505.93205122975917-558.8368985099709j)
13840,-0.22412826550061665,(216.6003746850495+538.6382446350802j)
13841,-0.2240722054041933,(801.2104524282871-888.8489123581592j)
13842,-0.22401614530776992,(10.207545643100708+150.9011694799415j)
13843,-0.22396008521134655,(450.16732365504123-182.02343690642863j)
13844,-0.2239040251149232,(137.62470441014966+841.1993217895789j)
13845,-0.22384796501849982,(-487.3993966903937+947.3240159718774j)
13846,-0.22379190492207646,(-281.0222117564384+115.818703042778j)
13847,-0.2237358448256531,(-119.57016607653364-217.39876322043656j)
13848,-0.22367978472922972,(-469.308244789679-924.8009432820767j)
13849,-0.22362372463280636,(401.4957017018921-499.89194208326j)
13850,-0.223567664536383,(-426.78331655777777-170.67711068568934j)
13851,-0.22351160443995963,(876.1288159594812-5.82358101632218j)
13852,-0.22345554434353626,(550.205376487892-232.55419887303213j)
13853,-0.2233994842471129,(192.5299285794822+195.6451116022303j)
13854,-0.22334342415068953,(-327.7815420552735-65.44489773439928j)
13855,-0.22328736405426616,(-639.5251782364319+313.58832614807545j)
13856,-0.2232313039578428,(-471.1452596391126+565.3056861362022j)
13857,-0.22317524386141943,(-352.59864902696654-618.0453920516976j)
13858,-0.22311918376499607,(-33.34938355358297+1054.3113987802071j)
13859,-0.2230631236685727,(-459.5580714994918+1224.4854749943531j)
13860,-0.22300706357214933,(148.39346048201713-383.68656554050426j)
13861,-0.22295100347572597,(-163.96202105149376+29.695889314315977j)
13862,-0.2228949433793026,(-154.86200568558598-971.8411055614686j)
13863,-0.22283888328287924,(-125.45101980600765+712.9621251412867j)
13864,-0.22278282318645587,(-625.6559959856113-277.36068333925954j)
13865,-0.2227267630900325,(376.36252493306716-107.91155453755931j)
13866,-0.22267070299360914,(-524.090286335663-707.9735636193924j)
13867,-0.22261464289718577,(962.7745892650825+1372.1285182435852j)
13868,-0.2225585828007624,(508.6584801650134+369.71189785254245j)
13869,-0.22250252270433904,(1.3062799582921798-1039.2526900762339j)
13870,-0.22244646260791567,(-323.23459597361585+398.46361080156j)
13871,-0.22239040251149234,(159.81101995163579+181.70415093875863j)
13872,-0.22233434241506897,(-453.46224992359134+339.05234457376883j)
13873,-0.2222782823186456,(-500.6805400285359+317.0318460257031j)
13874,-0.22222222222222224,(-347.85594340228477+243.26273343140912j)
13875,-0.22216616212579887,(-941.1888910169971+187.52711475480763j)
13876,-0.2221101020293755,(-144.31769405028362+209.189654660023j)
13877,-0.22205404193295214,(13.763999652769549-227.13371096864884j)
13878,-0.22199798183652877,(-142.84271692492925+742.780326096555j)
13879,-0.2219419217401054,(10.958737635477235-85.87314426221675j)
13880,-0.22188586164368204,(211.6301798960778+161.9115638671805j)
13881,-0.22182980154725868,(448.32842741840875+152.6734653605208j)
13882,-0.2217737414508353,(213.92479965203853-631.5943906516057j)
13883,-0.22171768135441194,(95.5254453583513-430.79805685696107j)
13884,-0.22166162125798858,(-188.49792907522303-784.2238798655693j)
13885,-0.2216055611615652,(-320.01005006706185+869.4285166188349j)
13886,-0.22154950106514185,(-270.3593672251127+301.4364121931136j)
13887,-0.22149344096871848,(-361.1941132621934+553.4736088613734j)
13888,-0.22143738087229511,(-260.9071123042035-751.1995244301291j)
13889,-0.22138132077587175,(110.705502813467+143.9594238867887j)
13890,-0.22132526067944838,(105.25680177862634-579.5549822908032j)
13891,-0.22126920058302502,(252.01821055951118+3.1652859003873175j)
13892,-0.22121314048660165,(555.0880439908619+9.147293233881754j)
13893,-0.22115708039017828,(-103.20183718550803+36.29728503325167j)
13894,-0.22110102029375492,(-112.87903805329844+803.3371494153538j)
13895,-0.22104496019733155,(251.49582699684763+108.27549720649262j)
13896,-0.2209889001009082,(-53.2314582395589-269.1898480036074j)
13897,-0.22093284000448482,(-335.7986260681393-139.5051171490672j)
13898,-0.22087677990806145,(793.2434130464765-331.52217729652716j)
13899,-0.2208207198116381,(-12.241076567011042+79.57552682502828j)
13900,-0.22076465971521472,(-483.11804578592205-453.8642648782619j)
13901,-0.22070859961879136,(233.4998337361015-459.4087931055811j)
13902,-0.220652539522368,(399.42943455919453-419.9674734940363j)
13903,-0.22059647942594462,(446.02769879817413+159.64923992028855j)
13904,-0.22054041932952126,(-653.6153981728552+450.01299104207317j)
13905,-0.2204843592330979,(-476.36126819624934-366.43472118994464j)
13906,-0.22042829913667453,(510.24334986577327+412.4965767449206j)
13907,-0.22037223904025116,(-847.7069802854287+188.34744554474298j)
13908,-0.2203161789438278,(-513.7311847954021-563.76259572599j)
13909,-0.22026011884740443,(-19.775894966183525+64.92193785562438j)
13910,-0.22020405875098106,(-75.58628784843485-227.05790628473125j)
13911,-0.2201479986545577,(-122.3713835674411+49.68613922871109j)
13912,-0.22009193855813433,(-383.5791310153768+379.9376554866175j)
13913,-0.22003587846171097,(-388.96313075978844-311.89793791959335j)
13914,-0.2199798183652876,(-553.969004192415+518.2715183066207j)
13915,-0.21992375826886423,(-171.88690300754897-5.046726005287169j)
13916,-0.21986769817244087,(158.3779410337005-121.29226077851635j)
13917,-0.2198116380760175,(-358.2217594258017+365.7707584233934j)
13918,-0.21975557797959414,(263.28719100625995-4.068315191336417j)
13919,-0.21969951788317077,(-203.8223349533116-304.94043227768594j)
13920,-0.2196434577867474,(44.33271406052306+75.09943818186971j)
13921,-0.21958739769032404,(-583.671788363343-309.0232867519471j)
13922,-0.21953133759390067,(218.61542001943718+24.012163599160203j)
13923,-0.2194752774974773,(40.175011775695836-171.83009070304476j)
13924,-0.21941921740105394,(-485.1780850214178-236.58722147986026j)
13925,-0.21936315730463057,(-271.5695151206452+123.44062040641901j)
13926,-0.2193070972082072,(210.06124753523648-435.2529296650968j)
13927,-0.21925103711178384,(-173.53706181733926+266.37172288716533j)
13928,-0.21919497701536048,(-142.88027028061418+216.91290221695346j)
13929,-0.2191389169189371,(-555.7086417852836-370.2894051513214j)
13930,-0.21908285682251374,(-497.03758939963194+239.46983242130764j)
13931,-0.21902679672609038,(-233.06656414068578+163.5203211789065j)
13932,-0.218970736629667,(426.022628130046-22.323204425303402j)
13933,-0.21891467653324365,(-295.13539195993917-95.16716780655992j)
13934,-0.21885861643682028,(-251.42747877050894+97.64489936784864j)
13935,-0.21880255634039691,(-499.7941891691194+197.68128296682193j)
13936,-0.21874649624397355,(-559.8907592714884-184.74025302907307j)
13937,-0.21869043614755018,(-97.61011653829664-544.1054038438734j)
13938,-0.21863437605112682,(-376.0992711968322+482.3915692914286j)
13939,-0.21857831595470345,(-560.9355147353028+258.10249733853664j)
13940,-0.21852225585828008,(-204.50331654190978+38.771704258652974j)
13941,-0.21846619576185672,(-243.20620223059043+619.3266480150768j)
13942,-0.21841013566543335,(613.1408773131474+192.05777815800195j)
13943,-0.21835407556901,(-23.84242814801653+240.44697783037773j)
13944,-0.21829801547258662,(-93.09470801730834+257.6428200045621j)
13945,-0.21824195537616325,(603.8557380655039-810.0303974886436j)
13946,-0.2181858952797399,(-815.2897930403775-381.9880889267241j)
13947,-0.21812983518331652,(515.3965343780746+797.9482140032674j)
13948,-0.21807377508689316,(-479.1947492883764-24.89256555300409j)
13949,-0.2180177149904698,(-64.07511433446294-539.5188244545268j)
13950,-0.21796165489404642,(85.6085346088128-275.0411925921634j)
13951,-0.21790559479762306,(258.0556753114875+138.9424603890281j)
13952,-0.2178495347011997,(629.9146413002386-288.9600480445338j)
13953,-0.21779347460477633,(-170.2733151256084-27.981348565938454j)
13954,-0.21773741450835296,(-335.25781848322475+161.16388937526884j)
13955,-0.2176813544119296,(-1023.9026656724338+428.2138921007341j)
13956,-0.21762529431550623,(-224.07843524789288-705.9324914608783j)
13957,-0.21756923421908286,(440.85264368907474-793.5869119044706j)
13958,-0.2175131741226595,(-120.0304253570802+268.1431562835736j)
13959,-0.21745711402623613,(275.61761505973084-366.0038077241244j)
13960,-0.21740105392981277,(-94.44496938072183-554.7758153667461j)
13961,-0.2173449938333894,(-22.489366673765915-735.5388404887505j)
13962,-0.21728893373696603,(-282.69051204492-263.0682747265306j)
13963,-0.21723287364054267,(241.4682524317197-287.9129642826165j)
13964,-0.2171768135441193,(112.85510473063309-204.6125232284479j)
13965,-0.21712075344769594,(135.2879222502099-1025.5499936751285j)
13966,-0.21706469335127257,(249.22063801251628-613.9390295858511j)
13967,-0.2170086332548492,(226.68274451765703-132.35412615841844j)
13968,-0.21695257315842584,(-43.79476795615143-208.58676553529446j)
13969,-0.21689651306200247,(-625.9249014440621+91.87075281060189j)
13970,-0.2168404529655791,(-454.2719184474329-146.6549352753328j)
13971,-0.21678439286915574,(-151.0391547701339-293.9078972237061j)
13972,-0.21672833277273237,(541.7735924050204+12.524508118496783j)
13973,-0.216672272676309,(53.87660875872366-586.7252258816818j)
13974,-0.21661621257988564,(222.7604185797446+570.18391164104j)
13975,-0.21656015248346228,(164.05215218285892+291.72922218875436j)
13976,-0.2165040923870389,(-507.7148916428025-443.05859496148946j)
13977,-0.21644803229061554,(96.99116010575591+637.2095383311012j)
13978,-0.21639197219419218,(123.9484832263401-27.195960153467425j)
13979,-0.2163359120977688,(-525.2777401826796-661.8886878963076j)
13980,-0.21627985200134545,(241.25574265149368+76.55368666124915j)
13981,-0.21622379190492208,(385.5257266697115-107.15886592595652j)
13982,-0.21616773180849871,(-290.30141399757804+73.50383889366029j)
13983,-0.21611167171207535,(-54.27982724690273-762.9863696145848j)
13984,-0.21605561161565198,(190.42525941600093+347.3507175883149j)
13985,-0.21599955151922862,(210.81516171186522+354.54510476116724j)
13986,-0.21594349142280525,(101.14716438024755+175.7229996486622j)
13987,-0.21588743132638188,(-641.7571253733965+464.41694724901913j)
13988,-0.21583137122995852,(-367.35822105459823+146.67023306871937j)
13989,-0.21577531113353515,(57.50473181086045-465.3860637611176j)
13990,-0.2157192510371118,(-716.4507258492206+709.0323877575283j)
13991,-0.21566319094068842,(584.0023577217919-436.9685513519697j)
13992,-0.21560713084426505,(628.9332102680933+173.57943965355673j)
13993,-0.2155510707478417,(-410.5708047948224-729.5281996853312j)
13994,-0.21549501065141832,(912.2411904581085+374.6948110415623j)
13995,-0.21543895055499496,(138.80621664707473-275.49427664807865j)
13996,-0.2153828904585716,(593.3992344137233+98.70104288039954j)
13997,-0.21532683036214822,(7.127734764765336-678.2304211922791j)
13998,-0.21527077026572486,(874.7761608195973-934.1851239366395j)
13999,-0.2152147101693015,(-201.3227572674856-1093.7592918624237j)
14000,-0.21515865007287813,(239.52383893926313-11.191410280068212j)
14001,-0.21510258997645476,(312.2142402901172+292.2498507137282j)
14002,-0.2150465298800314,(511.251519412053+207.0777779866568j)
14003,-0.21499046978360803,(-494.6835556909921-500.76273836089155j)
14004,-0.21493440968718466,(178.50792009365043-151.92403082556913j)
14005,-0.2148783495907613,(431.8820268691189-139.69323459941978j)
14006,-0.21482228949433793,(652.0176026175131+337.27516604497373j)
14007,-0.21476622939791457,(-50.28234839703917+137.07100131298517j)
14008,-0.2147101693014912,(472.2811533719972-392.81879481246705j)
14009,-0.21465410920506783,(-63.83727212224089-52.25090787247508j)
14010,-0.21459804910864447,(-11.34858580211288-1232.3043498046968j)
14011,-0.2145419890122211,(517.0617416509923+6.021893621268845j)
14012,-0.21448592891579774,(470.92480692043205+623.6428247886677j)
14013,-0.21442986881937437,(363.2391264523206+448.1357269559099j)
14014,-0.214373808722951,(339.5479747131575-227.20441976950002j)
14015,-0.21431774862652764,(76.76003063869739+92.3106742778119j)
14016,-0.21426168853010427,(384.43950316174517+504.53627996000694j)
14017,-0.2142056284336809,(-11.765818541308224-110.54472338357813j)
14018,-0.21414956833725754,(-406.16940233467244-209.95763575021596j)
14019,-0.21409350824083417,(-607.8841867037945-302.99454828015405j)
14020,-0.2140374481444108,(-171.50543459777953-360.174733278492j)
14021,-0.21398138804798744,(391.48470542978976-149.82978849560592j)
14022,-0.21392532795156408,(-856.2298188336872-275.0631697110336j)
14023,-0.2138692678551407,(-298.56567255381924+828.1354069515693j)
14024,-0.21381320775871734,(228.60287724195607-241.5105209768007j)
14025,-0.21375714766229398,(27.091975378892684+460.4669877046008j)
14026,-0.2137010875658706,(-355.5260571123545-281.647029983941j)
14027,-0.21364502746944725,(-107.14139760161092-117.92828609743208j)
14028,-0.21358896737302388,(683.0642041166045-783.5807975252277j)
14029,-0.21353290727660051,(-14.635293421211301-50.32177877815943j)
14030,-0.21347684718017715,(25.440486645842725+506.8503648310109j)
14031,-0.21342078708375378,(-788.3396281426665-128.70945225738663j)
14032,-0.21336472698733042,(155.0952128272254-10.7837026593904j)
14033,-0.21330866689090705,(-463.79353041357297-53.13851327866709j)
14034,-0.21325260679448368,(352.05615215849315+477.14470843929826j)
14035,-0.21319654669806032,(293.154933176242-101.30652806689211j)
14036,-0.21314048660163695,(137.2982512372807+120.0375575146629j)
14037,-0.2130844265052136,(-814.5610888038503-528.1374049317728j)
14038,-0.21302836640879022,(74.97466502307182-18.008035319263833j)
14039,-0.21297230631236685,(-588.964434476851+516.8540480896529j)
14040,-0.2129162462159435,(786.2957496838009-170.18398294164427j)
14041,-0.21286018611952012,(-0.03453437369103085+539.0506173583494j)
14042,-0.21280412602309676,(87.49431741615427+164.86331304840093j)
14043,-0.2127480659266734,(-18.714424659922514+758.8205755863173j)
14044,-0.21269200583025002,(-434.98370660580304+190.34996545754026j)
14045,-0.21263594573382666,(-321.96109774966015-77.76194540609313j)
14046,-0.2125798856374033,(206.21070488952057+75.7274534111147j)
14047,-0.21252382554097993,(258.55333478225475+975.1977763619628j)
14048,-0.21246776544455656,(-127.80975024595435-466.3890635547523j)
14049,-0.2124117053481332,(27.08498405948213+145.22440425571045j)
14050,-0.21235564525170983,(-228.20159815724435+428.410322202403j)
14051,-0.21229958515528646,(159.96549279808596-607.6441631766539j)
14052,-0.2122435250588631,(-141.11866531236876-1627.9223197295307j)
14053,-0.21218746496243973,(483.36233795419525+303.1891216734196j)
14054,-0.21213140486601637,(124.68675124047363+175.5277143378603j)
14055,-0.212075344769593,(545.2272068486784+300.4976456673815j)
14056,-0.21201928467316963,(566.2591040450135+115.38597222010232j)
14057,-0.21196322457674627,(54.485511632773296-228.30176002948951j)
14058,-0.2119071644803229,(212.1966682114937+207.81288527654206j)
14059,-0.21185110438389954,(552.1514859101568-656.0421104393861j)
14060,-0.21179504428747617,(136.8319585849662-385.29819522211085j)
14061,-0.2117389841910528,(608.2890403087866+189.7595369780507j)
14062,-0.21168292409462944,(-365.3186450528344-27.126557205671332j)
14063,-0.21162686399820607,(502.0019130868826-222.02434646626742j)
14064,-0.2115708039017827,(264.4413677636599+118.1217092493253j)
14065,-0.21151474380535934,(48.5930215456047+36.629355976957605j)
14066,-0.21145868370893597,(1094.643106753733+275.2267945167807j)
14067,-0.2114026236125126,(4.378619322338186-12.797353515804893j)
14068,-0.21134656351608924,(174.8619224220162-40.37308687646545j)
14069,-0.21129050341966588,(475.3696950789008-357.99952925071585j)
14070,-0.2112344433232425,(219.89586623418796+754.0733173439764j)
14071,-0.21117838322681914,(375.54122044521773-358.09276886035764j)
14072,-0.21112232313039578,(-86.384154571663-407.23684179783584j)
14073,-0.2110662630339724,(88.02686569314527+422.3719712830367j)
14074,-0.21101020293754905,(-664.4545310931882-86.44268451392566j)
14075,-0.21095414284112568,(-63.63376843476169+634.9683318416716j)
14076,-0.21089808274470231,(722.8261746542752+488.006622673219j)
14077,-0.21084202264827895,(493.758604363947+103.32569194379232j)
14078,-0.21078596255185558,(920.6943245958187-353.94795010081333j)
14079,-0.21072990245543222,(-181.63115676517907+310.37388071902046j)
14080,-0.21067384235900885,(312.73255851071025-1112.1594418976692j)
14081,-0.21061778226258548,(122.3083458604014+219.25760745237866j)
14082,-0.21056172216616212,(367.6081428393428-587.3920975144129j)
14083,-0.21050566206973875,(347.4057966653222-155.00955428136757j)
14084,-0.2104496019733154,(-43.34404999387966-251.5537225305914j)
14085,-0.21039354187689202,(-3.3866278268682564-185.71927094765584j)
14086,-0.21033748178046865,(-320.49642719404517-769.387689785433j)
14087,-0.2102814216840453,(275.8796633736215-584.4163643330909j)
14088,-0.21022536158762192,(360.8676187880832-816.6368318689093j)
14089,-0.21016930149119856,(648.3590253702986+156.83549186727936j)
14090,-0.2101132413947752,(350.2243823350042+246.79913625621518j)
14091,-0.21005718129835182,(-118.98860209383284+176.33252283124332j)
14092,-0.21000112120192846,(-268.82402166328677-87.13012173745683j)
14093,-0.2099450611055051,(-1133.7210260537856+66.7950626739821j)
14094,-0.20988900100908173,(534.9633664387447+52.13569967789769j)
14095,-0.20983294091265836,(-233.46862409557318-429.58672003722074j)
14096,-0.209776880816235,(-331.5314597812602-19.256654557903335j)
14097,-0.20972082071981163,(361.89277837975425+418.67174522716664j)
14098,-0.20966476062338826,(-745.3578628405284-116.13425846574637j)
14099,-0.2096087005269649,(242.5259412392042-16.53517348840549j)
14100,-0.20955264043054153,(-334.707017318907+12.690905053558225j)
14101,-0.20949658033411817,(378.98016181063855-847.582685030724j)
14102,-0.2094405202376948,(-130.56032188981192-420.43258728111704j)
14103,-0.20938446014127143,(-744.521584299397+60.62282162748467j)
14104,-0.20932840004484807,(210.86339089841198+161.72813918799454j)
14105,-0.2092723399484247,(-363.08473820847445+162.38369557798882j)
14106,-0.20921627985200134,(338.5355721383369-638.1711261791804j)
14107,-0.20916021975557797,(-235.61586592445548+921.1350760760267j)
14108,-0.2091041596591546,(155.92641799067414-201.0918656774184j)
14109,-0.20904809956273124,(434.95786388749747+168.87452340197305j)
14110,-0.20899203946630787,(-438.9600192492591-591.4020414507069j)
14111,-0.2089359793698845,(106.30515199394847-496.71897594155143j)
14112,-0.20887991927346114,(831.5044111529032+884.1392914411094j)
14113,-0.20882385917703777,(745.4025025605156+229.65031084420735j)
14114,-0.2087677990806144,(-42.9862708950766+28.91143175317987j)
14115,-0.20871173898419104,(513.2950917504638+1252.970523678834j)
14116,-0.20865567888776768,(-622.7462085523567-171.0165190057606j)
14117,-0.2085996187913443,(462.97187865954413+330.1715796152073j)
14118,-0.20854355869492094,(997.6035448304118+256.75038020227356j)
14119,-0.20848749859849758,(-728.9646036440638+321.354090892704j)
14120,-0.2084314385020742,(218.32633335836394+152.94781972699082j)
14121,-0.20837537840565085,(493.3977112909296-380.68558681657856j)
14122,-0.20831931830922748,(-696.5474208704816+451.8980356142632j)
14123,-0.20826325821280411,(-1140.8090781313945-534.3593797549499j)
14124,-0.20820719811638075,(-25.638076662938474+153.61624506339663j)
14125,-0.20815113801995738,(-747.9023861235164+458.73481535955113j)
14126,-0.20809507792353404,(50.968496277692545+158.49604111866623j)
14127,-0.20803901782711068,(680.4138190711203+319.22208947905284j)
14128,-0.2079829577306873,(-220.80861251865045+735.0993962439283j)
14129,-0.20792689763426395,(112.44794973007572+282.0236769820605j)
14130,-0.20787083753784058,(-341.6252624587032+261.29502396241463j)
14131,-0.20781477744141721,(252.3281629091989+314.9544589186412j)
14132,-0.20775871734499385,(1.754107016023326-206.63579996513081j)
14133,-0.20770265724857048,(-53.10748393052671-102.35372588610088j)
14134,-0.20764659715214712,(405.38768928019545-448.3907786602768j)
14135,-0.20759053705572375,(313.6325306162403+667.5678805336556j)
14136,-0.20753447695930038,(739.613865623621+629.6289471068574j)
14137,-0.20747841686287702,(767.7362241293562-53.329620968550216j)
14138,-0.20742235676645365,(54.06588043160406+523.1497569048825j)
14139,-0.2073662966700303,(293.57702594517855+235.68992960708886j)
14140,-0.20731023657360692,(34.01732956095489-367.5263399201348j)
14141,-0.20725417647718355,(363.01472784820874+20.664037577343805j)
14142,-0.2071981163807602,(514.8535273347329-448.7611912068186j)
14143,-0.20714205628433682,(19.001427727403698+32.46636977101468j)
14144,-0.20708599618791346,(11.445151904997134-66.27352200142283j)
14145,-0.2070299360914901,(-110.9625527048701+22.12647031389971j)
14146,-0.20697387599506673,(-520.8131046874558-585.6801369365572j)
14147,-0.20691781589864336,(622.3222250551128-103.2543697984801j)
14148,-0.20686175580222,(428.38047523059726-417.7642061756101j)
14149,-0.20680569570579663,(-17.33372679770133+621.0416856735222j)
14150,-0.20674963560937326,(-77.50816394604887-508.5680718130014j)
14151,-0.2066935755129499,(-297.28562961500404-44.03751546275646j)
14152,-0.20663751541652653,(558.1569827403746-670.3700815932343j)
14153,-0.20658145532010316,(-280.421608972299+446.5876486336633j)
14154,-0.2065253952236798,(114.95129714089539+289.4381671883413j)
14155,-0.20646933512725643,(151.2029813707721+205.28706936297596j)
14156,-0.20641327503083307,(-503.6350953781778-102.73840582387348j)
14157,-0.2063572149344097,(427.9031395435825-558.4959226867021j)
14158,-0.20630115483798633,(127.4531296418624-757.3545382855139j)
14159,-0.20624509474156297,(-180.05419512199816-642.094763541292j)
14160,-0.2061890346451396,(-113.06274242577985-404.83598834322714j)
14161,-0.20613297454871624,(94.2001189156185-14.793444295501986j)
14162,-0.20607691445229287,(849.2699049520583+331.11865226685825j)
14163,-0.2060208543558695,(284.2844236722063+55.50553027354164j)
14164,-0.20596479425944614,(-484.81568559185166+577.6273925270893j)
14165,-0.20590873416302277,(5.337465445752343-527.9306051967942j)
14166,-0.2058526740665994,(-641.4292064876158-132.846684679769j)
14167,-0.20579661397017604,(54.07411875790261-215.1424331895432j)
14168,-0.20574055387375267,(-28.015845550099186-452.4996869753301j)
14169,-0.2056844937773293,(552.5940847833972-366.76064083094883j)
14170,-0.20562843368090594,(262.98105208048383+62.76496037917161j)
14171,-0.20557237358448258,(-133.6741116048332-61.44044905099949j)
14172,-0.2055163134880592,(-151.3144528252445-300.5409898906984j)
14173,-0.20546025339163584,(96.73515017418508+162.27607359111755j)
14174,-0.20540419329521248,(476.407689138826-100.188100307878j)
14175,-0.2053481331987891,(-43.33412975643934+222.45857680531287j)
14176,-0.20529207310236575,(671.2724118628504+457.25844166510535j)
14177,-0.20523601300594238,(-191.11565950120487+446.078574760573j)
14178,-0.20517995290951901,(193.67027064513195+326.4750189978498j)
14179,-0.20512389281309565,(26.762654127933914-405.86559085712844j)
14180,-0.20506783271667228,(450.56937004833947-430.44470593949853j)
14181,-0.20501177262024892,(-587.6349479102412+744.0433282531158j)
14182,-0.20495571252382555,(-493.5947296387119-685.9090486755292j)
14183,-0.20489965242740218,(522.5287708955988+412.4250163541849j)
14184,-0.20484359233097882,(-201.58309002258255+671.3674256634775j)
14185,-0.20478753223455545,(167.84237872248107+626.1809579024775j)
14186,-0.2047314721381321,(623.7186165616218+401.14101655253654j)
14187,-0.20467541204170872,(430.0143788514477+233.8735401980125j)
14188,-0.20461935194528535,(178.10044333342913-388.2728954226948j)
14189,-0.204563291848862,(360.88894555183157-204.89378375669935j)
14190,-0.20450723175243862,(-349.49325431614477+237.9656743560176j)
14191,-0.20445117165601526,(31.64003495069005+289.22465650755777j)
14192,-0.2043951115595919,(722.3604939369352-72.77422667581817j)
14193,-0.20433905146316853,(-221.64310177066392-232.7072174134779j)
14194,-0.20428299136674516,(237.83958221622865+829.3367154626802j)
14195,-0.2042269312703218,(-82.31232121984317-856.028451468113j)
14196,-0.20417087117389843,(213.20279952945532-181.35943406522597j)
14197,-0.20411481107747506,(677.2310488637875-193.4054535404884j)
14198,-0.2040587509810517,(112.21603127051543+611.8094450690396j)
14199,-0.20400269088462833,(37.650897258247014-91.90786050912648j)
14200,-0.20394663078820496,(-330.80615559484835-384.92209666790154j)
14201,-0.2038905706917816,(133.79817525369845+374.8095688161338j)
14202,-0.20383451059535823,(289.14554846727856+352.7155669904099j)
14203,-0.20377845049893487,(-649.6320552123159+539.5358101057246j)
14204,-0.2037223904025115,(578.7548222428759+224.5614775916083j)
14205,-0.20366633030608813,(-163.69966269975376-692.951399731899j)
14206,-0.20361027020966477,(138.02717518196036-273.4598305463376j)
14207,-0.2035542101132414,(327.90067730501744+264.1605822095735j)
14208,-0.20349815001681804,(-246.3661931881095-314.39237036012355j)
14209,-0.20344208992039467,(932.6196982547124-541.9657978362641j)
14210,-0.2033860298239713,(-10.431659364551997+152.593095550184j)
14211,-0.20332996972754794,(-149.152423597564+255.8028053586849j)
14212,-0.20327390963112457,(-696.132606801104+749.6749024514381j)
14213,-0.2032178495347012,(139.00155831721204-8.586507794442596j)
14214,-0.20316178943827784,(189.52667309283095+58.20237980499567j)
14215,-0.20310572934185447,(-50.653591557061645-103.53433658005459j)
14216,-0.2030496692454311,(341.6830247579717-319.63759306588247j)
14217,-0.20299360914900774,(114.22122576324045-234.62942319322522j)
14218,-0.20293754905258438,(-113.08463020076307-435.0509644967776j)
14219,-0.202881488956161,(-67.21113082293178+570.5855821955811j)
14220,-0.20282542885973764,(548.744424568094+45.41500666430318j)
14221,-0.20276936876331428,(370.80814506226284+101.01021905457338j)
14222,-0.2027133086668909,(-155.4026774084079-791.0547565964048j)
14223,-0.20265724857046755,(238.63382161877877+492.6090777704939j)
14224,-0.20260118847404418,(-478.9784697000274-243.18205433230617j)
14225,-0.20254512837762081,(331.2096735138139-3.6216201481922496j)
14226,-0.20248906828119745,(-25.489676563379305+740.5876869999994j)
14227,-0.20243300818477408,(-517.0086989334981-283.12277114414553j)
14228,-0.20237694808835072,(-81.93825450249469-460.8959780235584j)
14229,-0.20232088799192735,(578.2544817479554+495.7802523857977j)
14230,-0.20226482789550398,(-357.52601133417335+206.7287790969683j)
14231,-0.20220876779908062,(504.59948208410583-493.22761231513203j)
14232,-0.20215270770265725,(-34.27966345456388+597.0564640171136j)
14233,-0.2020966476062339,(-97.85309843016577-163.2021794854598j)
14234,-0.20204058750981052,(-585.1829964051731+619.7982862228152j)
14235,-0.20198452741338715,(676.0821266563487+386.14696251498117j)
14236,-0.2019284673169638,(522.5773529846122+821.253392790354j)
14237,-0.20187240722054042,(153.84828542250682+564.218959186406j)
14238,-0.20181634712411706,(558.4788105838163+81.49219259060115j)
14239,-0.2017602870276937,(-286.765745472639+332.92821583673077j)
14240,-0.20170422693127033,(-523.3688531119989-627.5593347273325j)
14241,-0.20164816683484696,(103.68960692463604+197.15653641590535j)
14242,-0.2015921067384236,(593.0124741213401+168.58902671688276j)
14243,-0.20153604664200023,(-214.27158916178638+237.80511506376698j)
14244,-0.20147998654557686,(196.58465332043113-551.2785218000064j)
14245,-0.2014239264491535,(-121.85035294656024-754.53917070408j)
14246,-0.20136786635273013,(-258.39910664107884-535.3099285701121j)
14247,-0.20131180625630676,(161.69395442972908+372.10060422549975j)
14248,-0.2012557461598834,(448.77365030866974-595.8180220985425j)
14249,-0.20119968606346003,(735.445223222467+411.98744484493835j)
14250,-0.20114362596703667,(285.5419085366809-94.93838285540956j)
14251,-0.2010875658706133,(-19.25590721556746+230.7790962408875j)
14252,-0.20103150577418993,(-459.53863837730717+363.81892910545207j)
14253,-0.20097544567776657,(513.1422614645443+549.8982473922856j)
14254,-0.2009193855813432,(324.2387898720686+293.8129567229953j)
14255,-0.20086332548491984,(132.56580922860536-338.5029040876552j)
14256,-0.20080726538849647,(245.21453923709626+29.419330858885374j)
14257,-0.2007512052920731,(1020.6319417048409-585.5341463303337j)
14258,-0.20069514519564974,(99.05114253613485-183.46900568908057j)
14259,-0.20063908509922637,(614.1937076970446-425.043949788782j)
14260,-0.200583025002803,(238.6281643108944-149.62073956949624j)
14261,-0.20052696490637964,(-459.8681587368351-194.06682236931397j)
14262,-0.20047090480995627,(-213.8866980842272+229.32434244870478j)
14263,-0.2004148447135329,(-430.8215064580327+63.712578583766096j)
14264,-0.20035878461710954,(-18.381871655848528+484.2979620330841j)
14265,-0.20030272452068618,(-412.8330516069959-928.9205891118982j)
14266,-0.2002466644242628,(597.5229636541947+215.55590702585224j)
14267,-0.20019060432783944,(227.46777073688588+82.70901885871316j)
14268,-0.20013454423141608,(-230.21821027976014-272.0408331085236j)
14269,-0.2000784841349927,(-721.1671792016876+346.8729775804496j)
14270,-0.20002242403856935,(-233.1868520929388+58.13863249706637j)
14271,-0.19996636394214598,(613.7891746673344-447.327219916582j)
14272,-0.19991030384572261,(200.0892675642881+142.85822536367309j)
14273,-0.19985424374929925,(-29.155797417698047-761.4439277732446j)
14274,-0.19979818365287588,(-314.74844424557114+596.3079171001136j)
14275,-0.19974212355645252,(-245.51279285689014+279.0675482256495j)
14276,-0.19968606346002915,(-663.9487551816624-597.6891948634701j)
14277,-0.19963000336360578,(692.1478408247282+84.71657801650207j)
14278,-0.19957394326718242,(416.74188380440825+142.72237057469405j)
14279,-0.19951788317075905,(46.31732401578939-203.12187203645507j)
14280,-0.1994618230743357,(1228.232932084569-559.1169712539381j)
14281,-0.19940576297791232,(70.26173328233978-759.2582014236095j)
14282,-0.19934970288148895,(71.81185851228814+237.99013207489827j)
14283,-0.1992936427850656,(-467.5924684921118+501.26007419957944j)
14284,-0.19923758268864222,(-87.11339794577717+37.5709260560014j)
14285,-0.19918152259221886,(-30.293798402239396-16.108601201147483j)
14286,-0.1991254624957955,(130.78688169286926-46.33027656861159j)
14287,-0.19906940239937213,(-12.318450087950637+307.6763932064229j)
14288,-0.19901334230294876,(596.3729440548216-61.2804061686593j)
14289,-0.1989572822065254,(332.1865043534715-460.59018696589567j)
14290,-0.19890122211010203,(97.3822422360563-193.15272932355884j)
14291,-0.19884516201367866,(-328.0865226476879+265.7981447028493j)
14292,-0.1987891019172553,(591.1397963250593-114.6087546494586j)
14293,-0.19873304182083193,(459.92878651482675-338.4828132896692j)
14294,-0.19867698172440856,(-300.4474375056777-161.11802264819306j)
14295,-0.1986209216279852,(-97.85804947688604-713.9842545433889j)
14296,-0.19856486153156183,(16.36304255116113-120.17486876840269j)
14297,-0.19850880143513847,(320.88266823658955-201.36779796244633j)
14298,-0.1984527413387151,(-727.3693208940034+238.1064865815603j)
14299,-0.19839668124229173,(-258.4534282926579-127.26146488912586j)
14300,-0.19834062114586837,(-438.8515361050709-89.67045891631949j)
14301,-0.198284561049445,(-340.55034656039254+19.716938531238355j)
14302,-0.19822850095302164,(-352.34554745590793+215.46107484446685j)
14303,-0.19817244085659827,(-250.58196907178004+239.4257592256437j)
14304,-0.1981163807601749,(163.33605278999812+326.9512699919546j)
14305,-0.19806032066375154,(-452.2903184569377+282.587581138883j)
14306,-0.19800426056732817,(1048.1527505450774+971.4494262013255j)
14307,-0.1979482004709048,(362.08754831406486+157.0747937469333j)
14308,-0.19789214037448144,(791.5400297713954+92.26933711802081j)
14309,-0.19783608027805807,(236.1424639303206+425.5860379470277j)
14310,-0.1977800201816347,(-503.87417850804434+218.75630886351303j)
14311,-0.19772396008521134,(150.75729564404458-540.7090510165716j)
14312,-0.19766789998878798,(60.826519954958876+310.65007862804623j)
14313,-0.1976118398923646,(342.63828581760976-115.31918462053437j)
14314,-0.19755577979594124,(10.465684594140583-264.7119010327393j)
14315,-0.19749971969951788,(-362.3723706133554+290.1523330764066j)
14316,-0.1974436596030945,(-27.16484378441865+462.62836712864606j)
14317,-0.19738759950667115,(386.22098738279817-29.71975754431074j)
14318,-0.19733153941024778,(61.96432047498314-601.7909184309528j)
14319,-0.19727547931382441,(-317.6856511887133+66.56659030283964j)
14320,-0.19721941921740105,(1592.2639421456367-82.55222539621877j)
14321,-0.19716335912097768,(414.57410486751564+2.7415613053887427j)
14322,-0.19710729902455432,(250.55239802847748-295.2490350670862j)
14323,-0.19705123892813095,(-73.08474698200706+213.35403479294868j)
14324,-0.19699517883170758,(-29.005314675948682-543.9228064040732j)
14325,-0.19693911873528422,(-537.4525090549812-647.0836159032467j)
14326,-0.19688305863886085,(347.9377509744497+705.9590069745467j)
14327,-0.1968269985424375,(366.24755099296726+694.3449589593329j)
14328,-0.19677093844601412,(27.705199268281177+603.8812695919145j)
14329,-0.19671487834959075,(1393.8213129951775-49.771467977891916j)
14330,-0.1966588182531674,(970.7725455937195+479.31381544463994j)
14331,-0.19660275815674402,(-65.64394720038507-770.4090203107743j)
14332,-0.19654669806032066,(-300.2807225099415+780.5558916832514j)
14333,-0.1964906379638973,(-481.2876346035298+355.9362773686491j)
14334,-0.19643457786747393,(-246.18670606232394+542.9120270371309j)
14335,-0.19637851777105056,(-161.02517467185567-200.7768664744843j)
14336,-0.1963224576746272,(-508.2331003863786+11.846241371935069j)
14337,-0.19626639757820383,(1033.0130983365693+54.81842197493398j)
14338,-0.19621033748178046,(506.94897520081804+707.7239390098623j)
14339,-0.1961542773853571,(-163.44598835808605-115.84850170263624j)
14340,-0.19609821728893373,(125.7549161671683-660.4684937954381j)
14341,-0.19604215719251036,(287.5830678680616+75.47846516846106j)
14342,-0.195986097096087,(652.8215999398726-553.258263499048j)
14343,-0.19593003699966363,(-296.4852759968261+462.75144911293614j)
14344,-0.19587397690324027,(-76.16726882757305-154.11839162470784j)
14345,-0.1958179168068169,(661.9806329035779+442.55929347179j)
14346,-0.19576185671039353,(-199.83815330279435+377.5238115797533j)
14347,-0.19570579661397017,(731.0445286932611-602.7725816455797j)
14348,-0.1956497365175468,(-377.9779017109934+824.0156961066846j)
14349,-0.19559367642112344,(330.4695025154431-696.9485880295623j)
14350,-0.19553761632470007,(-65.8356075921528-213.10280359245166j)
14351,-0.1954815562282767,(80.08359655009468+852.6864755444713j)
14352,-0.19542549613185334,(228.68822012886068-307.1802881924075j)
14353,-0.19536943603542997,(731.1330005377363-307.5632937839109j)
14354,-0.1953133759390066,(-390.06267251446945-252.88738101303258j)
14355,-0.19525731584258324,(284.2963458703108-35.484567222299596j)
14356,-0.19520125574615987,(-498.6209802275389-102.61954152601831j)
14357,-0.1951451956497365,(-435.0654250709939+173.6794142417021j)
14358,-0.19508913555331314,(-94.88021869609545+320.5779893960437j)
14359,-0.19503307545688978,(-779.8060973424372-661.5220202300708j)
14360,-0.1949770153604664,(-385.1188250383583-843.9911935710267j)
14361,-0.19492095526404304,(374.17483991524495-20.622840896531443j)
14362,-0.19486489516761968,(501.99462754941993+912.2491896440029j)
14363,-0.1948088350711963,(249.13217516745345+380.85252853404455j)
14364,-0.19475277497477295,(18.47448417212412-262.4264870862021j)
14365,-0.19469671487834958,(249.51804411324161+59.060130221912104j)
14366,-0.19464065478192621,(-444.4217458303258-397.3358965153898j)
14367,-0.19458459468550285,(79.41969195714572-739.9769237717626j)
14368,-0.19452853458907948,(-231.5140536606853-1267.495582743191j)
14369,-0.19447247449265612,(-294.6746147115943+123.51841632280393j)
14370,-0.19441641439623275,(678.5058503864761+563.2622353956199j)
14371,-0.19436035429980938,(-305.2329622395874-259.24055288803174j)
14372,-0.19430429420338602,(-594.5607080967974+531.7770003688529j)
14373,-0.19424823410696265,(-228.9985867608466+20.91668511925503j)
14374,-0.1941921740105393,(-174.34084121034041-403.5244177280441j)
14375,-0.19413611391411592,(986.5306707194811+356.40492721763144j)
14376,-0.19408005381769255,(-152.78565897146635-320.2495451159806j)
14377,-0.1940239937212692,(266.08771113657417+308.51881468975114j)
14378,-0.19396793362484582,(88.90572974263775+53.98532497380043j)
14379,-0.19391187352842246,(-495.3879933803597+229.29407992471474j)
14380,-0.1938558134319991,(627.4430000712841+124.07949207716726j)
14381,-0.19379975333557573,(-563.047026011361+173.11591970969886j)
14382,-0.19374369323915236,(152.03424826411486+797.4084799675942j)
14383,-0.19368763314272902,(-1015.6252149252268+535.3845075394332j)
14384,-0.19363157304630566,(651.1522913184986+159.5026757048262j)
14385,-0.1935755129498823,(-666.606155663367+180.16791081425382j)
14386,-0.19351945285345892,(187.78035798126575+224.57979795626164j)
14387,-0.19346339275703556,(-180.62107550632896+1081.6010213065988j)
14388,-0.1934073326606122,(-692.6150359069807+247.14795252216277j)
14389,-0.19335127256418883,(985.0349574441298-229.98669949826285j)
14390,-0.19329521246776546,(663.0656591206763+104.03627292191564j)
14391,-0.1932391523713421,(428.9637052982325+205.45463319600486j)
14392,-0.19318309227491873,(-334.5477549279017-39.55766155093443j)
14393,-0.19312703217849536,(18.5232234184911-240.6298177777016j)
14394,-0.193070972082072,(-188.7260130106563+678.9048878403961j)
14395,-0.19301491198564863,(118.01340015616982-2.07822677510433j)
14396,-0.19295885188922526,(479.61137947040527+819.6383540626161j)
14397,-0.1929027917928019,(-1016.5686814114617+64.3295287847751j)
14398,-0.19284673169637853,(48.998838355105306-694.6954175974678j)
14399,-0.19279067159995517,(-642.5948457523854+682.0329858009029j)
14400,-0.1927346115035318,(33.92131886901172-11.60824520891132j)
14401,-0.19267855140710843,(-524.3162524638786+504.834401802821j)
14402,-0.19262249131068507,(222.43928569250443+647.6218182955488j)
14403,-0.1925664312142617,(20.35382232354726+136.44235375193784j)
14404,-0.19251037111783834,(93.09010785608942-574.3388123905627j)
14405,-0.19245431102141497,(32.178436762047795-1136.1068548360838j)
14406,-0.1923982509249916,(499.7494842487746-414.27519797423156j)
14407,-0.19234219082856824,(33.29104624383759+73.68259741045455j)
14408,-0.19228613073214487,(89.83260762130578-780.6886276764325j)
14409,-0.1922300706357215,(1154.8415733308386-860.2643105319676j)
14410,-0.19217401053929814,(346.69698591423384-383.6201263096786j)
14411,-0.19211795044287477,(-603.6415748777368-437.00209752311446j)
14412,-0.1920618903464514,(390.36373519753676+172.03302441475j)
14413,-0.19200583025002804,(-873.3714527074375-328.89824678644493j)
14414,-0.19194977015360468,(197.47239914036993-31.688094370214685j)
14415,-0.1918937100571813,(360.7544468459039+489.74148586311253j)
14416,-0.19183764996075794,(24.426880066810817-590.2488521955825j)
14417,-0.19178158986433458,(27.35732513779873-8.323233611919088j)
14418,-0.1917255297679112,(-116.08938116509131-961.4464461747909j)
14419,-0.19166946967148785,(921.3361353963975+392.8730701312839j)
14420,-0.19161340957506448,(-84.81714965030433-438.9338343018822j)
14421,-0.19155734947864111,(884.6840186056833-113.71848590521168j)
14422,-0.19150128938221775,(-1293.3146491062016+248.09889459838843j)
14423,-0.19144522928579438,(65.99835950213807-499.8487299057975j)
14424,-0.19138916918937102,(-222.45657417189634+331.0169586184528j)
14425,-0.19133310909294765,(50.74243942787393-427.4998317304353j)
14426,-0.19127704899652428,(525.083158243403-269.56518252926054j)
14427,-0.19122098890010092,(-437.7037203624258-524.6947255605362j)
14428,-0.19116492880367755,(629.7185160688567-263.86668414611546j)
14429,-0.1911088687072542,(436.3209905535963-119.19620532976079j)
14430,-0.19105280861083082,(-171.2112066005719+343.9685641072386j)
14431,-0.19099674851440746,(-722.9741989385994+526.7730788705896j)
14432,-0.1909406884179841,(-543.7085413804815-2.679278104701467j)
14433,-0.19088462832156072,(578.8427978153443+361.76495677655697j)
14434,-0.19082856822513736,(-203.63961696712306-270.43758208449583j)
14435,-0.190772508128714,(25.94233964873805-94.40754085354412j)
14436,-0.19071644803229063,(-347.61667961483994-457.5642228883792j)
14437,-0.19066038793586726,(306.0016716479661+489.3829061243088j)
14438,-0.1906043278394439,(579.1578697698204+358.41991266229786j)
14439,-0.19054826774302053,(-147.57666981050406-189.2391430479287j)
14440,-0.19049220764659716,(597.2924311131176+127.53556696197435j)
14441,-0.1904361475501738,(808.9650894706756+210.81362579641842j)
14442,-0.19038008745375043,(108.21335789776532+520.9728484863514j)
14443,-0.19032402735732706,(-341.4573774819913-266.7207067314947j)
14444,-0.1902679672609037,(-47.55972715753606+476.66476164666165j)
14445,-0.19021190716448033,(243.89893023602656+200.0116728458206j)
14446,-0.19015584706805697,(-396.63099501993463+116.10943522490282j)
14447,-0.1900997869716336,(-280.0292083550293+37.74072534383534j)
14448,-0.19004372687521023,(-77.69822336473806+113.22577329701001j)
14449,-0.18998766677878687,(302.65580036441077-707.053108874014j)
14450,-0.1899316066823635,(-506.0878664610572+233.40362630479672j)
14451,-0.18987554658594014,(129.16881602790733-199.8786245683896j)
14452,-0.18981948648951677,(765.1211368106083+259.82814469702475j)
14453,-0.1897634263930934,(211.80562764702256-19.347293855767845j)
14454,-0.18970736629667004,(73.73308939083122-186.9341850125847j)
14455,-0.18965130620024667,(589.2857380709278+585.8963652245759j)
14456,-0.1895952461038233,(-113.18170466225916+1114.2446688964603j)
14457,-0.18953918600739994,(-575.4603559501791+706.1024724398601j)
14458,-0.18948312591097657,(807.6172897301004+442.91607151710417j)
14459,-0.1894270658145532,(1142.7324824674438-210.81541301934303j)
14460,-0.18937100571812984,(197.17062252020474-240.12900349041843j)
14461,-0.18931494562170648,(-135.063549085701-116.00441036738196j)
14462,-0.1892588855252831,(-851.5219872529497-1489.123522434082j)
14463,-0.18920282542885974,(-37.026267152701664-679.0648994186089j)
14464,-0.18914676533243638,(-84.70030977593595-35.990576287187835j)
14465,-0.189090705236013,(-351.84426068289133-457.93241012734006j)
14466,-0.18903464513958965,(54.18932195308766-293.49449724698314j)
14467,-0.18897858504316628,(-745.1845342872105-432.1064441194632j)
14468,-0.18892252494674291,(-172.85512706609688+621.3277898513986j)
14469,-0.18886646485031955,(548.9746013663772+498.6284973701484j)
14470,-0.18881040475389618,(995.8886843134396+891.268052431562j)
14471,-0.18875434465747282,(-512.8696818811525-803.8129358061742j)
14472,-0.18869828456104945,(581.1511856282808+210.8770036327905j)
14473,-0.18864222446462608,(270.51015874251965+264.01838056806344j)
14474,-0.18858616436820272,(948.1641040381685+108.32200779495034j)
14475,-0.18853010427177935,(374.6965442686764-344.773357992033j)
14476,-0.188474044175356,(-353.37083186129667-51.39050798836851j)
14477,-0.18841798407893262,(714.0791652779621+569.3978927736423j)
14478,-0.18836192398250926,(652.2551139259641+34.59736604830974j)
14479,-0.1883058638860859,(-370.59296000180575+170.53871847832812j)
14480,-0.18824980378966252,(338.9184569330235+341.1681879640245j)
14481,-0.18819374369323916,(-174.5091494450192-1149.646375928437j)
14482,-0.1881376835968158,(328.9560186675448+683.5089985829513j)
14483,-0.18808162350039243,(-286.6985020598349+15.569200675042499j)
14484,-0.18802556340396906,(-185.4123759913274+236.24789853959135j)
14485,-0.1879695033075457,(656.5354384165709-898.6429357397193j)
14486,-0.18791344321112233,(381.3929644276792-521.8830642044668j)
14487,-0.18785738311469896,(754.3049105372091+991.2456558464172j)
14488,-0.1878013230182756,(125.43118551483525-816.9791450420241j)
14489,-0.18774526292185223,(175.10716490721467+232.5964956719117j)
14490,-0.18768920282542886,(-206.2709703072291+462.0109795922533j)
14491,-0.1876331427290055,(-682.3040774319732+268.50865664502624j)
14492,-0.18757708263258213,(-363.5961018362332-124.72547003258512j)
14493,-0.18752102253615877,(-168.11194100561258+186.54741036446575j)
14494,-0.1874649624397354,(929.3351747240382+201.535834983888j)
14495,-0.18740890234331203,(535.1689986122266-125.24559762680269j)
14496,-0.18735284224688867,(-698.9270291487943-627.153495077934j)
14497,-0.1872967821504653,(24.189009756773856+320.2355555638891j)
14498,-0.18724072205404194,(-667.4155336661329-598.1295944535441j)
14499,-0.18718466195761857,(423.2753333051017-302.187333068352j)
14500,-0.1871286018611952,(928.7778233583416-91.6138389360479j)
14501,-0.18707254176477184,(576.2614062790451+213.81264190593978j)
14502,-0.18701648166834847,(161.18779965518632+1124.3401045880046j)
14503,-0.1869604215719251,(75.26263088809449+184.24822690568737j)
14504,-0.18690436147550174,(132.3543773460449+168.0944038869293j)
14505,-0.18684830137907837,(-156.96440988137306+596.7579648981879j)
14506,-0.186792241282655,(-1083.3532077156651-221.1645664864089j)
14507,-0.18673618118623164,(448.1929967416049-497.15287941281065j)
14508,-0.18668012108980828,(483.737359898341+644.580807066172j)
14509,-0.1866240609933849,(212.33603497007638-332.92228878231487j)
14510,-0.18656800089696154,(-109.83321789848455+227.3559344382772j)
14511,-0.18651194080053818,(-397.9155721098611-85.45935570514739j)
14512,-0.1864558807041148,(-515.1456812777851-462.27896817857385j)
14513,-0.18639982060769145,(533.5029911473088-979.0077093382914j)
14514,-0.18634376051126808,(-331.54663708848176-527.7082633683186j)
14515,-0.18628770041484471,(1106.1973227950525-615.7244139545683j)
14516,-0.18623164031842135,(435.92116724204425-228.41736288616082j)
14517,-0.18617558022199798,(-326.31897973644624-78.81017571502565j)
14518,-0.18611952012557462,(381.00963740978887+69.38759242624586j)
14519,-0.18606346002915125,(129.46456264692281+410.801463794325j)
14520,-0.18600739993272788,(277.5023735597291+165.16798072836056j)
14521,-0.18595133983630452,(-512.1846218527397+146.0348141914957j)
14522,-0.18589527973988115,(-701.0510090117996-431.37234691088224j)
14523,-0.1858392196434578,(268.2370344616909-975.3496172145609j)
14524,-0.18578315954703442,(261.2049580149913-161.97289739518172j)
14525,-0.18572709945061106,(114.80365298840432-350.80746920281763j)
14526,-0.1856710393541877,(353.21453887544163-325.0607875580717j)
14527,-0.18561497925776432,(332.54441786790585-23.045857713221345j)
14528,-0.18555891916134096,(450.54322451292626-154.61536744825878j)
14529,-0.1855028590649176,(285.54824893545333+91.21049475615395j)
14530,-0.18544679896849423,(246.1672821561997+204.931895569375j)
14531,-0.18539073887207086,(-153.49522606331448+242.17564788354798j)
14532,-0.1853346787756475,(-456.798677519895-44.17099706399867j)
14533,-0.18527861867922413,(318.81780303281096-872.4664496007915j)
14534,-0.18522255858280076,(1049.2526862114373+752.5673406169573j)
14535,-0.1851664984863774,(-494.8715857623253-3.8100646857339484j)
14536,-0.18511043838995403,(317.4212885772866+154.31500204663678j)
14537,-0.18505437829353066,(780.0728709708383+602.7723910199086j)
14538,-0.1849983181971073,(560.7676677192806-649.3079613583054j)
14539,-0.18494225810068393,(-667.3327706356283+175.72073670052342j)
14540,-0.18488619800426057,(-420.9842186743626+607.7204603165526j)
14541,-0.1848301379078372,(1.685898699233661-250.2050080786838j)
14542,-0.18477407781141383,(350.95096042185685-121.74251516015939j)
14543,-0.18471801771499047,(-264.88919773693226+666.1087693435181j)
14544,-0.1846619576185671,(-323.0271651059064+279.3070166508884j)
14545,-0.18460589752214374,(-697.7584879951683+11.353220335531034j)
14546,-0.18454983742572037,(-391.25278938366347+788.3537969260856j)
14547,-0.184493777329297,(279.17695464140803+448.40009905148423j)
14548,-0.18443771723287364,(529.3429375164105-215.69963391235828j)
14549,-0.18438165713645027,(29.813055345934217-639.3876509314551j)
14550,-0.1843255970400269,(56.37753513772301+308.3059312025893j)
14551,-0.18426953694360354,(-556.1223893646811+654.7949017358297j)
14552,-0.18421347684718017,(-175.82056828230756+316.8213195669624j)
14553,-0.1841574167507568,(-4.4234045295577005+553.5486048533998j)
14554,-0.18410135665433344,(1228.6719778443949-314.2534127279408j)
14555,-0.18404529655791008,(-284.93312499891147-111.74810332767451j)
14556,-0.1839892364614867,(976.082255157348+534.7228886387419j)
14557,-0.18393317636506334,(-171.7698897208049-225.19638819531403j)
14558,-0.18387711626863998,(489.93487724588846+83.14160971524774j)
14559,-0.1838210561722166,(-506.7403077344982-281.41107572223694j)
14560,-0.18376499607579325,(-570.0835279259205-248.97273796800914j)
14561,-0.18370893597936988,(-377.47350419822453-896.05144828913j)
14562,-0.18365287588294651,(-240.1974877200433-597.5120014315347j)
14563,-0.18359681578652315,(-600.3888194322743-271.7358261908192j)
14564,-0.18354075569009978,(330.6774562562361+62.481473070983256j)
14565,-0.18348469559367642,(299.53103418198384+718.9292300580216j)
14566,-0.18342863549725305,(-71.34074708698046-236.3946169224819j)
14567,-0.18337257540082968,(265.6558494497027-400.32491936867666j)
14568,-0.18331651530440632,(785.5771009459389-381.2586762019539j)
14569,-0.18326045520798295,(640.2747695085732-189.81250502351594j)
14570,-0.1832043951115596,(-125.18977654489802-470.2924493176595j)
14571,-0.18314833501513622,(-1066.7152110133202+528.5731022346874j)
14572,-0.18309227491871286,(58.023786670973585-25.120647653115466j)
14573,-0.1830362148222895,(971.4485028262219+146.99277146855076j)
14574,-0.18298015472586612,(617.8669042110662+67.88826318483041j)
14575,-0.18292409462944276,(180.6398424468661-321.76689332214j)
14576,-0.1828680345330194,(366.2921153389731+141.0654309285424j)
14577,-0.18281197443659603,(-373.56849600187275-300.8287551953747j)
14578,-0.18275591434017266,(419.3054160146654+278.89163331052237j)
14579,-0.1826998542437493,(-398.9369519460321+561.5395434176866j)
14580,-0.18264379414732593,(308.8221800073535-196.25910238582384j)
14581,-0.18258773405090256,(-285.866484739713-55.80414288087255j)
14582,-0.1825316739544792,(767.2795030350503-146.948523267499j)
14583,-0.18247561385805583,(919.5863777051196+975.7076573268178j)
14584,-0.18241955376163246,(-826.4450618989599-444.6506649482486j)
14585,-0.1823634936652091,(-35.67298129603404-914.1861248832854j)
14586,-0.18230743356878573,(-464.4678893546497+1167.6432304627394j)
14587,-0.18225137347236237,(840.9306640201997+191.12987465911706j)
14588,-0.182195313375939,(317.9404432827359-85.30541771611911j)
14589,-0.18213925327951563,(-633.4734104346239-273.15693897058907j)
14590,-0.18208319318309227,(-82.11411967862263-294.9481993596484j)
14591,-0.1820271330866689,(666.2357717421304+128.33824569242546j)
14592,-0.18197107299024554,(339.8207255544974+1064.510953571004j)
14593,-0.18191501289382217,(366.90795388918116-703.1366503553909j)
14594,-0.1818589527973988,(-262.59051130377753-738.57430005871j)
14595,-0.18180289270097544,(-1227.70088688378+227.4978360205214j)
14596,-0.18174683260455207,(531.5826339371596+144.1259394782835j)
14597,-0.1816907725081287,(-220.70329549163918-455.2750973134371j)
14598,-0.18163471241170534,(-321.2620447889503-1000.6006456579015j)
14599,-0.18157865231528197,(426.8046444282302+307.48170177336294j)
14600,-0.1815225922188586,(542.5026848175614-491.22582408987046j)
14601,-0.18146653212243524,(-12.121317441519835-898.9512229240747j)
14602,-0.18141047202601188,(-500.014839624272-498.5015556272978j)
14603,-0.1813544119295885,(-209.46724465959562+86.20917610470102j)
14604,-0.18129835183316514,(932.7929530425088-75.73827383435031j)
14605,-0.18124229173674178,(43.52936814822124+687.8605784419876j)
14606,-0.1811862316403184,(-394.1554105354746+456.72902146335423j)
14607,-0.18113017154389505,(-90.33022758957935+294.4419550816662j)
14608,-0.18107411144747168,(27.313735836423348-1156.1624294626813j)
14609,-0.18101805135104831,(-278.48903191082115-44.26269322479312j)
14610,-0.18096199125462495,(-70.34441183562811-332.1150128600591j)
14611,-0.18090593115820158,(-7.853892416483461-200.11539850740647j)
14612,-0.18084987106177822,(-19.475593251413656+371.1296918031842j)
14613,-0.18079381096535485,(-379.56580032391014+98.1838928650057j)
14614,-0.18073775086893148,(25.66288883509344+460.4970546892072j)
14615,-0.18068169077250812,(144.56083938863907+131.71568806325865j)
14616,-0.18062563067608475,(274.1988435671013-350.79782914301455j)
14617,-0.1805695705796614,(495.4870178869699+1270.0659119301451j)
14618,-0.18051351048323802,(319.78095002293014+853.463349857356j)
14619,-0.18045745038681466,(436.5246346534898-621.7361241207941j)
14620,-0.1804013902903913,(-185.74560545801288+285.254291866002j)
14621,-0.18034533019396792,(490.90203982114997+227.7703560212077j)
14622,-0.18028927009754456,(1293.2824311699299+1350.318630235371j)
14623,-0.1802332100011212,(58.76692282340669-290.1083359224495j)
14624,-0.18017714990469783,(603.7511210141158+328.9203375460803j)
14625,-0.18012108980827446,(296.6204103155857+341.29145360765193j)
14626,-0.1800650297118511,(503.04678613126043+603.8929747930902j)
14627,-0.18000896961542773,(-346.68985191749704-2.80035351816322j)
14628,-0.17995290951900436,(-391.3318938399476-524.8201860952637j)
14629,-0.179896849422581,(-822.4191356907438+180.64057973707082j)
14630,-0.17984078932615763,(66.13741567269125+219.80290174099724j)
14631,-0.17978472922973426,(141.41726061253632-351.7105877005742j)
14632,-0.1797286691333109,(551.6981458163455+638.736925518157j)
14633,-0.17967260903688753,(-195.41816614823978+423.0846956052428j)
14634,-0.17961654894046417,(350.0701095352889+179.71931252112816j)
14635,-0.1795604888440408,(-295.68052948219196+112.6300538259112j)
14636,-0.17950442874761743,(705.5790975050791-212.01624949286332j)
14637,-0.17944836865119407,(-158.14252468349866+331.4877587928179j)
14638,-0.17939230855477073,(452.2417078785139-292.35274567493184j)
14639,-0.17933624845834736,(-796.894483214898-701.5825357013551j)
14640,-0.179280188361924,(10.916756936558514-241.5957849634102j)
14641,-0.17922412826550063,(-115.65815663962567+633.9714793481374j)
14642,-0.17916806816907727,(526.1724033141799-235.6045060202446j)
14643,-0.1791120080726539,(484.9574087205539-217.95258768308895j)
14644,-0.17905594797623053,(-183.13294357271246-692.0621262125763j)
14645,-0.17899988787980717,(422.48771362170714-36.661144964966j)
14646,-0.1789438277833838,(-251.9528534054221-771.6852860821807j)
14647,-0.17888776768696044,(-478.8888475939036-620.0055927713239j)
14648,-0.17883170759053707,(562.4784383981712+238.46027963979245j)
14649,-0.1787756474941137,(-25.32840907146226+856.3060690901053j)
14650,-0.17871958739769034,(331.31026849949154-296.47373321234375j)
14651,-0.17866352730126697,(251.51041796549907-528.3175361066728j)
14652,-0.1786074672048436,(-29.766034898849036-291.5132490521515j)
14653,-0.17855140710842024,(-4.763195145995354+443.8061546574602j)
14654,-0.17849534701199687,(219.6660730808605-671.1154563293907j)
14655,-0.1784392869155735,(-132.449512072944-475.11619559427226j)
14656,-0.17838322681915014,(-106.05244549871568-749.11154471987j)
14657,-0.17832716672272678,(462.6618882519157+101.30225395245446j)
14658,-0.1782711066263034,(-333.91645427607483+217.81907586571867j)
14659,-0.17821504652988004,(-197.93283453547602-322.7388734159238j)
14660,-0.17815898643345668,(-240.24708206306877-11.669586081808106j)
14661,-0.1781029263370333,(-16.95120440960727+439.79148120525275j)
14662,-0.17804686624060995,(-298.46451558144526-116.85913930936951j)
14663,-0.17799080614418658,(560.1757994545111-27.128866273638664j)
14664,-0.17793474604776321,(-423.5155494477277+824.4106760118958j)
14665,-0.17787868595133985,(32.014647396050805+1177.4694705337836j)
14666,-0.17782262585491648,(-802.9341253556267+576.9377907221096j)
14667,-0.17776656575849312,(-545.3981511866548+167.6584886098989j)
14668,-0.17771050566206975,(-731.7553467707079-852.6430987784643j)
14669,-0.17765444556564639,(-273.12791997543326-143.15246770213184j)
14670,-0.17759838546922302,(-267.43768423093+155.24263416759842j)
14671,-0.17754232537279965,(154.95791362381382+127.10966553808234j)
14672,-0.1774862652763763,(861.4538705686882+139.6774071423256j)
14673,-0.17743020517995292,(-955.5283056473218+263.2156095364064j)
14674,-0.17737414508352956,(-70.81031640098549-340.8455222641833j)
14675,-0.1773180849871062,(-969.210405785858+909.8233045023585j)
14676,-0.17726202489068282,(-19.069845127710412+100.23640821547662j)
14677,-0.17720596479425946,(-126.44694968376447-4.7380568891669625j)
14678,-0.1771499046978361,(-447.16076970939105-298.5214276219845j)
14679,-0.17709384460141273,(-12.891671020679865+508.3062961884038j)
14680,-0.17703778450498936,(908.4365799674781+706.5275401055153j)
14681,-0.176981724408566,(460.9360760214651-335.56828221644537j)
14682,-0.17692566431214263,(-1163.5669156208114+177.55261795343927j)
14683,-0.17686960421571926,(-216.88047036398544+653.4595714502282j)
14684,-0.1768135441192959,(458.4711808937195-130.87578818420158j)
14685,-0.17675748402287253,(510.7180694777588-65.88536035807621j)
14686,-0.17670142392644916,(703.9717769704175+31.556447461978344j)
14687,-0.1766453638300258,(368.72317485479056+1181.2996373645892j)
14688,-0.17658930373360243,(-822.6460651026922-303.2502794681616j)
14689,-0.17653324363717907,(-912.2685057199992-480.8979505340477j)
14690,-0.1764771835407557,(162.0123308725398-464.02231953097515j)
14691,-0.17642112344433233,(-371.4201897426386+108.11872347189157j)
14692,-0.17636506334790897,(-66.33563778678975-274.5830040727093j)
14693,-0.1763090032514856,(498.4288339252504+274.43356354869354j)
14694,-0.17625294315506224,(1176.5151565704946+411.4467799569947j)
14695,-0.17619688305863887,(-1082.0061129208611-315.9078258749805j)
14696,-0.1761408229622155,(163.82068724907163-78.61311326574781j)
14697,-0.17608476286579214,(25.633074040206576-14.452279661209847j)
14698,-0.17602870276936877,(-392.2586764643326-164.30001524946192j)
14699,-0.1759726426729454,(252.6549839380146-353.74001673993376j)
14700,-0.17591658257652204,(539.3960144815904-595.9903246070745j)
14701,-0.17586052248009867,(488.57054594888905-186.7896294678424j)
14702,-0.1758044623836753,(40.42824926386538+886.9240580350911j)
14703,-0.17574840228725194,(17.443770072432123-567.4894485422594j)
14704,-0.17569234219082858,(525.4872715481034+247.7426389287645j)
14705,-0.1756362820944052,(83.5018403829663-656.9131674168448j)
14706,-0.17558022199798184,(290.7626603054738-324.43578144253644j)
14707,-0.17552416190155848,(288.50616255960756+380.31066752908697j)
14708,-0.1754681018051351,(-535.6388978169384+50.60727690435752j)
14709,-0.17541204170871175,(736.9712561996514-586.9953664444718j)
14710,-0.17535598161228838,(-254.43339336815137-188.75380629611j)
14711,-0.17529992151586501,(986.3294398038539-410.646812043304j)
14712,-0.17524386141944165,(274.84281657427124-13.7100699946743j)
14713,-0.17518780132301828,(-517.8050302136611-378.494922411637j)
14714,-0.17513174122659492,(-777.8035700074918+225.02506317869796j)
14715,-0.17507568113017155,(75.82768738437812+388.5278669660805j)
14716,-0.17501962103374819,(-927.2547497231079+328.0831382429661j)
14717,-0.17496356093732482,(-67.02398521101873-683.1418833701348j)
14718,-0.17490750084090145,(26.414916577060268+321.93668081230123j)
14719,-0.1748514407444781,(-368.35391321287403-833.3710528016859j)
14720,-0.17479538064805472,(24.969259361836578+484.47277784044513j)
14721,-0.17473932055163136,(193.48677708944666-118.44238109612715j)
14722,-0.174683260455208,(402.1966156209436-352.6708038064819j)
14723,-0.17462720035878462,(-29.384309918782968-346.26699342002894j)
14724,-0.17457114026236126,(147.57173054297246-468.5463208325758j)
14725,-0.1745150801659379,(-131.66258195991134+736.8351673069795j)
14726,-0.17445902006951453,(206.0973106260746+59.39237654959546j)
14727,-0.17440295997309116,(-376.53828626075017+566.4850782373883j)
14728,-0.1743468998766678,(271.2622272117931+12.005830534659339j)
14729,-0.17429083978024443,(648.0439641353585+279.0611635266539j)
14730,-0.17423477968382106,(437.14855634362925+0.6547938911690707j)
14731,-0.1741787195873977,(270.5335742924784+60.210306361415704j)
14732,-0.17412265949097433,(-343.3709073601171+680.8526799534937j)
14733,-0.17406659939455096,(746.9155638720749+247.91802621520213j)
14734,-0.1740105392981276,(590.5488904958027-535.8146841676909j)
14735,-0.17395447920170423,(642.5383105594033-190.1044625340509j)
14736,-0.17389841910528087,(-170.11650784888258+1077.0402828091576j)
14737,-0.1738423590088575,(-1094.0314085355192-59.07725067679121j)
14738,-0.17378629891243413,(-916.2338482485711-601.7222454612826j)
14739,-0.17373023881601077,(129.26194544042716+1322.3524017745517j)
14740,-0.1736741787195874,(-522.0205631128396-159.3648349676658j)
14741,-0.17361811862316404,(-688.4943965867038+228.75554150428127j)
14742,-0.17356205852674067,(-768.5273920123358+106.28597877765361j)
14743,-0.1735059984303173,(26.78151866894462+358.3980131137683j)
14744,-0.17344993833389394,(-1110.2328727679462-776.7883821095818j)
14745,-0.17339387823747057,(-215.5917514604689-398.9842535831158j)
14746,-0.1733378181410472,(-788.3517154608977+90.40380745662158j)
14747,-0.17328175804462384,(398.30334116977383-1096.829511160932j)
14748,-0.17322569794820047,(833.135599507784+52.2611185545432j)
14749,-0.1731696378517771,(123.9111155289441-155.3363652094759j)
14750,-0.17311357775535374,(348.7218420839307+75.59370024949976j)
14751,-0.17305751765893038,(445.39202405439863+380.49610524104094j)
14752,-0.173001457562507,(-580.0835671971271-528.8236242522622j)
14753,-0.17294539746608364,(-140.4323767224393-416.8482586130115j)
14754,-0.17288933736966028,(-31.52535448531404-693.265849588379j)
14755,-0.1728332772732369,(567.1406485714231-280.641205406016j)
14756,-0.17277721717681355,(60.69590287450614-325.03214645488544j)
14757,-0.17272115708039018,(-94.7525987985149+101.59877810841874j)
14758,-0.17266509698396681,(672.717625889216-855.9304990303156j)
14759,-0.17260903688754345,(321.98295788545255+71.83271618547502j)
14760,-0.17255297679112008,(550.5957248823963+21.06191999016906j)
14761,-0.17249691669469672,(-451.9885403519356+149.30702183380646j)
14762,-0.17244085659827335,(484.1216231842908-1054.030334028123j)
14763,-0.17238479650184999,(-31.296420997501983-486.1734352028843j)
14764,-0.17232873640542662,(803.2566910355567-284.7079669134843j)
14765,-0.17227267630900325,(-139.6703764503456-310.6110852159521j)
14766,-0.1722166162125799,(-169.74675589798494+35.27063908599745j)
14767,-0.17216055611615652,(-322.83781697307415+221.88562208136608j)
14768,-0.17210449601973316,(184.78840564691941-782.6845751479622j)
14769,-0.1720484359233098,(-413.6345903539994+608.1453325779787j)
14770,-0.17199237582688642,(20.26874510022057-475.38739298448644j)
14771,-0.17193631573046306,(240.90448046495317+69.1842203869883j)
14772,-0.1718802556340397,(-236.71474334759793-165.0244961412411j)
14773,-0.17182419553761633,(134.6275535229816-639.5875217977026j)
14774,-0.17176813544119296,(-387.31984318100325-67.217914320412j)
14775,-0.1717120753447696,(-926.7730215947543+230.8690494689117j)
14776,-0.17165601524834623,(333.62280425503434-426.17410862044466j)
14777,-0.17159995515192286,(53.80151062443099-162.22172699746997j)
14778,-0.1715438950554995,(170.72301778347978+618.3177135485571j)
14779,-0.17148783495907613,(-151.20227747209822+244.81758329009435j)
14780,-0.17143177486265276,(747.4744857094178+154.89447225046524j)
14781,-0.1713757147662294,(-329.97615943551307+326.08913086046243j)
14782,-0.17131965466980603,(-16.387548129116027+1255.0304874970084j)
14783,-0.17126359457338267,(220.86949705964696+85.15815872573744j)
14784,-0.1712075344769593,(512.7430974009967-29.359880393874562j)
14785,-0.17115147438053593,(88.83295642050695+674.231500530479j)
14786,-0.17109541428411257,(-223.73600831637006-802.9396228701736j)
14787,-0.1710393541876892,(-577.2033483271656-490.55426037639586j)
14788,-0.17098329409126584,(-524.8171419452998+245.23070647761972j)
14789,-0.17092723399484247,(-112.07742130523228+305.6806284150705j)
14790,-0.1708711738984191,(-562.0988729443561+346.70371646406767j)
14791,-0.17081511380199574,(95.40869261292964+263.49451190699597j)
14792,-0.17075905370557237,(-697.5272131804124-987.6634313603192j)
14793,-0.170702993609149,(198.71437514554248-200.0001721517831j)
14794,-0.17064693351272564,(513.7169469356589-726.6988979292387j)
14795,-0.17059087341630227,(-452.84111672939434-734.0978755191184j)
14796,-0.1705348133198789,(450.06778254288304-528.3500628690887j)
14797,-0.17047875322345554,(529.4002674561132+493.8539397778359j)
14798,-0.17042269312703218,(837.5988557019522-558.5656949865695j)
14799,-0.1703666330306088,(1350.5597984184865+72.51097397601598j)
14800,-0.17031057293418544,(385.5799551846617+773.175893084452j)
14801,-0.17025451283776208,(549.4416475604983-309.822796795961j)
14802,-0.1701984527413387,(-594.1748559120964+55.77305415560994j)
14803,-0.17014239264491535,(237.67752736934938-842.4327651618523j)
14804,-0.17008633254849198,(297.5532166515678+446.32912239096663j)
14805,-0.17003027245206861,(551.0770007269415-622.2306063963699j)
14806,-0.16997421235564525,(-20.47389964360734-240.80557858496417j)
14807,-0.16991815225922188,(397.2772136792058+851.8713590232211j)
14808,-0.16986209216279852,(-73.48498724423617-16.75522675602874j)
14809,-0.16980603206637515,(120.19693024980106+236.95337245594487j)
14810,-0.16974997196995179,(-593.017956125455+257.12045576007785j)
14811,-0.16969391187352842,(-426.9897251257995-390.78321514567295j)
14812,-0.16963785177710505,(316.69131261072175-96.37460716466221j)
14813,-0.1695817916806817,(209.71781653142244+288.840282077826j)
14814,-0.16952573158425832,(96.20497235887163-659.8846714160645j)
14815,-0.16946967148783496,(-601.4229204458643+34.15843797232401j)
14816,-0.1694136113914116,(138.5959279011801+947.5539873087702j)
14817,-0.16935755129498822,(-98.55087912057594-450.4183436870041j)
14818,-0.16930149119856486,(-308.48845199318725+582.1961727674727j)
14819,-0.1692454311021415,(285.87233303069655-379.10225054894744j)
14820,-0.16918937100571813,(-86.44771228257427-562.8494283256013j)
14821,-0.16913331090929476,(-330.3604541051844+564.4986768191163j)
14822,-0.1690772508128714,(-245.48978871458482-111.42739708780049j)
14823,-0.16902119071644803,(976.476838360603+459.34722700390586j)
14824,-0.16896513062002466,(309.19000357102533-854.2394697511247j)
14825,-0.1689090705236013,(1011.5668934866275+167.2512290939036j)
14826,-0.16885301042717793,(441.3056813503757-737.2054059666254j)
14827,-0.16879695033075456,(643.3877204247981+133.10397505029994j)
14828,-0.1687408902343312,(-359.10703424566185-110.18837777271094j)
14829,-0.16868483013790783,(472.20673483745344-478.503430472223j)
14830,-0.16862877004148447,(-161.55678787831874+960.9976424247905j)
14831,-0.1685727099450611,(-375.5706392474515+47.54773610664466j)
14832,-0.16851664984863773,(-79.3782588021815-48.20760138497717j)
14833,-0.16846058975221437,(350.4973550159676+467.68676719109345j)
14834,-0.168404529655791,(175.09781523619836+939.5397470404487j)
14835,-0.16834846955936764,(684.9666509591473+194.7478900375877j)
14836,-0.16829240946294427,(-517.9772691077986-307.7944345222609j)
14837,-0.1682363493665209,(-292.21243207389466-286.20072393874193j)
14838,-0.16818028927009754,(-500.8111342441398-707.6849636577497j)
14839,-0.16812422917367417,(-655.33646885959-361.5356705616821j)
14840,-0.1680681690772508,(-170.2819566849747-31.31929355599877j)
14841,-0.16801210898082744,(70.80717582844838-436.6862776809999j)
14842,-0.16795604888440407,(-345.4760106249504+793.4291340618965j)
14843,-0.1678999887879807,(62.61946387455123-876.3902344738198j)
14844,-0.16784392869155734,(546.2724927544037+338.4641813707983j)
14845,-0.16778786859513398,(134.18280726581037+936.3055519334285j)
14846,-0.1677318084987106,(-90.18533522112278+470.07625177698696j)
14847,-0.16767574840228724,(55.07694142447093+76.61197565691798j)
14848,-0.16761968830586388,(634.584922402329+1154.1731054764093j)
14849,-0.1675636282094405,(-830.7988555486818+548.3719074398693j)
14850,-0.16750756811301715,(567.2890389791497+677.7893654020301j)
14851,-0.16745150801659378,(-65.28710893361108-426.82511506681277j)
14852,-0.16739544792017041,(-42.87612330679451-598.4393172070006j)
14853,-0.16733938782374705,(-621.0277813589406-475.33086263544726j)
14854,-0.16728332772732368,(430.5391618606996-584.7132712220505j)
14855,-0.16722726763090032,(819.5579171042534-228.74762847940116j)
14856,-0.16717120753447695,(-296.74842872751015+423.7558268506013j)
14857,-0.16711514743805359,(157.19710425861768+645.4487477430933j)
14858,-0.16705908734163022,(-451.34183914559185+118.55384863195428j)
14859,-0.16700302724520685,(-213.28236987213535-489.418849690056j)
14860,-0.1669469671487835,(386.86815144613706-21.521645539804894j)
14861,-0.16689090705236012,(745.2716296946269+324.1929178851112j)
14862,-0.16683484695593676,(310.98152876167296-541.9991977013948j)
14863,-0.1667787868595134,(454.09111316822845+551.6251882780958j)
14864,-0.16672272676309002,(543.7362059687206-134.04237812514782j)
14865,-0.16666666666666666,(-1195.65+23.122878281043874j)
14866,-0.1666106065702433,(-1433.0168578613502+839.063513809j)
14867,-0.16655454647381993,(-192.62940093954484+36.49279156757038j)
14868,-0.16649848637739656,(320.2952259119643-347.6237757771288j)
14869,-0.1664424262809732,(1076.2977803508693+91.66726442301365j)
14870,-0.16638636618454983,(291.0764579585253+144.87213630691232j)
14871,-0.16633030608812646,(-701.1746652108236-1728.5903610035002j)
14872,-0.1662742459917031,(47.80401879084309+1086.4946027211518j)
14873,-0.16621818589527973,(879.852652111133-562.0110570830858j)
14874,-0.16616212579885636,(914.3418000613455+199.4789532797967j)
14875,-0.166106065702433,(-185.14479137491438-2.7489816574548627j)
14876,-0.16605000560600963,(170.83923703701925+834.1727213128975j)
14877,-0.16599394550958627,(-1110.3793708468665+757.6200844386519j)
14878,-0.1659378854131629,(656.744284438681-428.1296411508918j)
14879,-0.16588182531673953,(51.52684556462039-332.15214433611516j)
14880,-0.16582576522031617,(318.2216990228888-60.593519759507934j)
14881,-0.1657697051238928,(367.7794979816556+240.7087882095454j)
14882,-0.16571364502746944,(-809.9444712190552-1246.3754291017578j)
14883,-0.16565758493104607,(-144.60940199008706+376.18818945336307j)
14884,-0.1656015248346227,(542.4734622037976+510.9803838125415j)
14885,-0.16554546473819934,(-451.1061449566708-1087.6466569575969j)
14886,-0.16548940464177597,(-384.8356124859997+304.2887026100315j)
14887,-0.1654333445453526,(-168.0119687117626-676.9853888352993j)
14888,-0.16537728444892924,(-180.83004040615248+87.42272209118377j)
14889,-0.16532122435250587,(-213.25118417448346-81.69793464595189j)
14890,-0.1652651642560825,(461.64206976733203-85.41598065256014j)
14891,-0.16520910415965914,(-156.58797056934307+169.80775734763j)
14892,-0.16515304406323578,(-727.8352603465689+13.046384529445064j)
14893,-0.1650969839668124,(134.6215043602353+418.062016096586j)
14894,-0.16504092387038904,(-292.02680639424136+947.8840032012012j)
14895,-0.1649848637739657,(-1339.1241481101654-385.0715330229946j)
14896,-0.16492880367754234,(-482.88666270907186-301.690894627025j)
14897,-0.16487274358111897,(249.86013661288314+112.73291411594639j)
14898,-0.1648166834846956,(-371.6406644509159-15.50558183872434j)
14899,-0.16476062338827224,(-451.76043639575477+935.926573183907j)
14900,-0.16470456329184888,(705.8591762241043+85.47428669972463j)
14901,-0.1646485031954255,(167.59353748806612-809.6773882567296j)
14902,-0.16459244309900214,(-316.704860177008-832.0811748780461j)
14903,-0.16453638300257878,(665.7243162435437-361.32816865414975j)
14904,-0.1644803229061554,(139.0944175611067+1000.7486804546957j)
14905,-0.16442426280973205,(259.0736994447096+483.1294295170864j)
14906,-0.16436820271330868,(-697.840596519474+1003.6761743658087j)
14907,-0.16431214261688531,(-670.3425294745108+610.9157164003077j)
14908,-0.16425608252046195,(-126.4530174541519+88.19590593875853j)
14909,-0.16420002242403858,(443.07362155457065+532.3967981852452j)
14910,-0.16414396232761522,(-401.1426834442708+173.716756125225j)
14911,-0.16408790223119185,(419.6904244403343+362.55505398410605j)
14912,-0.16403184213476849,(488.2366909370111+113.70819160513332j)
14913,-0.16397578203834512,(620.7482805764232-290.81310978303475j)
14914,-0.16391972194192175,(-282.64485266273334-256.4608799431623j)
14915,-0.1638636618454984,(-178.78203820762445+569.953208917129j)
14916,-0.16380760174907502,(-114.6435503647647-24.514499374023572j)
14917,-0.16375154165265166,(-75.8798987881404-563.503488147691j)
14918,-0.1636954815562283,(879.1306978054715+1578.5443940166876j)
14919,-0.16363942145980492,(193.70756577086968+1211.568762991146j)
14920,-0.16358336136338156,(-378.7705288813614-1093.5539425478348j)
14921,-0.1635273012669582,(-744.267515440273+200.03817253088624j)
14922,-0.16347124117053483,(133.11913151150134-459.22110065736126j)
14923,-0.16341518107411146,(717.8291627661629+276.1111097362233j)
14924,-0.1633591209776881,(-647.189014286429+77.14606886299696j)
14925,-0.16330306088126473,(-873.3371772924695+380.28447950249745j)
14926,-0.16324700078484136,(-1045.8727629387215+546.4881826130206j)
14927,-0.163190940688418,(109.37394881174673-370.6016835269508j)
14928,-0.16313488059199463,(330.51499079722-408.3854276778761j)
14929,-0.16307882049557126,(525.9503587452153+681.6117364380816j)
14930,-0.1630227603991479,(-63.025751721461255-76.34476701882814j)
14931,-0.16296670030272453,(226.35966588158806-1255.1105705864152j)
14932,-0.16291064020630117,(641.9370322301722-569.6742093099826j)
14933,-0.1628545801098778,(245.24480471941058+940.4809221027426j)
14934,-0.16279852001345443,(639.4369581641694-1274.277413067354j)
14935,-0.16274245991703107,(-349.8596444718676-374.93735679546216j)
14936,-0.1626863998206077,(-50.54865011848409+235.54834491296333j)
14937,-0.16263033972418434,(179.69908879495586-87.08737359905169j)
14938,-0.16257427962776097,(-176.35631266301715-264.6575719745582j)
14939,-0.1625182195313376,(516.2379867472973+523.6873031185941j)
14940,-0.16246215943491424,(68.84230630741192+340.2994766217154j)
14941,-0.16240609933849087,(-498.73491861391557+90.5645508518031j)
14942,-0.1623500392420675,(133.53956972272073+623.8199805134319j)
14943,-0.16229397914564414,(-630.3156822765316+298.04866807837254j)
14944,-0.16223791904922077,(38.926878348414355-227.0389627705109j)
14945,-0.1621818589527974,(-492.9948518109283-401.8553257763292j)
14946,-0.16212579885637404,(860.4596066679751-426.2997197725527j)
14947,-0.16206973875995068,(240.4551290713271+190.79385594678905j)
14948,-0.1620136786635273,(-658.2332936050677-151.28511400499974j)
14949,-0.16195761856710394,(-26.449378352617664-200.78395283220183j)
14950,-0.16190155847068058,(588.1714690234372-677.6710325441275j)
14951,-0.1618454983742572,(263.2541545546127-361.9992910424228j)
14952,-0.16178943827783385,(891.2559862141082+151.09442802464196j)
14953,-0.16173337818141048,(-65.62340903504449-234.12541001319389j)
14954,-0.16167731808498711,(-344.75351567993744+916.4172659082177j)
14955,-0.16162125798856375,(255.5230704360604+781.1614825916979j)
14956,-0.16156519789214038,(-1887.2136683985566-181.41467641506586j)
14957,-0.16150913779571702,(599.8728193175314-393.41034312297904j)
14958,-0.16145307769929365,(-56.574099419824165-354.970068138992j)
14959,-0.16139701760287029,(807.6156435856288-30.11424366250162j)
14960,-0.16134095750644692,(599.2518837799031+712.4292373201765j)
14961,-0.16128489741002355,(5.0385239190814115+149.8109511586266j)
14962,-0.1612288373136002,(-49.48852675007777-530.9290316806382j)
14963,-0.16117277721717682,(250.49506939022027+152.0216057223921j)
14964,-0.16111671712075346,(-226.59628145264196+594.1669452032646j)
14965,-0.1610606570243301,(118.36990958954675-627.0808078958387j)
14966,-0.16100459692790672,(279.2136830341194-757.9161738364019j)
14967,-0.16094853683148336,(909.4419365709024+66.24153504854215j)
14968,-0.16089247673506,(96.63465223706368+858.9269810399501j)
14969,-0.16083641663863663,(194.44856662165472+622.6601869626995j)
14970,-0.16078035654221326,(412.54252046100044+80.34809010747782j)
14971,-0.1607242964457899,(201.54278509531557+487.0199096956029j)
14972,-0.16066823634936653,(-924.3222968160433+871.4320369783374j)
14973,-0.16061217625294316,(-989.8466209381581+1092.002942752562j)
14974,-0.1605561161565198,(-500.86511872028126+51.69988234652118j)
14975,-0.16050005606009643,(-1003.4943575758247+369.8466459167182j)
14976,-0.16044399596367306,(276.5311064482336+360.543412015689j)
14977,-0.1603879358672497,(-117.647133201125-46.03225942981269j)
14978,-0.16033187577082633,(-679.0029989582164+160.23307012709574j)
14979,-0.16027581567440297,(-448.842766306976-538.0507295224277j)
14980,-0.1602197555779796,(-975.4219537160666-466.01313468094276j)
14981,-0.16016369548155623,(-113.29468870413439+255.10410916239007j)
14982,-0.16010763538513287,(-27.08161517877943+1063.6660278178888j)
14983,-0.1600515752887095,(462.41249253544544-443.6322243823828j)
14984,-0.15999551519228614,(425.5324155840112+3.2251559485385997j)
14985,-0.15993945509586277,(-607.4347523036793-52.58231035757299j)
14986,-0.1598833949994394,(655.7984825844383+833.2162421029172j)
14987,-0.15982733490301604,(-265.7826462569054+23.52434762198648j)
14988,-0.15977127480659267,(-521.0759476290661-404.19054453279875j)
14989,-0.1597152147101693,(-21.06421344225958-415.2857237893412j)
14990,-0.15965915461374594,(29.66324502439724-358.85853898769574j)
14991,-0.15960309451732257,(324.31630416750863+436.5488756184804j)
14992,-0.1595470344208992,(-1132.969428074714+242.65189913188237j)
14993,-0.15949097432447584,(174.10998121134247+200.63930647098164j)
14994,-0.15943491422805248,(66.5591448250512-919.7844842296212j)
14995,-0.1593788541316291,(1025.3271565145337-257.59083736668777j)
14996,-0.15932279403520574,(-8.587541254739808-22.24522188678542j)
14997,-0.15926673393878238,(38.836913404925184+184.66871047579585j)
14998,-0.159210673842359,(-481.86967254157855+122.28493182235886j)
14999,-0.15915461374593565,(756.9837822377998-719.1146475809586j)
15000,-0.15909855364951228,(-498.4447959354555-163.10945813962263j)
15001,-0.15904249355308892,(815.0517526628922+315.49454112997813j)
15002,-0.15898643345666555,(279.2511287269147+761.8588895408064j)
15003,-0.15893037336024218,(-377.03354909154285-534.7169398259815j)
15004,-0.15887431326381882,(397.0242936802264+189.49025796188357j)
15005,-0.15881825316739545,(-221.3626933952725-1101.9608482288218j)
15006,-0.15876219307097209,(996.1075446549306+313.978279959494j)
15007,-0.15870613297454872,(62.48461812036915-101.841754472653j)
15008,-0.15865007287812535,(505.2699478485022-750.4699716500654j)
15009,-0.158594012781702,(-26.28145865497106+519.4447558421873j)
15010,-0.15853795268527862,(61.384663501691584-127.47995249371665j)
15011,-0.15848189258885526,(940.3628848119697+243.97832276964715j)
15012,-0.1584258324924319,(30.151304637379553+276.1106960472957j)
15013,-0.15836977239600852,(-16.885177826440106+35.344936158562234j)
15014,-0.15831371229958516,(348.5176096061682-187.82152950349712j)
15015,-0.1582576522031618,(881.8003433828815+150.54355280596377j)
15016,-0.15820159210673843,(554.3937542654122+95.09243430895368j)
15017,-0.15814553201031506,(-15.889860016400156-11.979197745969591j)
15018,-0.1580894719138917,(-348.6130609276374+811.6623998850373j)
15019,-0.15803341181746833,(112.12953734767616-132.07281964155254j)
15020,-0.15797735172104496,(16.099212105700673+433.3825785893664j)
15021,-0.1579212916246216,(-739.1580475292747-870.3654064970127j)
15022,-0.15786523152819823,(-153.4926194157685-470.04973697724444j)
15023,-0.15780917143177486,(-656.4754456042599+865.9800115529241j)
15024,-0.1577531113353515,(-584.6344400732221+406.9031028198243j)
15025,-0.15769705123892813,(-106.57335337920838+492.90100602447666j)
15026,-0.15764099114250477,(87.80108411041755+997.0391356820751j)
15027,-0.1575849310460814,(635.5748565109207+107.54246416523925j)
15028,-0.15752887094965803,(-570.0149168729461-487.3822713832726j)
15029,-0.15747281085323467,(391.97563837458915-162.64418810050856j)
15030,-0.1574167507568113,(-734.5313498509448-521.9739800980905j)
15031,-0.15736069066038794,(-848.4934980957291+160.17322712695767j)
15032,-0.15730463056396457,(-40.6124126709972+599.4659664908509j)
15033,-0.1572485704675412,(877.759958787878+947.6488656827871j)
15034,-0.15719251037111784,(110.26293587415206+220.7854387952322j)
15035,-0.15713645027469447,(-381.893584816632-12.006829889022626j)
15036,-0.1570803901782711,(-167.00626275254535-505.81066603155693j)
15037,-0.15702433008184774,(-1017.8512745040813-612.0888988530751j)
15038,-0.15696826998542437,(-610.691783376529+79.70514323450833j)
15039,-0.156912209889001,(386.0539126240824-246.98928146170866j)
15040,-0.15685614979257764,(829.8110716684138-344.56512120856746j)
15041,-0.15680008969615428,(-432.2390996783707-67.83359485829926j)
15042,-0.1567440295997309,(-175.37851138497743+412.80346205007277j)
15043,-0.15668796950330754,(-96.69181205281126-351.25956471644736j)
15044,-0.15663190940688418,(632.0886261419903+813.2038994940402j)
15045,-0.1565758493104608,(-502.44096960971547+318.3466633905585j)
15046,-0.15651978921403745,(-1049.2476974565905+345.6701826565265j)
15047,-0.15646372911761408,(-318.9536845390264+229.7987404899627j)
15048,-0.15640766902119072,(687.085010293458-633.1738969952584j)
15049,-0.15635160892476735,(-136.65112591776648-153.3126905152876j)
15050,-0.15629554882834398,(660.8337255052381+236.9077391104866j)
15051,-0.15623948873192062,(578.0611714239703+834.5066458075826j)
15052,-0.15618342863549725,(-178.16932196069212+44.79820995178687j)
15053,-0.15612736853907389,(-28.307676646474825+130.60164246747263j)
15054,-0.15607130844265052,(320.3960890341553+123.80559568666887j)
15055,-0.15601524834622715,(424.66113605100776+987.8953290864115j)
15056,-0.1559591882498038,(-597.8497271155826+229.54544520162395j)
15057,-0.15590312815338042,(205.56671217493752+250.53139890108753j)
15058,-0.15584706805695706,(-270.9634328572115+37.07428951454179j)
15059,-0.1557910079605337,(-289.8279911878502+335.32799702600323j)
15060,-0.15573494786411032,(174.10774782756033+809.7732487538258j)
15061,-0.15567888776768696,(-310.7617849189814-226.1530089162409j)
15062,-0.1556228276712636,(557.8241572470585-170.19301606231147j)
15063,-0.15556676757484023,(518.1076671916181+113.39248971989741j)
15064,-0.15551070747841686,(333.12867162338324-18.642442738647503j)
15065,-0.1554546473819935,(-595.9108147435835+317.0952305116375j)
15066,-0.15539858728557013,(-246.63285065636225-682.0660474246403j)
15067,-0.15534252718914676,(-217.1962881483134+71.70085518288022j)
15068,-0.1552864670927234,(514.0458154381136-147.30965920488381j)
15069,-0.15523040699630003,(-148.573268072298+117.0366631587614j)
15070,-0.15517434689987666,(253.12064150524992-55.49470875808264j)
15071,-0.1551182868034533,(630.1387118241314+1441.8027849371786j)
15072,-0.15506222670702993,(-803.2630021252259-877.7160764811867j)
15073,-0.15500616661060657,(-104.22898805227902+211.93240004429927j)
15074,-0.1549501065141832,(263.69868957009305-12.037642283502251j)
15075,-0.15489404641775983,(251.02085351068854+578.4312101187899j)
15076,-0.15483798632133647,(460.4118494729586-244.47579847628666j)
15077,-0.1547819262249131,(416.95959268437184+91.62082965271654j)
15078,-0.15472586612848974,(-417.4106070351493+720.4828068509848j)
15079,-0.15466980603206637,(-548.7152813617842-159.9566425865448j)
15080,-0.154613745935643,(171.0693504681551-610.8641529841631j)
15081,-0.15455768583921964,(-193.41722012361072+266.47604449616944j)
15082,-0.15450162574279627,(-324.8175979111096+578.8425383332134j)
15083,-0.1544455656463729,(252.0353150810544+566.1726915476181j)
15084,-0.15438950554994954,(-173.69308132182945-397.3088532167582j)
15085,-0.15433344545352617,(1140.8455903143495-676.5372310358815j)
15086,-0.1542773853571028,(-735.8944473252877-827.6315112045373j)
15087,-0.15422132526067944,(-443.89082601253926-292.37496174955044j)
15088,-0.15416526516425608,(326.59504961016097-826.2107298667888j)
15089,-0.1541092050678327,(435.284469678085-6.540866550153083j)
15090,-0.15405314497140934,(-165.1050712342564-379.8614596650415j)
15091,-0.15399708487498598,(703.2666479016358+677.1109777667085j)
15092,-0.1539410247785626,(508.63398087136477+691.5205739557838j)
15093,-0.15388496468213925,(203.2956117549681+496.92211715030214j)
15094,-0.15382890458571588,(-119.50592065003778-142.07187208955966j)
15095,-0.15377284448929252,(-475.0553699377814-297.449579701807j)
15096,-0.15371678439286915,(-1074.5111817957386-253.3063213549804j)
15097,-0.15366072429644578,(237.6166146040472-58.72571253165606j)
15098,-0.15360466420002242,(-762.98716446553-277.86461432195955j)
15099,-0.15354860410359905,(-142.1381842626406-154.96104988227464j)
15100,-0.15349254400717569,(0.014665822949936569-18.564855847256034j)
15101,-0.15343648391075232,(300.5538791917868-1185.2257797098255j)
15102,-0.15338042381432895,(437.8419811649114-1108.0331329364697j)
15103,-0.1533243637179056,(-82.7878775981148+156.36197843111898j)
15104,-0.15326830362148222,(-31.997822645359147+259.26637446060073j)
15105,-0.15321224352505886,(-233.90933213205486+685.574865353786j)
15106,-0.1531561834286355,(913.7861860058578+170.77920276350943j)
15107,-0.15310012333221212,(-539.5853730040906+329.8536626426j)
15108,-0.15304406323578876,(-417.63413552785414-479.46893235592484j)
15109,-0.1529880031393654,(-509.6916837650689+148.52966061497415j)
15110,-0.15293194304294203,(-930.1370668851821-3.975699770832705j)
15111,-0.15287588294651866,(617.3302937240003-621.769818764005j)
15112,-0.1528198228500953,(183.07696304541471+203.02104610528983j)
15113,-0.15276376275367193,(-342.92225557028445-328.86490821206365j)
15114,-0.15270770265724856,(173.7080986392121-836.7026452327851j)
15115,-0.1526516425608252,(502.38181357419063+108.83727979514836j)
15116,-0.15259558246440183,(-201.6265794926578-188.61595613127858j)
15117,-0.15253952236797846,(-233.11650080582078+337.6982230697129j)
15118,-0.1524834622715551,(-346.80324074086-187.5926556980392j)
15119,-0.15242740217513173,(-239.97965934474237+473.05594554874557j)
15120,-0.15237134207870837,(-398.6799102664347+364.7952830256256j)
15121,-0.152315281982285,(50.90530346671716-1200.7576661214646j)
15122,-0.15225922188586163,(287.31636174169023-173.31049820388048j)
15123,-0.15220316178943827,(-45.70618656672866-1525.7694090657578j)
15124,-0.1521471016930149,(9.25017099687119+295.18853434061754j)
15125,-0.15209104159659154,(175.91617529591838-246.30596718210447j)
15126,-0.15203498150016817,(-351.6371415200479+489.62752196602787j)
15127,-0.1519789214037448,(-3.6686138201626193-826.0322651825325j)
15128,-0.15192286130732144,(-271.87773410558765+372.27309059489426j)
15129,-0.15186680121089807,(129.44999018536555-903.9879267880253j)
15130,-0.1518107411144747,(78.90467387930644-473.3629409127367j)
15131,-0.15175468101805134,(95.17080347258246-794.0221510113596j)
15132,-0.15169862092162797,(472.49719709197694-228.34359277059696j)
15133,-0.1516425608252046,(1293.8590813884955+452.57062292600426j)
15134,-0.15158650072878124,(131.50325062334426+79.50355519041771j)
15135,-0.15153044063235788,(89.83967334269904+78.20896666466541j)
15136,-0.1514743805359345,(-389.66173280803616-284.97627402852294j)
15137,-0.15141832043951114,(880.7030266435355-408.30947594211165j)
15138,-0.15136226034308778,(-288.7837557471917+113.51382723704427j)
15139,-0.1513062002466644,(-526.104719577544-1105.5211080605188j)
15140,-0.15125014015024105,(21.33965374841771-133.9234991984916j)
15141,-0.15119408005381768,(-482.59470708582575+444.74294992575847j)
15142,-0.15113801995739432,(147.0561848039362-1126.942436535769j)
15143,-0.15108195986097095,(-19.56936183068727+260.81631891891374j)
15144,-0.15102589976454758,(536.7514856860646-523.1428604907788j)
15145,-0.15096983966812422,(-948.9359441416465-92.60887116040561j)
15146,-0.15091377957170085,(-174.17084651519423-144.79221517330402j)
15147,-0.15085771947527749,(-327.84862805287264+252.76205430900842j)
15148,-0.15080165937885412,(-74.05407894057943-97.51700609684617j)
15149,-0.15074559928243075,(-358.53319302143655-825.156485148651j)
15150,-0.15068953918600742,(-274.40655604470635-170.4601815175683j)
15151,-0.15063347908958405,(1619.5916200383929-24.84070573902909j)
15152,-0.15057741899316068,(71.49867751790943-92.21498506713671j)
15153,-0.15052135889673732,(295.39603084388733-462.0995842094322j)
15154,-0.15046529880031395,(-463.40679607903644+979.7161794846818j)
15155,-0.15040923870389059,(855.7193282423668+855.1217101176933j)
15156,-0.15035317860746722,(557.5535571543483+353.19361113258617j)
15157,-0.15029711851104385,(-807.9231528595961+194.52412574373375j)
15158,-0.1502410584146205,(-23.51386132067165-1031.7524890134305j)
15159,-0.15018499831819712,(-629.7011376980939-324.8007413014614j)
15160,-0.15012893822177376,(610.4318680394837-849.0079908661858j)
15161,-0.1500728781253504,(-395.1545343357783+495.87666983242093j)
15162,-0.15001681802892702,(-368.20848831350406+1032.2097123812662j)
15163,-0.14996075793250366,(502.8205744304214-645.2371625112429j)
15164,-0.1499046978360803,(-89.47675742927996+684.4490316961076j)
15165,-0.14984863773965693,(-39.051873566847924-134.3877602922644j)
15166,-0.14979257764323356,(-616.935558078291-96.83092992349867j)
15167,-0.1497365175468102,(242.50673045825027-7.691056517689923j)
15168,-0.14968045745038683,(-544.6035051113163-172.27513183936526j)
15169,-0.14962439735396346,(203.0342131612387-514.6374587118579j)
15170,-0.1495683372575401,(56.66083068353561-822.5464797565476j)
15171,-0.14951227716111673,(258.83818754509076+237.86366031972014j)
15172,-0.14945621706469336,(478.8927202910535-189.79324450989998j)
15173,-0.14940015696827,(745.6872272639889+144.4623199891662j)
15174,-0.14934409687184663,(648.9862545833513+431.1570385129493j)
15175,-0.14928803677542327,(-997.0626965984363-1125.162184530567j)
15176,-0.1492319766789999,(398.7993443278692-184.15273339762928j)
15177,-0.14917591658257653,(-549.176723523916-149.42596310795983j)
15178,-0.14911985648615317,(55.326273170068504+179.5240111483444j)
15179,-0.1490637963897298,(-325.4525851367169-150.54151324955149j)
15180,-0.14900773629330644,(271.1563722134965-213.9149523990382j)
15181,-0.14895167619688307,(286.5000727679899-34.8448505612636j)
15182,-0.1488956161004597,(980.7405363449066+1398.4105091304775j)
15183,-0.14883955600403634,(-69.21858070697624+457.3461378376741j)
15184,-0.14878349590761297,(-747.0655761934032-74.3619336436185j)
15185,-0.1487274358111896,(234.04898914075955-215.2746944548203j)
15186,-0.14867137571476624,(1301.5838941478848+578.6694335669567j)
15187,-0.14861531561834287,(-553.0810195423675-714.6766230731666j)
15188,-0.1485592555219195,(-856.7647492598601+239.34966971326168j)
15189,-0.14850319542549614,(-747.6346686699545+404.95785626064423j)
15190,-0.14844713532907278,(212.7742223085242-269.1425708508513j)
15191,-0.1483910752326494,(423.0102267784051-364.7944755608562j)
15192,-0.14833501513622604,(-1174.3717806237369+26.489646813107694j)
15193,-0.14827895503980268,(-1026.288922512116+453.1069148255129j)
15194,-0.1482228949433793,(-191.85282601732837+425.2837081794964j)
15195,-0.14816683484695595,(239.52569875585962-521.4875086096758j)
15196,-0.14811077475053258,(222.1436796268813+428.2207831112333j)
15197,-0.14805471465410922,(-169.4583237441689-19.457734244130453j)
15198,-0.14799865455768585,(394.99597024272+129.45489879758142j)
15199,-0.14794259446126248,(-375.6476398392366-880.822240684181j)
15200,-0.14788653436483912,(-228.6603351713161+707.901104151665j)
15201,-0.14783047426841575,(-164.66244801229783+374.2499690318867j)
15202,-0.14777441417199239,(226.12054259026692-571.1352825383387j)
15203,-0.14771835407556902,(182.70130283632335+377.0378989034398j)
15204,-0.14766229397914565,(15.078929093772992+293.70611378034954j)
15205,-0.1476062338827223,(622.5624765851504-232.30812220392906j)
15206,-0.14755017378629892,(-699.1720917866239-149.37184452654438j)
15207,-0.14749411368987556,(-400.5571310094264+519.2636333437458j)
15208,-0.1474380535934522,(-354.5702123244696-276.8305036397843j)
15209,-0.14738199349702882,(530.1972667691011-591.2285645150732j)
15210,-0.14732593340060546,(-852.1070764237271+401.6758247558537j)
15211,-0.1472698733041821,(-159.55368612263763-135.0255359056026j)
15212,-0.14721381320775873,(132.70765722181537-422.29333152639185j)
15213,-0.14715775311133536,(-7.379083563227454+167.901797305563j)
15214,-0.147101693014912,(-137.52089481151228-697.1334220282748j)
15215,-0.14704563291848863,(-64.3453729420427+31.94112740919557j)
15216,-0.14698957282206526,(607.1761368881541-370.9761190212821j)
15217,-0.1469335127256419,(90.5399249855366-368.4413679813847j)
15218,-0.14687745262921853,(584.0278440289222+372.7963065015495j)
15219,-0.14682139253279516,(79.96877547502056+937.0407682443931j)
15220,-0.1467653324363718,(-77.47790544428155-260.13642770158185j)
15221,-0.14670927233994843,(-95.89977780817776+480.0956705266072j)
15222,-0.14665321224352507,(-413.4903002767963+134.40667409777734j)
15223,-0.1465971521471017,(573.721888872499+682.578562514516j)
15224,-0.14654109205067833,(91.80833698636307+86.20632912780844j)
15225,-0.14648503195425497,(778.1233842049446-387.86737953586567j)
15226,-0.1464289718578316,(149.07121412784682-249.8993350853637j)
15227,-0.14637291176140824,(-206.62701763361218-1133.0566992453432j)
15228,-0.14631685166498487,(252.58564349998736+428.1602798983706j)
15229,-0.1462607915685615,(-55.32024070501677+111.86307944034263j)
15230,-0.14620473147213814,(-1448.945689787016-219.10393568819643j)
15231,-0.14614867137571477,(293.9596267583716+433.1733303135006j)
15232,-0.1460926112792914,(-992.2152740912647+26.860906240037536j)
15233,-0.14603655118286804,(-444.29717727744656-707.0106631534309j)
15234,-0.14598049108644467,(1463.9036036518723+233.39631823975873j)
15235,-0.1459244309900213,(-464.79375797394545-92.62400837850907j)
15236,-0.14586837089359794,(-474.2925451916372-622.4854600106221j)
15237,-0.14581231079717458,(-1022.3722528750377-759.4518549968427j)
15238,-0.1457562507007512,(-342.16777538682356+179.288325795117j)
15239,-0.14570019060432784,(-271.8250773023931-777.1479698340311j)
15240,-0.14564413050790448,(-175.18079255825396-247.30617089335612j)
15241,-0.1455880704114811,(-876.3232027488878-868.4677475286735j)
15242,-0.14553201031505775,(-1181.7725747963757-753.9763283782466j)
15243,-0.14547595021863438,(-945.6875778528766+545.7602798863543j)
15244,-0.14541989012221102,(254.53180147312645-75.85752987251338j)
15245,-0.14536383002578765,(-176.32112625603688+1196.1723537659632j)
15246,-0.14530776992936428,(500.78359789654303-690.6478938960054j)
15247,-0.14525170983294092,(-632.9993714138382+234.95216626091084j)
15248,-0.14519564973651755,(-112.05674884213978-565.7911920881635j)
15249,-0.14513958964009419,(-294.31168348405527-1405.0674285608998j)
15250,-0.14508352954367082,(-536.1473346691791-545.9315265252392j)
15251,-0.14502746944724745,(319.6767706092003+78.73993466745357j)
15252,-0.1449714093508241,(-259.81307927768364+803.8817630901343j)
15253,-0.14491534925440072,(-411.47010449557763-708.0242620211695j)
15254,-0.14485928915797736,(-28.944083632426214+919.4848509485789j)
15255,-0.144803229061554,(220.5479150786885-652.6787570012365j)
15256,-0.14474716896513062,(78.84919676673222+334.87885874770296j)
15257,-0.14469110886870726,(273.3207530414562-1279.370067466887j)
15258,-0.1446350487722839,(-743.5173340550492-561.1260110806779j)
15259,-0.14457898867586053,(-189.71615922073602-741.0785921904907j)
15260,-0.14452292857943716,(-531.5128005928333+332.18609077674165j)
15261,-0.1444668684830138,(20.621591226647375+59.16498245829551j)
15262,-0.14441080838659043,(135.73311969411597-706.2008170850512j)
15263,-0.14435474829016706,(128.25788583273103-542.1345038748352j)
15264,-0.1442986881937437,(-466.15687358053526+222.06712933887752j)
15265,-0.14424262809732033,(1574.7090320708837+380.03884272557207j)
15266,-0.14418656800089696,(274.59604100197953-759.3896665921112j)
15267,-0.1441305079044736,(493.8831607945254+141.62108532018829j)
15268,-0.14407444780805023,(-852.0869409511208+680.3715408433269j)
15269,-0.14401838771162687,(158.3397691336954+121.07653639317743j)
15270,-0.1439623276152035,(-308.01935207777456+215.60786566447106j)
15271,-0.14390626751878013,(-371.9386458855145-181.48678447250074j)
15272,-0.14385020742235677,(631.9877243067622+285.98011953695465j)
15273,-0.1437941473259334,(108.5699906114013+658.6161915139315j)
15274,-0.14373808722951004,(511.1090655455887+443.35683950483843j)
15275,-0.14368202713308667,(438.37387598407366+256.2066105324143j)
15276,-0.1436259670366633,(367.80398390694035+31.682682971582143j)
15277,-0.14356990694023994,(-218.98280461540787+1011.274887438253j)
15278,-0.14351384684381657,(50.71287212236503-1.922611680642401j)
15279,-0.1434577867473932,(-143.61853870687133-739.6303478612582j)
15280,-0.14340172665096984,(-539.8198354310642+455.0059205807276j)
15281,-0.14334566655454647,(567.8206149748321+121.23040415688142j)
15282,-0.1432896064581231,(-419.77064421997284-16.670613567919872j)
15283,-0.14323354636169974,(-776.3172774734588+140.21273485471124j)
15284,-0.14317748626527638,(683.3812352407667-252.44300155870528j)
15285,-0.143121426168853,(1135.43342051321-1257.2854855386975j)
15286,-0.14306536607242964,(525.7308157348143+871.5578074725253j)
15287,-0.14300930597600628,(344.3048076800147+567.6234024477081j)
15288,-0.1429532458795829,(-317.1299339263701+587.053138085653j)
15289,-0.14289718578315955,(1179.0532367197243-8.602300420667916j)
15290,-0.14284112568673618,(436.73170456635404+403.1543920909311j)
15291,-0.14278506559031282,(-15.756907453066503-724.3131595763298j)
15292,-0.14272900549388945,(-477.20777245359176+82.7031525728982j)
15293,-0.14267294539746608,(-359.8744471262495+440.10091704860963j)
15294,-0.14261688530104272,(-863.9993077720994+254.16319149768458j)
15295,-0.14256082520461935,(707.4839376469679-27.411567857619694j)
15296,-0.14250476510819599,(-146.02644669995152-170.1912780231639j)
15297,-0.14244870501177262,(295.4653866972109-1641.530508259155j)
15298,-0.14239264491534925,(764.7484681874647-393.8172325882359j)
15299,-0.1423365848189259,(552.1193337013752+102.70876498286029j)
15300,-0.14228052472250252,(169.8939729411914+642.614866044337j)
15301,-0.14222446462607916,(-866.1276802310076+27.058187364579737j)
15302,-0.1421684045296558,(268.46587575258695-522.3541473643966j)
15303,-0.14211234443323242,(179.471547564215+497.93332347630314j)
15304,-0.14205628433680906,(-246.75365475331554+293.95985542102443j)
15305,-0.1420002242403857,(-393.07243749060825-226.3595365146839j)
15306,-0.14194416414396233,(-349.0743263877149-813.1756366246636j)
15307,-0.14188810404753896,(-311.64112226420804+116.20495065010105j)
15308,-0.1418320439511156,(242.77405486739627+384.8767190466335j)
15309,-0.14177598385469223,(-154.88228746468798+387.1318121253813j)
15310,-0.14171992375826886,(-119.02371960335219-425.67541288331233j)
15311,-0.1416638636618455,(-1243.3446089669621+115.86347162737647j)
15312,-0.14160780356542213,(85.77513585939482+1390.5851020394812j)
15313,-0.14155174346899876,(-242.06906442618455-244.5886870683716j)
15314,-0.1414956833725754,(753.5304181339045-935.31765656151j)
15315,-0.14143962327615203,(-56.768584234409396-14.024999597829606j)
15316,-0.14138356317972867,(310.83254349603743+1263.30896122104j)
15317,-0.1413275030833053,(-392.245862192784+369.7179652843195j)
15318,-0.14127144298688193,(218.53507943120144-158.36335307522407j)
15319,-0.14121538289045857,(-132.05145149360357-218.32298865150224j)
15320,-0.1411593227940352,(369.9579511370988+564.0121965402318j)
15321,-0.14110326269761184,(641.4666764314074+801.8600407387577j)
15322,-0.14104720260118847,(-620.82081219121+961.3846079210276j)
15323,-0.1409911425047651,(296.4294563142408-103.23367575966645j)
15324,-0.14093508240834174,(975.0288613819394+82.58882481453156j)
15325,-0.14087902231191837,(307.4931414619007-1224.0952908387549j)
15326,-0.140822962215495,(-537.2426586577051-59.09643535546559j)
15327,-0.14076690211907164,(148.68578799053833-58.40605472960423j)
15328,-0.14071084202264827,(483.8189529868537-507.1900426482131j)
15329,-0.1406547819262249,(-123.56388760728228+20.064772941836985j)
15330,-0.14059872182980154,(-435.8340439729939+484.11949224257864j)
15331,-0.14054266173337818,(-312.717504333469+514.8074150999606j)
15332,-0.1404866016369548,(961.4012468704668-391.44797201933267j)
15333,-0.14043054154053144,(272.4116504661043-6.9807883660145365j)
15334,-0.14037448144410808,(269.7689130541472-359.4529517282294j)
15335,-0.1403184213476847,(-260.14034148715564-190.18448336580087j)
15336,-0.14026236125126135,(-102.34294619973484-54.37692904919946j)
15337,-0.14020630115483798,(120.37581207712509-1281.141578714367j)
15338,-0.14015024105841462,(-700.0695189605719-41.52657679040618j)
15339,-0.14009418096199125,(-722.8973238883627+258.70307989629816j)
15340,-0.14003812086556788,(116.23986921675642+233.04064120387864j)
15341,-0.13998206076914452,(-195.91811277879714-628.1938050872911j)
15342,-0.13992600067272115,(-1105.425236653229-165.9971673335308j)
15343,-0.13986994057629779,(429.665806639929-621.8479276674037j)
15344,-0.13981388047987442,(173.24260034553237+130.33021627421144j)
15345,-0.13975782038345105,(363.481154714691-423.066899154064j)
15346,-0.1397017602870277,(729.5276588445547-48.172295280882764j)
15347,-0.13964570019060432,(-882.2345948579507-96.45040377919491j)
15348,-0.13958964009418096,(-595.437644459662-367.5612649964481j)
15349,-0.1395335799977576,(1847.9453683940797+1445.320601989478j)
15350,-0.13947751990133422,(-642.4538952857564-43.85091026612441j)
15351,-0.13942145980491086,(674.5801875038601+205.79927771308624j)
15352,-0.1393653997084875,(1299.3853666071823-581.1064590211438j)
15353,-0.13930933961206413,(572.1040978237265+1109.3643325895391j)
15354,-0.13925327951564076,(-258.54059031393086-319.34155849643525j)
15355,-0.1391972194192174,(383.1278342307052-324.39704915015335j)
15356,-0.13914115932279403,(-65.15611710583966+1208.5140255193746j)
15357,-0.13908509922637066,(-97.78310448568236-106.94362585867867j)
15358,-0.1390290391299473,(-465.3528325745763+450.92560081531576j)
15359,-0.13897297903352393,(1641.7799465089088+103.54070866701558j)
15360,-0.13891691893710056,(404.42142581747333-595.4158008610818j)
15361,-0.1388608588406772,(-624.0336088565653-808.0454525192104j)
15362,-0.13880479874425383,(-123.10005411373328+512.6696108045878j)
15363,-0.13874873864783047,(159.80859034671465-468.34946662174207j)
15364,-0.1386926785514071,(-386.47920219607465-305.99509316911383j)
15365,-0.13863661845498373,(-1164.5609607386768+792.1105278638121j)
15366,-0.13858055835856037,(-56.523786817378635-412.4622602354071j)
15367,-0.138524498262137,(360.2821576076136-1068.1303134683367j)
15368,-0.13846843816571364,(-1317.2630396877055+434.6268384042821j)
15369,-0.13841237806929027,(355.4475956039951+436.68957898217786j)
15370,-0.1383563179728669,(709.0776318873628+891.6863079163353j)
15371,-0.13830025787644354,(-43.51606265132847+591.335800760091j)
15372,-0.13824419778002017,(-711.2616140141149+21.84465325636674j)
15373,-0.1381881376835968,(-425.0676648160952+411.0151103787738j)
15374,-0.13813207758717344,(794.5645921113531+208.17484246953484j)
15375,-0.13807601749075007,(2.5236560442521494-343.7452782542814j)
15376,-0.1380199573943267,(189.5534036324639+444.2391604521058j)
15377,-0.13796389729790334,(716.0004279618994-13.77503112597794j)
15378,-0.13790783720147998,(229.13237138875652+696.8609449845113j)
15379,-0.1378517771050566,(477.3221542290826-48.43686224003544j)
15380,-0.13779571700863325,(-1173.5853867757512+722.0398073843021j)
15381,-0.13773965691220988,(1699.4440174576846+329.7615663201769j)
15382,-0.1376835968157865,(21.214220111755857+116.73834461928395j)
15383,-0.13762753671936315,(-627.3604179126208-39.74502613684075j)
15384,-0.13757147662293978,(-107.17559024032957-800.9753627957726j)
15385,-0.13751541652651642,(-148.11697074970365-289.6309158765059j)
15386,-0.13745935643009305,(1552.0958715383827-494.25744234836964j)
15387,-0.13740329633366968,(-221.09358856991466+193.05031490241566j)
15388,-0.13734723623724632,(-81.64371205184425+379.0875902804181j)
15389,-0.13729117614082295,(-162.97053897492572-442.1178868655253j)
15390,-0.13723511604439959,(186.72184940810067+126.01299278670223j)
15391,-0.13717905594797622,(-570.6286997531461-1546.3098510623788j)
15392,-0.13712299585155285,(-313.04925227112676+199.16454498548876j)
15393,-0.1370669357551295,(152.7704049720553-1157.4428277604761j)
15394,-0.13701087565870612,(-93.23271637282001-56.875416852508394j)
15395,-0.13695481556228276,(-507.72457685377685-965.7668504703227j)
15396,-0.1368987554658594,(-436.11116959202513-330.2644379643002j)
15397,-0.13684269536943602,(-57.28170386484946+175.26331821444091j)
15398,-0.13678663527301266,(536.2127853859463+706.8230150932943j)
15399,-0.1367305751765893,(-1376.6995675413789+537.3771919605161j)
15400,-0.13667451508016593,(113.16228367738108-359.98679828548285j)
15401,-0.13661845498374256,(171.9621178141267+826.4124427688643j)
15402,-0.1365623948873192,(868.2335060964807+718.9092481842599j)
15403,-0.13650633479089583,(-736.3627967021138-336.08652545897746j)
15404,-0.13645027469447246,(663.8973488519721-478.80084344626334j)
15405,-0.1363942145980491,(54.02815911588931+628.108483116957j)
15406,-0.13633815450162573,(310.6482215710285-57.12941650221729j)
15407,-0.1362820944052024,(161.39480127642435-595.0174390598975j)
15408,-0.13622603430877903,(-55.01258447184533-99.39960020857554j)
15409,-0.13616997421235566,(820.4835955762821-63.72594682704863j)
15410,-0.1361139141159323,(-903.0543113396295+426.3375356029456j)
15411,-0.13605785401950893,(-552.8997962457476+284.4262323532394j)
15412,-0.13600179392308556,(-521.0179145718016+593.8203676696754j)
15413,-0.1359457338266622,(-405.6412420814909-33.09246313425328j)
15414,-0.13588967373023883,(108.77263718848398-439.2253170748224j)
15415,-0.13583361363381546,(-1057.1427522701297-264.7189393028074j)
15416,-0.1357775535373921,(-78.83680544497122-113.72333094345221j)
15417,-0.13572149344096873,(-540.7698897326959+116.0737819432104j)
15418,-0.13566543334454537,(-1261.6474034492876-412.7860359124486j)
15419,-0.135609373248122,(-403.30881709077534-260.307891635234j)
15420,-0.13555331315169863,(56.518360500640426-153.40442968558256j)
15421,-0.13549725305527527,(-969.0364054033696-666.6031306273545j)
15422,-0.1354411929588519,(-418.09868979354405-997.9217364999553j)
15423,-0.13538513286242854,(-940.2477575921351+325.1902677573115j)
15424,-0.13532907276600517,(-238.59018537432013-296.4981069712505j)
15425,-0.1352730126695818,(42.901782378500066-154.7804610655688j)
15426,-0.13521695257315844,(397.9065122807391-359.7676357887992j)
15427,-0.13516089247673507,(-320.707324081425+499.7995261623262j)
15428,-0.1351048323803117,(950.841857376596+603.7077388709274j)
15429,-0.13504877228388834,(-155.23126045652316-966.4773658120237j)
15430,-0.13499271218746497,(643.9579948983958+763.1890488959497j)
15431,-0.1349366520910416,(-1113.1096704814402-429.00634476985056j)
15432,-0.13488059199461824,(30.14838821604624-85.74832670034075j)
15433,-0.13482453189819488,(-285.31242309076333-252.62036132753127j)
15434,-0.1347684718017715,(-17.952457064331057-781.309461768965j)
15435,-0.13471241170534815,(260.31940503687474-633.5499093867336j)
15436,-0.13465635160892478,(-402.9375136018305+439.552025028138j)
15437,-0.1346002915125014,(-359.6326856685422+1171.6133600350438j)
15438,-0.13454423141607805,(-170.54968273855224-657.0516042256629j)
15439,-0.13448817131965468,(-297.93134904526926+399.06569314630985j)
15440,-0.13443211122323132,(317.9316905745728-60.389850013323695j)
15441,-0.13437605112680795,(-867.8031848932192+137.34755469362378j)
15442,-0.13431999103038458,(1461.701057744021-534.4309732413765j)
15443,-0.13426393093396122,(-509.32060756958595-1098.064945821645j)
15444,-0.13420787083753785,(986.032386017816-1079.618861140612j)
15445,-0.13415181074111449,(-25.87318774184489+273.7215740092249j)
15446,-0.13409575064469112,(8.635658153757772-17.982015749506537j)
15447,-0.13403969054826775,(88.1906403825122+338.5680923991519j)
15448,-0.1339836304518444,(447.43281142304045+312.31391762262666j)
15449,-0.13392757035542102,(-112.57357798561335+146.6913571977866j)
15450,-0.13387151025899766,(-145.59900606085586+122.59478725622421j)
15451,-0.1338154501625743,(-172.5835123595299+160.2995347799811j)
15452,-0.13375939006615092,(-380.3541278799988-286.8053313048579j)
15453,-0.13370332996972756,(401.74561457623236-7.064136014992641j)
15454,-0.1336472698733042,(-474.80696475026866+547.7081323474888j)
15455,-0.13359120977688083,(766.3902528332046-664.260939371712j)
15456,-0.13353514968045746,(-829.9947248881639+174.04326356704573j)
15457,-0.1334790895840341,(1193.9170825654128+414.0570848369931j)
15458,-0.13342302948761073,(23.59512591316666-111.00936486326573j)
15459,-0.13336696939118736,(-595.3193491963298-786.2899911540987j)
15460,-0.133310909294764,(75.0742408754737-625.3153473453461j)
15461,-0.13325484919834063,(-1379.4215656479064-845.5548036275975j)
15462,-0.13319878910191726,(-721.985748004526-454.3234283958222j)
15463,-0.1331427290054939,(637.5134159599759-10.332502739334132j)
15464,-0.13308666890907053,(-1238.6927613648154-498.0089207952105j)
15465,-0.13303060881264717,(-305.3581915059906-213.8553809218139j)
15466,-0.1329745487162238,(-448.78890239331884-491.0841005503039j)
15467,-0.13291848861980043,(-316.44489042259056-325.96476772296717j)
15468,-0.13286242852337707,(-596.2629522436345-841.579933842939j)
15469,-0.1328063684269537,(221.83774536908552+34.489511369901166j)
15470,-0.13275030833053034,(-255.12154945128685-948.0562639186048j)
15471,-0.13269424823410697,(-503.50114897399214+201.2783212600577j)
15472,-0.1326381881376836,(-1680.1100670974947+208.2175761812872j)
15473,-0.13258212804126024,(9.911157404282125-125.461351453923j)
15474,-0.13252606794483687,(59.068536234021224-401.4482021965714j)
15475,-0.1324700078484135,(-229.5855679346779+124.08347562419999j)
15476,-0.13241394775199014,(-281.28837182414156+794.9330623394819j)
15477,-0.13235788765556677,(-1270.179370892461+1757.6888694314648j)
15478,-0.1323018275591434,(252.55845786954262-60.45400848559635j)
15479,-0.13224576746272004,(-196.7751941270175+158.48317376612232j)
15480,-0.13218970736629668,(312.009843864396-261.8342571268278j)
15481,-0.1321336472698733,(-352.4565685880035+128.80875968768197j)
15482,-0.13207758717344995,(-549.1127983470819-71.6701526953837j)
15483,-0.13202152707702658,(472.91209127309526-559.6543864175832j)
15484,-0.1319654669806032,(290.6311068771807-31.350254700594377j)
15485,-0.13190940688417985,(153.88681883215108+347.62923829376786j)
15486,-0.13185334678775648,(294.59911348471303+630.715780479647j)
15487,-0.13179728669133312,(-132.9834969890074-952.7753737620744j)
15488,-0.13174122659490975,(625.4998463741886-1072.5789005345546j)
15489,-0.13168516649848638,(-17.789222560294576-564.6911823479404j)
15490,-0.13162910640206302,(620.0898451499947+4.474597911286935j)
15491,-0.13157304630563965,(-632.9652201627958-76.85113942931326j)
15492,-0.13151698620921629,(714.286137744406+68.40614437342647j)
15493,-0.13146092611279292,(293.5252523021344+736.7916729336558j)
15494,-0.13140486601636955,(333.19902671654404+813.9370740939461j)
15495,-0.1313488059199462,(-9.848412025444532-355.68618535752597j)
15496,-0.13129274582352282,(-194.15955539223376+579.540184885015j)
15497,-0.13123668572709946,(361.6397186866177+652.5698243598158j)
15498,-0.1311806256306761,(299.6723607315803+330.143194666085j)
15499,-0.13112456553425272,(-358.2560982766967-483.53008397734817j)
15500,-0.13106850543782936,(-736.1881856875026+343.4187455526383j)
15501,-0.131012445341406,(-232.25440793456832-252.01750872914775j)
15502,-0.13095638524498263,(655.7149604722314-414.131435530845j)
15503,-0.13090032514855926,(1017.5336827484855+579.4610544172484j)
15504,-0.1308442650521359,(-21.585470979498496+1030.8632742244356j)
15505,-0.13078820495571253,(-327.69502247401255-1104.176834757617j)
15506,-0.13073214485928916,(363.4807814535327+1122.0242837567835j)
15507,-0.1306760847628658,(307.52176020497774-447.20008406670223j)
15508,-0.13062002466644243,(367.2999838306728+300.3667318694142j)
15509,-0.13056396457001906,(328.9012104678243+298.23422996275497j)
15510,-0.1305079044735957,(-162.212158508931+192.86210610677566j)
15511,-0.13045184437717233,(-1336.7211615962028-251.41251002340925j)
15512,-0.13039578428074897,(-298.0598187897027+521.0515366598581j)
15513,-0.1303397241843256,(503.7945832940799+830.1746870770307j)
15514,-0.13028366408790223,(-139.17658160250107+323.25507494853156j)
15515,-0.13022760399147887,(-232.98559631953415-14.942690026847025j)
15516,-0.1301715438950555,(-131.9902883992625-184.4465891007911j)
15517,-0.13011548379863214,(457.39780280757435+53.22141007831553j)
15518,-0.13005942370220877,(-1.3282828063202317+342.43438975749126j)
15519,-0.1300033636057854,(597.2879629984574+486.5698542074722j)
15520,-0.12994730350936204,(-263.70520328872976-901.6115501775723j)
15521,-0.12989124341293867,(-352.7648029560041-989.5255023839292j)
15522,-0.1298351833165153,(574.5029414457051+14.099528397054883j)
15523,-0.12977912322009194,(956.2170728580809+943.959655719169j)
15524,-0.12972306312366857,(82.29099129515923+113.88694586171174j)
15525,-0.1296670030272452,(99.37100370016674+289.47421154341515j)
15526,-0.12961094293082184,(-759.9895203068032+869.7054182742431j)
15527,-0.12955488283439848,(585.9745550316911-41.57037040970664j)
15528,-0.1294988227379751,(-1939.5855258566567-141.83064802952333j)
15529,-0.12944276264155175,(-382.00402280195186-202.20793763557228j)
15530,-0.12938670254512838,(113.42485829585627+41.13505012266985j)
15531,-0.129330642448705,(-483.2260314369155-472.6313084419294j)
15532,-0.12927458235228165,(-37.128801831519795+330.78131626093466j)
15533,-0.12921852225585828,(300.56619924212407-339.34403021965323j)
15534,-0.12916246215943492,(-630.7592731308312+409.96693027153253j)
15535,-0.12910640206301155,(406.8300670078286-37.049650186514526j)
15536,-0.12905034196658818,(-472.6594257188171-63.186568991997234j)
15537,-0.12899428187016482,(382.5016111083294-647.2443845177722j)
15538,-0.12893822177374145,(393.4103743331203-11.90308334834716j)
15539,-0.12888216167731809,(1621.8225341491843-375.148919838256j)
15540,-0.12882610158089472,(-328.6271499348974-487.0646077244668j)
15541,-0.12877004148447135,(538.0065530049488-695.8405676470707j)
15542,-0.128713981388048,(-861.2040342045672+158.20964049874198j)
15543,-0.12865792129162462,(199.24488226978363+575.4332200404376j)
15544,-0.12860186119520126,(48.053273459162256+9.027720841963024j)
15545,-0.1285458010987779,(-1420.6403293129263+1054.370715630022j)
15546,-0.12848974100235452,(-226.5309068706095+660.3468091744312j)
15547,-0.12843368090593116,(486.12438581344804-533.337508811012j)
15548,-0.1283776208095078,(260.58682401155204+445.79564750805554j)
15549,-0.12832156071308443,(479.8241136443291+409.1237662284684j)
15550,-0.12826550061666106,(-1210.8735405491072-212.0046908410859j)
15551,-0.1282094405202377,(134.22528403981886+303.08793566025133j)
15552,-0.12815338042381433,(-472.49092152461554-591.4449117433074j)
15553,-0.12809732032739096,(-693.63860371563+83.18502244575751j)
15554,-0.1280412602309676,(607.9523046476771+90.63781986016402j)
15555,-0.12798520013454423,(-24.483537095023024-358.4911364067118j)
15556,-0.12792914003812086,(774.8228194714401+213.94122997487904j)
15557,-0.1278730799416975,(1517.5144553563005-131.05838466422813j)
15558,-0.12781701984527413,(-595.7946026255761+215.37335653486852j)
15559,-0.12776095974885077,(-1127.9944006157782+627.3188208421348j)
15560,-0.1277048996524274,(340.36430158405886+296.177958696858j)
15561,-0.12764883955600403,(-82.38031383195454+513.361897453895j)
15562,-0.12759277945958067,(825.3483661135485+302.707112649269j)
15563,-0.1275367193631573,(-106.91219943567842-115.70091216089551j)
15564,-0.12748065926673394,(-414.8832314663641-4.110924968518745j)
15565,-0.12742459917031057,(-620.363868809776-232.18696141925415j)
15566,-0.1273685390738872,(192.33675202874917+801.3354260287091j)
15567,-0.12731247897746384,(46.787715491087454-768.9239955619612j)
15568,-0.12725641888104047,(-1033.6770584959258+633.0042990010706j)
15569,-0.1272003587846171,(-59.80466849114208-1070.6089589236428j)
15570,-0.12714429868819374,(439.4363976565346-636.7431492536264j)
15571,-0.12708823859177037,(-120.2393330924194-188.16395671041457j)
15572,-0.127032178495347,(165.5192963316732+311.7255236726444j)
15573,-0.12697611839892364,(-4.945500270914586-86.07397305231567j)
15574,-0.12692005830250028,(777.166480733324+558.541039636639j)
15575,-0.1268639982060769,(30.77078619593675+428.910657053905j)
15576,-0.12680793810965355,(281.740480610758-139.29529754467313j)
15577,-0.12675187801323018,(-862.0921074147766-1224.4632896242622j)
15578,-0.1266958179168068,(263.86837559714843+285.28022018532187j)
15579,-0.12663975782038345,(868.2615606321589-276.24868998628904j)
15580,-0.12658369772396008,(698.4652263070764+187.037413208332j)
15581,-0.12652763762753672,(305.4866244882178-1028.0587245472334j)
15582,-0.12647157753111335,(983.2456671678204+614.2173415737999j)
15583,-0.12641551743468998,(-450.9070885173498+422.51881379229144j)
15584,-0.12635945733826662,(37.09642138959694+161.7069261426088j)
15585,-0.12630339724184325,(-107.76464325060431+914.062768541836j)
15586,-0.12624733714541989,(-942.2359209788661-15.135130644493756j)
15587,-0.12619127704899652,(-76.49545206416768-159.96190817131145j)
15588,-0.12613521695257315,(338.8162890587556+354.63607565667j)
15589,-0.1260791568561498,(-143.26341956559529+1000.6821703389326j)
15590,-0.12602309675972642,(-599.1083587423642+935.6332048134983j)
15591,-0.12596703666330306,(2.8285043252140696-374.94431360990774j)
15592,-0.1259109765668797,(35.4020487135883-333.63802333801266j)
15593,-0.12585491647045632,(747.6162918040633-564.2353193845861j)
15594,-0.12579885637403296,(-469.7221139196952-206.24806700147462j)
15595,-0.1257427962776096,(196.2738874041521+171.3670978143633j)
15596,-0.12568673618118623,(2138.48899595935-14.856547999542954j)
15597,-0.12563067608476286,(301.1327585688472+946.8841696282816j)
15598,-0.1255746159883395,(124.27905480969969+758.441629012224j)
15599,-0.12551855589191613,(-244.39566209528198-614.7829879560903j)
15600,-0.12546249579549276,(-60.46472141507428+541.5081524491098j)
15601,-0.1254064356990694,(862.1937332550058-105.28201462304936j)
15602,-0.12535037560264603,(-599.8017943433465+311.9430863711043j)
15603,-0.12529431550622266,(-1128.254185813554-18.61778954789213j)
15604,-0.1252382554097993,(27.26363452050657+242.80526428046926j)
15605,-0.12518219531337593,(871.650174627434-417.46020241962594j)
15606,-0.12512613521695257,(422.6360301796363+354.70559995957893j)
15607,-0.1250700751205292,(92.44154420251193-777.5831065839889j)
15608,-0.12501401502410583,(-766.8506461553424-231.36831001961698j)
15609,-0.12495795492768248,(538.237085332382+435.123747429303j)
15610,-0.12490189483125912,(-15.89146028152419+357.93204740899466j)
15611,-0.12484583473483575,(417.3009792068549-41.28470512884237j)
15612,-0.12478977463841238,(-811.7275641223562-241.87645331491228j)
15613,-0.12473371454198902,(13.435371198154186+398.00627151899494j)
15614,-0.12467765444556565,(613.9045975066131-543.0104199063841j)
15615,-0.12462159434914229,(358.43790243053576+11.53714620879456j)
15616,-0.12456553425271892,(-295.06109997341514-628.3265376837362j)
15617,-0.12450947415629555,(-158.77770138128227-1.845089314377546j)
15618,-0.12445341405987219,(616.1415122894803-69.73929346144462j)
15619,-0.12439735396344882,(-91.7661357022195+116.28366881887828j)
15620,-0.12434129386702546,(28.248120317320627-228.2120565093312j)
15621,-0.12428523377060209,(182.30690491013283+237.64004746192j)
15622,-0.12422917367417873,(151.49417105011133+265.0708142793105j)
15623,-0.12417311357775536,(1180.814150161066+602.8437454624307j)
15624,-0.124117053481332,(60.8213571507909-991.8150371413545j)
15625,-0.12406099338490863,(-39.24544378317045-509.21036861239133j)
15626,-0.12400493328848526,(1121.168960783688-533.9791265463962j)
15627,-0.1239488731920619,(-584.1711358822274+239.3378920289986j)
15628,-0.12389281309563853,(-275.6619678437446+186.14944416525094j)
15629,-0.12383675299921516,(-264.18121945226613+351.49859860983634j)
15630,-0.1237806929027918,(596.6402166235374+331.9190196504022j)
15631,-0.12372463280636843,(32.18055692249353+149.52399749575747j)
15632,-0.12366857270994507,(-47.400352881955655-87.14527494340399j)
15633,-0.1236125126135217,(41.39704796635812-247.36343021717116j)
15634,-0.12355645251709833,(671.158933463337+708.2651863120876j)
15635,-0.12350039242067497,(271.88740392461017+936.4814172599315j)
15636,-0.1234443323242516,(556.5533841221055-918.5944587843197j)
15637,-0.12338827222782824,(56.624613750683864-904.6487333231976j)
15638,-0.12333221213140487,(379.46852107017094+786.6332619422168j)
15639,-0.1232761520349815,(-1630.6538079586705+241.32290261762518j)
15640,-0.12322009193855814,(-304.9875472511657+352.913668307703j)
15641,-0.12316403184213477,(74.41975345710438-350.12624367015883j)
15642,-0.1231079717457114,(736.5658222213516+1067.523725182713j)
15643,-0.12305191164928804,(444.76160557390176-602.8593361705274j)
15644,-0.12299585155286467,(-330.8218279861665-1200.29194188811j)
15645,-0.12293979145644131,(1062.9820875137425+349.267385845869j)
15646,-0.12288373136001794,(-49.35565682430175+122.85003463684558j)
15647,-0.12282767126359458,(-622.3700503872343+587.6674474017998j)
15648,-0.12277161116717121,(-436.35539202770923+403.60483969927566j)
15649,-0.12271555107074784,(-66.76438246353675+403.1418287219431j)
15650,-0.12265949097432448,(23.01595472847505+218.93674556403306j)
15651,-0.12260343087790111,(-820.1114962047004-936.1023401028425j)
15652,-0.12254737078147775,(401.6998563923175-274.6144485154846j)
15653,-0.12249131068505438,(-1388.0066269708627-554.5624719924363j)
15654,-0.12243525058863101,(-584.5902827699591+513.9177878867995j)
15655,-0.12237919049220765,(-513.4135811366058-684.9918140367818j)
15656,-0.12232313039578428,(542.0178540727084-1168.1852972625616j)
15657,-0.12226707029936092,(-273.61512906760896-568.2682118663499j)
15658,-0.12221101020293755,(764.9315756539547+164.29583692198037j)
15659,-0.12215495010651418,(-634.1550950519063+721.1562717184462j)
15660,-0.12209889001009082,(476.8422787317812+306.8012733442054j)
15661,-0.12204282991366745,(-337.2357849362745-926.922969039105j)
15662,-0.12198676981724409,(-637.5572751543885-273.35710807999885j)
15663,-0.12193070972082072,(910.5587212116299+49.35590329230371j)
15664,-0.12187464962439735,(115.17158243410898-163.20625185936836j)
15665,-0.12181858952797399,(-219.53368785271323-788.1049273681142j)
15666,-0.12176252943155062,(-334.39642586033654+362.65798833119743j)
15667,-0.12170646933512726,(108.57734914273806-166.42143535290884j)
15668,-0.12165040923870389,(-716.0110320843802+287.22565323851376j)
15669,-0.12159434914228053,(264.1563915221668-270.9252828148657j)
15670,-0.12153828904585716,(-360.07342016453424+839.5514685545423j)
15671,-0.1214822289494338,(-62.653967003343666-376.68572988757575j)
15672,-0.12142616885301043,(-354.1447988588153+347.6211495100456j)
15673,-0.12137010875658706,(-256.84781743661506-522.219918283811j)
15674,-0.1213140486601637,(47.22722637526673-682.972899813303j)
15675,-0.12125798856374033,(668.6569871632347+1095.6675150683755j)
15676,-0.12120192846731696,(521.0574526744898-288.86017728765125j)
15677,-0.1211458683708936,(-322.2508166014621-281.079238527833j)
15678,-0.12108980827447023,(399.69235704889945-81.40696062317254j)
15679,-0.12103374817804687,(270.48779883301955-468.67874462580494j)
15680,-0.1209776880816235,(177.93464988961838-204.61107078019387j)
15681,-0.12092162798520013,(-95.160801777933-307.41837275910206j)
15682,-0.12086556788877677,(4.571338014710953+58.69610962944543j)
15683,-0.1208095077923534,(-408.692110800944-947.0617337375517j)
15684,-0.12075344769593004,(-524.2880632084073+1272.1263568757695j)
15685,-0.12069738759950667,(453.96453985277384+303.9825476997318j)
15686,-0.1206413275030833,(773.8280499774087-1358.3179990536482j)
15687,-0.12058526740665994,(427.93592600506554+222.73536464790337j)
15688,-0.12052920731023657,(254.03700324835359-149.8342961239464j)
15689,-0.1204731472138132,(-425.032794205108+48.0875265041674j)
15690,-0.12041708711738984,(-294.4123148008561-346.82514613414196j)
15691,-0.12036102702096647,(-867.2176462606719+1289.6063262965733j)
15692,-0.12030496692454311,(537.9589651872597+93.3679853338175j)
15693,-0.12024890682811974,(-343.5612238810106-663.6967377926529j)
15694,-0.12019284673169638,(456.0140779256711-176.49821926270553j)
15695,-0.12013678663527301,(160.26026642997616-626.9074637922753j)
15696,-0.12008072653884964,(-7.609201420863428-683.8382128441913j)
15697,-0.12002466644242628,(300.9885922536939+388.295230670684j)
15698,-0.11996860634600291,(810.6328819883747-383.93366436376385j)
15699,-0.11991254624957955,(-105.59701892586725-324.86793718217945j)
15700,-0.11985648615315618,(-119.43789176854699+209.81247786435404j)
15701,-0.11980042605673281,(383.05543422297575+462.59392996087166j)
15702,-0.11974436596030945,(-516.1230953572607-53.67049451808495j)
15703,-0.11968830586388608,(-332.77714616752473-842.5398345036833j)
15704,-0.11963224576746272,(-114.64190913104012-240.25618273718243j)
15705,-0.11957618567103935,(-268.63299500863747-282.88422714458335j)
15706,-0.11952012557461598,(-42.27788151127699-266.3225164315926j)
15707,-0.11946406547819262,(167.84224594877378-644.1543512533982j)
15708,-0.11940800538176925,(424.5153185998481-268.7014379687064j)
15709,-0.11935194528534589,(150.22075696668273+69.07683986849207j)
15710,-0.11929588518892252,(-54.02542303265241-270.20562675215103j)
15711,-0.11923982509249915,(-359.0704462133572+405.7764784616162j)
15712,-0.11918376499607579,(736.867493230067+1288.40078228198j)
15713,-0.11912770489965242,(15.28399060437502-455.41918744929734j)
15714,-0.11907164480322906,(-462.74678635067085+277.1758416193325j)
15715,-0.11901558470680569,(783.4335194724331+885.0221794172471j)
15716,-0.11895952461038233,(-269.59956456193686-226.8830662553989j)
15717,-0.11890346451395896,(-215.50207807212485-1154.296435047494j)
15718,-0.1188474044175356,(-132.22212184944559-991.7433259229277j)
15719,-0.11879134432111223,(-1387.9558195649504+143.36987352680228j)
15720,-0.11873528422468886,(-82.5293861817287-1003.1507480207221j)
15721,-0.1186792241282655,(479.54890597581885-353.35960455468353j)
15722,-0.11862316403184213,(799.2171612559538+238.98887267215053j)
15723,-0.11856710393541876,(-583.7835277190588-276.33399240947784j)
15724,-0.1185110438389954,(-570.2875666426996+533.1991126489992j)
15725,-0.11845498374257203,(-788.9206273769614+249.05777271961574j)
15726,-0.11839892364614868,(-13.105739875493242-12.779119946038644j)
15727,-0.11834286354972531,(-431.87857473034614-176.8874255068801j)
15728,-0.11828680345330195,(598.591767506681-780.5945315648789j)
15729,-0.11823074335687858,(317.36798384085546-72.75516746864928j)
15730,-0.11817468326045522,(-370.464304267724-907.087303619489j)
15731,-0.11811862316403185,(-204.3013523899946+839.3928413593918j)
15732,-0.11806256306760848,(599.813080133875-810.7116366819804j)
15733,-0.11800650297118512,(-71.47372519126841+824.8507435987465j)
15734,-0.11795044287476175,(821.4417356468477+141.70973691421557j)
15735,-0.11789438277833839,(-309.3618331274009+508.4988870005945j)
15736,-0.11783832268191502,(-208.4622789354881-805.393599184622j)
15737,-0.11778226258549165,(-867.4706000510881+433.1317906973001j)
15738,-0.11772620248906829,(350.26266494060565-79.17211224169782j)
15739,-0.11767014239264492,(578.4765297601245+273.0602229518442j)
15740,-0.11761408229622156,(135.08420499908678-193.35837681397328j)
15741,-0.11755802219979819,(-280.1589266014044-169.92651283346987j)
15742,-0.11750196210337482,(-270.0650787352777-219.57347688818388j)
15743,-0.11744590200695146,(-101.75981818036638+145.66346076090406j)
15744,-0.11738984191052809,(-64.98291131457933+971.2433473698502j)
15745,-0.11733378181410473,(657.3029371691-374.38435981427074j)
15746,-0.11727772171768136,(358.71222699541596-491.723774004409j)
15747,-0.117221661621258,(68.33221461899193-300.3534155715845j)
15748,-0.11716560152483463,(705.3462233565256+545.7948450256247j)
15749,-0.11710954142841126,(-967.8282765363758-85.9874288951462j)
15750,-0.1170534813319879,(-101.70294727790244-666.8977217594462j)
15751,-0.11699742123556453,(-137.22106196984743+6.82177183286133j)
15752,-0.11694136113914116,(428.0617245773942+4.075883464621256j)
15753,-0.1168853010427178,(618.818330137078+325.0316135339291j)
15754,-0.11682924094629443,(-335.59097114468506-318.07213434032263j)
15755,-0.11677318084987107,(425.0830625200834+274.2058509296752j)
15756,-0.1167171207534477,(280.72656072860747+584.5017847028765j)
15757,-0.11666106065702433,(71.29019953520901+859.9121447117686j)
15758,-0.11660500056060097,(83.21123158128205-1321.2462516341075j)
15759,-0.1165489404641776,(209.27130375082112+587.0019257780314j)
15760,-0.11649288036775424,(255.73041174189996-762.146126600032j)
15761,-0.11643682027133087,(-438.9459916920506+498.57035793061635j)
15762,-0.1163807601749075,(328.76241523574834-654.462712362198j)
15763,-0.11632470007848414,(-886.2237323315281-346.78135067292j)
15764,-0.11626863998206077,(1271.4275825051664+729.646574909953j)
15765,-0.11621257988563741,(275.93279744348524+304.54032729297865j)
15766,-0.11615651978921404,(334.90228272049364+278.4646131999232j)
15767,-0.11610045969279068,(531.7215324745969+136.16427248539907j)
15768,-0.11604439959636731,(80.63341136439956+529.229974914919j)
15769,-0.11598833949994394,(-351.5250192304389-1113.7908023625955j)
15770,-0.11593227940352058,(-140.85882591001686+100.32502402833666j)
15771,-0.11587621930709721,(206.75226756237572+1302.6152764704068j)
15772,-0.11582015921067385,(-588.8367406252627-405.76071883935884j)
15773,-0.11576409911425048,(-243.2325388050984-560.4075296276095j)
15774,-0.11570803901782711,(-110.31416650933134-345.3547064535893j)
15775,-0.11565197892140375,(-645.7319212206512+297.0561076936326j)
15776,-0.11559591882498038,(110.25455767228766-615.1335917936777j)
15777,-0.11553985872855702,(547.886670597551+802.0962859465322j)
15778,-0.11548379863213365,(-1440.8319750644575+281.3809373093772j)
15779,-0.11542773853571028,(300.32424572445655+616.3981426923591j)
15780,-0.11537167843928692,(-435.3844722928194+855.1372434547752j)
15781,-0.11531561834286355,(31.886871809726017+915.2295535088178j)
15782,-0.11525955824644019,(237.1269449669142+1330.0162915229478j)
15783,-0.11520349815001682,(-386.21541352790956+247.20839222276024j)
15784,-0.11514743805359345,(306.9893317859586-241.00002529911495j)
15785,-0.11509137795717009,(454.28301374382045-521.5836440281672j)
15786,-0.11503531786074672,(-268.9722528091721-789.5962845413834j)
15787,-0.11497925776432336,(20.689422804130587+188.46965923076235j)
15788,-0.11492319766789999,(-910.4857330247306+512.5747479190168j)
15789,-0.11486713757147662,(22.619403295498728+738.5783937165629j)
15790,-0.11481107747505326,(-37.94458515388696-272.7571146806129j)
15791,-0.11475501737862989,(-244.29060072791825+287.27561742803226j)
15792,-0.11469895728220653,(285.8158886971994-176.53301762335397j)
15793,-0.11464289718578316,(36.55352156521201+965.0068920370256j)
15794,-0.1145868370893598,(-203.12990097803495-464.82242311075606j)
15795,-0.11453077699293643,(833.4415508845103+225.69306644465715j)
15796,-0.11447471689651306,(-330.0393773973991+962.1145104292061j)
15797,-0.1144186568000897,(-546.9040578868072+392.37864128172134j)
15798,-0.11436259670366633,(-360.28679272777873-1116.4109643566017j)
15799,-0.11430653660724296,(-514.2329049264646-344.75189876623915j)
15800,-0.1142504765108196,(155.48050435059864-107.49571102857865j)
15801,-0.11419441641439623,(-77.05116310355064+676.2743680872716j)
15802,-0.11413835631797287,(724.5490039070254+162.4634631838025j)
15803,-0.1140822962215495,(-687.2895831745518+242.92255566088102j)
15804,-0.11402623612512613,(119.1693650464252-436.8919040518515j)
15805,-0.11397017602870277,(-87.93439506746302+389.74169590578197j)
15806,-0.1139141159322794,(-369.5816202627611+1130.9201638693582j)
15807,-0.11385805583585604,(-136.75796895269337-242.6136811522204j)
15808,-0.11380199573943267,(-698.1449612974955+192.08052423539618j)
15809,-0.1137459356430093,(509.32612500252634-166.80964547906083j)
15810,-0.11368987554658594,(382.53933289927727+273.00170048203256j)
15811,-0.11363381545016257,(638.7289675720403+593.4611778353442j)
15812,-0.11357775535373921,(472.92789337785746-198.9492319688631j)
15813,-0.11352169525731584,(709.3050743200943+782.7296764801897j)
15814,-0.11346563516089248,(124.4915887199068+0.6816544774997979j)
15815,-0.11340957506446911,(-276.6493423594685-607.0103585179794j)
15816,-0.11335351496804574,(-201.04441845463515+792.2072623592569j)
15817,-0.11329745487162238,(566.9617934513305-144.33511599819064j)
15818,-0.11324139477519901,(1069.352799109096+326.1336569054058j)
15819,-0.11318533467877565,(-51.76917097353494-1134.81472947195j)
15820,-0.11312927458235228,(-886.3683570104952+461.17485425811907j)
15821,-0.11307321448592891,(-230.80388814244617+446.1467518790618j)
15822,-0.11301715438950555,(-178.3072310588464-1018.1513856556137j)
15823,-0.11296109429308218,(934.6421666322145-856.0585288082866j)
15824,-0.11290503419665882,(-973.9212341988266-234.76185046789163j)
15825,-0.11284897410023545,(317.0903120557728-600.5510675311638j)
15826,-0.11279291400381208,(-1146.7629561727226+385.10823659189725j)
15827,-0.11273685390738872,(-545.010401141329-8.68979722787202j)
15828,-0.11268079381096535,(-966.2566732396273+276.5578698562583j)
15829,-0.11262473371454199,(-569.4250891220704+906.3777970555618j)
15830,-0.11256867361811862,(-1214.0069733361076-483.7747214925656j)
15831,-0.11251261352169525,(-317.65291844192006+423.39823677762564j)
15832,-0.11245655342527189,(35.88684382406419-578.4258398885465j)
15833,-0.11240049332884852,(1273.5478960233577-304.82068075635385j)
15834,-0.11234443323242516,(608.022278335296-678.8256421162287j)
15835,-0.11228837313600179,(-156.10896216162962-1352.4906517288723j)
15836,-0.11223231303957842,(78.92345630342122+315.5180697701607j)
15837,-0.11217625294315506,(-272.44442474066307+458.4678353962274j)
15838,-0.11212019284673169,(-910.6875123679933-422.1951192078887j)
15839,-0.11206413275030833,(238.55362793802055+202.86622135845465j)
15840,-0.11200807265388496,(-525.6186801483021-159.49480150770532j)
15841,-0.1119520125574616,(3.096834941733789-1118.6710128993736j)
15842,-0.11189595246103823,(-654.6092652651373-877.2159088628887j)
15843,-0.11183989236461486,(-519.4457797597105-29.54852672915152j)
15844,-0.1117838322681915,(835.7063907160585+6.218015036662933j)
15845,-0.11172777217176813,(-432.2157735206029+63.872283964669066j)
15846,-0.11167171207534476,(309.6904632874811-1411.6634220419141j)
15847,-0.1116156519789214,(-318.50265783110694-480.5150162059984j)
15848,-0.11155959188249803,(322.78209823862863+167.85016810117162j)
15849,-0.11150353178607467,(617.4279557031921-88.99690962161952j)
15850,-0.1114474716896513,(-591.5946149394007+1110.1580041706902j)
15851,-0.11139141159322793,(272.52658142748464-671.8918560917208j)
15852,-0.11133535149680457,(298.7962125915709-303.56483524392786j)
15853,-0.1112792914003812,(-58.93614112326193+926.6141490724871j)
15854,-0.11122323130395784,(-46.483829735297576-327.9632798517501j)
15855,-0.11116717120753448,(622.0900084900778+576.5292276907862j)
15856,-0.11111111111111112,(98.6030786298304+495.7145039943647j)
15857,-0.11105505101468775,(130.05969622030705-741.4159913817135j)
15858,-0.11099899091826439,(-821.6067419523176+203.2899324384564j)
15859,-0.11094293082184102,(-214.63071195541485+290.84656675978505j)
15860,-0.11088687072541765,(-282.7921378234311-953.2218896121979j)
15861,-0.11083081062899429,(599.3356298974584+886.5641077052178j)
15862,-0.11077475053257092,(195.33480298700982-177.74529276226264j)
15863,-0.11071869043614756,(-391.6136810972595+109.62622026843138j)
15864,-0.11066263033972419,(-75.26584094712976-70.11779642591532j)
15865,-0.11060657024330083,(-932.3798651182491-422.4967224095118j)
15866,-0.11055051014687746,(896.6310005580254-354.705100611447j)
15867,-0.1104944500504541,(519.2791217953727+976.5656399956058j)
15868,-0.11043838995403073,(-136.4045543254661+372.6029201092978j)
15869,-0.11038232985760736,(-179.76616188542275-412.76017284460454j)
15870,-0.110326269761184,(-829.639232532645+355.13095997543627j)
15871,-0.11027020966476063,(-285.1330967301429-505.64215641096393j)
15872,-0.11021414956833726,(1313.2978769589915+1017.2272314981983j)
15873,-0.1101580894719139,(-509.16831398917157+19.71192614642247j)
15874,-0.11010202937549053,(1709.9117295400133-126.70502233036711j)
15875,-0.11004596927906717,(-1143.2147583067715-1410.2024615096882j)
15876,-0.1099899091826438,(-132.47843887383368+591.6443338803799j)
15877,-0.10993384908622043,(-97.41910690160074-1295.792777278666j)
15878,-0.10987778898979707,(246.9465425154861+73.10162659843328j)
15879,-0.1098217288933737,(-715.0693831712941-745.8897452833105j)
15880,-0.10976566879695034,(850.5734723234964-359.7068739797295j)
15881,-0.10970960870052697,(247.66975511678243-912.7660134617781j)
15882,-0.1096535486041036,(734.4199393324421+785.3951870532256j)
15883,-0.10959748850768024,(136.22214695776182-485.22422385315895j)
15884,-0.10954142841125687,(159.78551827416493-364.89787345380853j)
15885,-0.1094853683148335,(-98.160649019993-377.26366279822923j)
15886,-0.10942930821841014,(7.647387929161539+1036.3297235474406j)
15887,-0.10937324812198677,(144.64677115904635+163.24540770395765j)
15888,-0.10931718802556341,(-1400.5218444483116-996.8905486290748j)
15889,-0.10926112792914004,(-686.1252574455534-32.521423639845594j)
15890,-0.10920506783271668,(-207.08562135528211+477.24614046605916j)
15891,-0.10914900773629331,(778.7394193446349-100.60732029571852j)
15892,-0.10909294763986994,(878.815479366442+1074.1121814373591j)
15893,-0.10903688754344658,(338.2898152619361+94.30232589657582j)
15894,-0.10898082744702321,(900.9138150871476-109.71460585579956j)
15895,-0.10892476735059985,(1261.4167254415395-138.8453197123365j)
15896,-0.10886870725417648,(-642.2947402945086-353.5546360876127j)
15897,-0.10881264715775311,(166.91697254589488+564.3009725487839j)
15898,-0.10875658706132975,(-61.4709327478314-413.061974762895j)
15899,-0.10870052696490638,(168.6841723207715+694.3613161549222j)
15900,-0.10864446686848302,(-488.64712950097896-349.801700395847j)
15901,-0.10858840677205965,(268.8411442367106+152.98661653744924j)
15902,-0.10853234667563628,(424.92504773497467+350.66910094023274j)
15903,-0.10847628657921292,(377.37211586160197+46.62025066522884j)
15904,-0.10842022648278955,(-1032.8949365870312+305.3780205645386j)
15905,-0.10836416638636619,(-71.40286539160728+144.15267448216974j)
15906,-0.10830810628994282,(-677.2909598558899+188.53244210553981j)
15907,-0.10825204619351946,(345.58517134449255+708.1896110827455j)
15908,-0.10819598609709609,(-818.8927262803522-321.855866254302j)
15909,-0.10813992600067272,(688.127614034823-836.2369877468263j)
15910,-0.10808386590424936,(661.0277917416398+758.5109971500365j)
15911,-0.10802780580782599,(-634.0675427405595-458.0954997259548j)
15912,-0.10797174571140263,(391.08618852110493+1020.4236933178898j)
15913,-0.10791568561497926,(859.8514737843698+1142.775517242712j)
15914,-0.1078596255185559,(439.62995242869874-589.7445102103027j)
15915,-0.10780356542213253,(631.9509876123544-152.37759068996303j)
15916,-0.10774750532570916,(-322.88704079229785-899.9511764693386j)
15917,-0.1076914452292858,(-765.4864576649436-116.53148622130635j)
15918,-0.10763538513286243,(1515.5058882002402-906.2906176833908j)
15919,-0.10757932503643906,(23.35629073181576-585.7778032018924j)
15920,-0.1075232649400157,(153.38572998996827-502.5450557394313j)
15921,-0.10746720484359233,(286.0161776335579+1217.2782064243254j)
15922,-0.10741114474716897,(-271.6386578796673+547.1344992076489j)
15923,-0.1073550846507456,(211.34438260605074-111.51510553607369j)
15924,-0.10729902455432223,(-253.59467870548397-520.0571380992772j)
15925,-0.10724296445789887,(-1043.8566215907958-159.65911788186418j)
15926,-0.1071869043614755,(78.43318448764512-724.6569166138157j)
15927,-0.10713084426505214,(-677.0440311766079+338.68751436703013j)
15928,-0.10707478416862877,(150.95723087273763-580.2749836264942j)
15929,-0.1070187240722054,(629.5209668900255-1158.7503243077092j)
15930,-0.10696266397578204,(1714.175164861869-175.0281222546932j)
15931,-0.10690660387935867,(1071.0356992008976+1090.4968215112938j)
15932,-0.1068505437829353,(204.6157009344382-90.71647470494713j)
15933,-0.10679448368651194,(-360.4024061605345+551.8052576945702j)
15934,-0.10673842359008857,(249.6978537515704+2084.8182027967155j)
15935,-0.10668236349366521,(-118.80771742498278+449.0928280234808j)
15936,-0.10662630339724184,(-382.47257285029224-44.59478595223496j)
15937,-0.10657024330081848,(33.744039773735835-654.1672881673221j)
15938,-0.10651418320439511,(-596.833360956651+540.8160572525853j)
15939,-0.10645812310797174,(-765.6693530197855+210.97114393442308j)
15940,-0.10640206301154838,(-722.816392194717-56.621950924892026j)
15941,-0.10634600291512501,(131.2302291983691+703.235273964058j)
15942,-0.10628994281870165,(63.3019827948211+1062.6337296475251j)
15943,-0.10623388272227828,(1116.5078277865778+63.95505640600618j)
15944,-0.10617782262585491,(1313.7491201500316+74.77786739206147j)
15945,-0.10612176252943155,(-31.428985164004402-263.8567998494842j)
15946,-0.10606570243300818,(384.9278878620853+525.1244578642205j)
15947,-0.10600964233658482,(-159.49308703417123-537.6714660455322j)
15948,-0.10595358224016145,(844.5355643901742+580.247050303399j)
15949,-0.10589752214373808,(-1223.8335239849296-548.8807535527184j)
15950,-0.10584146204731472,(-483.3573487344406+440.5037818894398j)
15951,-0.10578540195089135,(-668.6835686955928+35.22983717399984j)
15952,-0.10572934185446799,(-267.9820685110621+565.9929622141191j)
15953,-0.10567328175804462,(468.48850952778713+680.1260791611393j)
15954,-0.10561722166162126,(-387.31028661112583+107.33985918955172j)
15955,-0.10556116156519789,(267.9743145768233-447.45988893508667j)
15956,-0.10550510146877452,(827.3856375243215+296.21795242201694j)
15957,-0.10544904137235116,(8.57970703738711+313.24850911575226j)
15958,-0.10539298127592779,(392.75823269454565+173.5226535558113j)
15959,-0.10533692117950443,(234.75223906663084+696.3188725281556j)
15960,-0.10528086108308106,(-140.1183913076829-683.0793451784967j)
15961,-0.1052248009866577,(1051.1673035408821-419.6930593507558j)
15962,-0.10516874089023433,(99.6008432032915+893.8878013486409j)
15963,-0.10511268079381096,(1138.1813528244588+30.932544459234748j)
15964,-0.1050566206973876,(-232.8302710145282+101.87463945866156j)
15965,-0.10500056060096423,(-495.87556732139825+188.8470435394385j)
15966,-0.10494450050454086,(-753.29041158444-26.29169076142496j)
15967,-0.1048884404081175,(875.1676642668081+563.5686189512484j)
15968,-0.10483238031169413,(-299.0059465348382+645.3830443601779j)
15969,-0.10477632021527077,(-481.1453241086849-803.4210800298603j)
15970,-0.1047202601188474,(497.59288880543795+682.4107035249482j)
15971,-0.10466420002242403,(-322.1480331255032-201.63046296004262j)
15972,-0.10460813992600067,(98.88196700877637+814.6807025713315j)
15973,-0.1045520798295773,(-365.85488741502724-1142.530145580667j)
15974,-0.10449601973315394,(-690.2659641098486-1088.5296962808172j)
15975,-0.10443995963673057,(-697.3103096540415-282.05238831930035j)
15976,-0.1043838995403072,(598.6241935858676-272.5604005060371j)
15977,-0.10432783944388384,(380.4740378212774+510.59701703119765j)
15978,-0.10427177934746047,(362.3066257020338+78.38482476206057j)
15979,-0.1042157192510371,(-226.22313050176984+12.983152853144347j)
15980,-0.10415965915461374,(952.9378302411233-529.8468045653832j)
15981,-0.10410359905819037,(-619.5150504812914-71.93064791872195j)
15982,-0.10404753896176702,(-413.8724762859614-568.4183851620492j)
15983,-0.10399147886534366,(-153.0915998176068+516.019200020141j)
15984,-0.10393541876892029,(365.2603878056824+1230.4583437418912j)
15985,-0.10387935867249692,(-934.2828813013145+31.863005093435312j)
15986,-0.10382329857607356,(-254.98332977941476-576.7678638750255j)
15987,-0.10376723847965019,(-400.9816963845942+316.35934627804494j)
15988,-0.10371117838322683,(-414.08405401489466-283.2020084714918j)
15989,-0.10365511828680346,(-1002.0306356841179-927.7313432455971j)
15990,-0.1035990581903801,(-765.1969596930435+1430.241661608334j)
15991,-0.10354299809395673,(-539.6955844716837+1129.8605237526067j)
15992,-0.10348693799753336,(-309.5109862839653+962.9142818151557j)
15993,-0.10343087790111,(-223.60483772484363+448.9649899124054j)
15994,-0.10337481780468663,(109.22095050350077+321.1361261477667j)
15995,-0.10331875770826326,(-0.27897669522141655+140.2964312619143j)
15996,-0.1032626976118399,(-513.6691058142965-72.32312670233105j)
15997,-0.10320663751541653,(684.9169833359447+329.80362436826255j)
15998,-0.10315057741899317,(485.02875208532635+2.1260860350995188j)
15999,-0.1030945173225698,(502.62468366621533-256.51250481741226j)
16000,-0.10303845722614643,(-603.5080689045737-511.9051538278628j)
16001,-0.10298239712972307,(578.8234149707296-284.83157839140085j)
16002,-0.1029263370332997,(-147.7605778148041+938.8218202176245j)
16003,-0.10287027693687634,(29.75460917831782+661.6861628554984j)
16004,-0.10281421684045297,(658.7792278208352-122.48247392812746j)
16005,-0.1027581567440296,(-407.8802580062687+966.3045988657834j)
16006,-0.10270209664760624,(607.0325184924098+85.68095744822222j)
16007,-0.10264603655118287,(-394.03827920062474-76.78505659077179j)
16008,-0.10258997645475951,(225.22497796293078+39.097991452242866j)
16009,-0.10253391635833614,(550.0276651910453-359.1746869836981j)
16010,-0.10247785626191278,(504.44255945159654+426.3987644037586j)
16011,-0.10242179616548941,(1360.9607076717482+277.07860245979936j)
16012,-0.10236573606906604,(221.05773932317095-169.2415385543842j)
16013,-0.10230967597264268,(297.2033878620372-336.65399449263384j)
16014,-0.10225361587621931,(-1018.6061987862502-121.70653002407852j)
16015,-0.10219755577979595,(87.8024385381843+361.86325992429494j)
16016,-0.10214149568337258,(95.72127949975138+98.78586626082414j)
16017,-0.10208543558694921,(222.7560609235594+819.8396515802542j)
16018,-0.10202937549052585,(814.25059816501-270.0905400802826j)
16019,-0.10197331539410248,(166.7046116338564+703.097188544145j)
16020,-0.10191725529767912,(-20.387156354054525-610.578335685185j)
16021,-0.10186119520125575,(-312.61107946607456+394.33885682196615j)
16022,-0.10180513510483238,(16.734292348998963+545.8577796039561j)
16023,-0.10174907500840902,(679.6886321826041-815.8197576724536j)
16024,-0.10169301491198565,(-172.18138100047557+923.2359282883608j)
16025,-0.10163695481556229,(358.37251786476554+296.11082836647546j)
16026,-0.10158089471913892,(265.93517394563776+270.22770847311403j)
16027,-0.10152483462271555,(-191.41437304078542+561.5810485975366j)
16028,-0.10146877452629219,(-786.6920872057427+895.1235412972319j)
16029,-0.10141271442986882,(801.6482348234218+102.60957363277883j)
16030,-0.10135665433344546,(-1108.755789292671+820.4873293728697j)
16031,-0.10130059423702209,(-138.80735763484617-7.3790179859744285j)
16032,-0.10124453414059872,(133.44012610594496-653.6038357943988j)
16033,-0.10118847404417536,(-27.192690902667792+304.149700777847j)
16034,-0.10113241394775199,(-63.65732375203775+81.69777480269977j)
16035,-0.10107635385132863,(753.8908800581216+134.24700593015746j)
16036,-0.10102029375490526,(-146.05980794522083+978.326694075356j)
16037,-0.1009642336584819,(341.9058727358853+1048.3931896998638j)
16038,-0.10090817356205853,(-1147.1065571062845+171.47180106662012j)
16039,-0.10085211346563516,(-808.7803714780617+576.4548794541826j)
16040,-0.1007960533692118,(-1222.079317128861-610.0746677987383j)
16041,-0.10073999327278843,(-268.4122590103326+78.95811166882689j)
16042,-0.10068393317636506,(-110.3369715052649-568.9118506434589j)
16043,-0.1006278730799417,(-531.0311330762346-434.2557117212487j)
16044,-0.10057181298351833,(85.71779904327823+120.38745538858925j)
16045,-0.10051575288709497,(-519.3511356714695-352.715657363173j)
16046,-0.1004596927906716,(-209.48652587624596-188.21858821745636j)
16047,-0.10040363269424823,(-124.96279903528377-232.80037340203012j)
16048,-0.10034757259782487,(817.3556650702118-80.02880661832953j)
16049,-0.1002915125014015,(396.80945670488944-270.4431513799875j)
16050,-0.10023545240497814,(787.7568359346931+585.3019899624222j)
16051,-0.10017939230855477,(-102.68856330868556+520.3435441358483j)
16052,-0.1001233322121314,(-864.3960684690612+1008.483653657133j)
16053,-0.10006727211570804,(62.776632326814386-32.67095792217669j)
16054,-0.10001121201928467,(-520.120509435959-289.7859016265594j)
16055,-0.09995515192286131,(116.16898077654092-331.7104270235633j)
16056,-0.09989909182643794,(-574.6588105251562-1089.2509573251023j)
16057,-0.09984303173001458,(537.4566943564297-736.5820579390275j)
16058,-0.09978697163359121,(876.8781057634054-473.14899506908887j)
16059,-0.09973091153716784,(-337.1763657850636-635.0815699793372j)
16060,-0.09967485144074448,(823.3220363082681-641.3302571174646j)
16061,-0.09961879134432111,(-596.4095630474859-1444.6969316556622j)
16062,-0.09956273124789775,(-209.55248952756816-231.5664494524637j)
16063,-0.09950667115147438,(531.4121925332769-365.5707873684866j)
16064,-0.09945061105505101,(-286.88893859218-472.4424433438099j)
16065,-0.09939455095862765,(-60.98020795377289-851.6530069567768j)
16066,-0.09933849086220428,(36.11205969936873+79.25845583553154j)
16067,-0.09928243076578092,(-61.8079924857906+57.408163430781805j)
16068,-0.09922637066935755,(289.21531592097557+453.27966338734j)
16069,-0.09917031057293418,(633.391744397188+245.47570399126135j)
16070,-0.09911425047651082,(42.120560491583774-30.745407748968614j)
16071,-0.09905819038008745,(363.4609521763323+878.5241691456314j)
16072,-0.09900213028366409,(-112.86824590134732-35.07578812022271j)
16073,-0.09894607018724072,(-754.8361692446908+180.6220169685481j)
16074,-0.09889001009081735,(95.71971476965321-69.94326932309119j)
16075,-0.09883394999439399,(-261.1488469238002-38.81735890962533j)
16076,-0.09877788989797062,(185.9404519590792+446.92475644563285j)
16077,-0.09872182980154726,(-106.74188402466413-668.1460246065265j)
16078,-0.09866576970512389,(509.9596926600126+388.0703073310019j)
16079,-0.09860970960870052,(-1423.140688039621+69.85370883803367j)
16080,-0.09855364951227716,(-257.0280052568461-507.46636936002506j)
16081,-0.09849758941585379,(1225.6883979276627-377.53165782957035j)
16082,-0.09844152931943043,(138.1577619328105-376.861496540347j)
16083,-0.09838546922300706,(829.4091549234527+0.057704988719194716j)
16084,-0.0983294091265837,(354.3802411832862+104.161739280803j)
16085,-0.09827334903016033,(-911.9474882174948-1185.2270074975133j)
16086,-0.09821728893373696,(340.7617801273985+80.21691033645128j)
16087,-0.0981612288373136,(504.27190741048634-268.8633870417316j)
16088,-0.09810516874089023,(-477.93773457442023+199.54517068447984j)
16089,-0.09804910864446686,(-423.98563776870424+829.329935053588j)
16090,-0.0979930485480435,(-1277.36139895122-525.8820868454025j)
16091,-0.09793698845162013,(59.104951771847865-63.40039060168054j)
16092,-0.09788092835519677,(-1389.8596447858945+1730.2705531872843j)
16093,-0.0978248682587734,(-468.3277986815526+901.537339041128j)
16094,-0.09776880816235003,(-683.0508880575834-3.9865366532792805j)
16095,-0.09771274806592667,(-660.0615401666539+431.1210996968024j)
16096,-0.0976566879695033,(-340.03219803381154-646.9537809123094j)
16097,-0.09760062787307994,(-380.5095203882168-199.7100356445183j)
16098,-0.09754456777665657,(924.2298238427446+302.40879605963806j)
16099,-0.0974885076802332,(-203.0435373557454+717.2287018701578j)
16100,-0.09743244758380984,(-63.56088270570817+313.13525221684074j)
16101,-0.09737638748738647,(-448.6563177144508+316.71613759360434j)
16102,-0.09732032739096311,(344.27168458225043+471.16785233742075j)
16103,-0.09726426729453974,(873.9321766777484+61.691456620492204j)
16104,-0.09720820719811638,(-1296.231712298873-47.038996830212j)
16105,-0.09715214710169301,(53.982860230974154-460.4188416214554j)
16106,-0.09709608700526964,(-401.8782120607386+342.8619331874391j)
16107,-0.09704002690884628,(412.12865897891356+28.595557238940085j)
16108,-0.09698396681242291,(24.859906677056955-233.16155748492724j)
16109,-0.09692790671599955,(1324.3068445589106+361.9571252018196j)
16110,-0.09687184661957618,(-270.44375119664556-1711.175456022839j)
16111,-0.09681578652315283,(-124.10970777779502-594.940913689022j)
16112,-0.09675972642672946,(-605.6332244952722+1258.4800877260043j)
16113,-0.0967036663303061,(-1234.5954742721756+658.1495650702627j)
16114,-0.09664760623388273,(288.2896494800502+90.4292755034999j)
16115,-0.09659154613745936,(456.84299184150615-375.5312625831321j)
16116,-0.096535486041036,(-1325.2109698364416-139.02512442330726j)
16117,-0.09647942594461263,(421.2243447938326-0.395461243594859j)
16118,-0.09642336584818927,(-605.2309736083972+699.6750201918838j)
16119,-0.0963673057517659,(632.9336665919404+1556.3028486598073j)
16120,-0.09631124565534253,(-1101.1780607272806+371.87494083933717j)
16121,-0.09625518555891917,(-127.08182662074535-676.8422516991035j)
16122,-0.0961991254624958,(-1379.53263922602-1401.701444205881j)
16123,-0.09614306536607244,(608.5295531175316-901.5999820045894j)
16124,-0.09608700526964907,(-49.25820333814018-6.809662306966548j)
16125,-0.0960309451732257,(117.67416574908604+545.5505968340907j)
16126,-0.09597488507680234,(-489.29163152172805-157.58703125350854j)
16127,-0.09591882498037897,(618.2879429386107+336.9278755811108j)
16128,-0.0958627648839556,(-180.78863943524837+19.521296212711455j)
16129,-0.09580670478753224,(-295.7871077263996+3.563280414907041j)
16130,-0.09575064469110887,(379.6828464075303+445.78031057942695j)
16131,-0.09569458459468551,(539.9765157503554+626.9507903567082j)
16132,-0.09563852449826214,(1524.1181257720727+60.30545301262066j)
16133,-0.09558246440183878,(246.9774160138368-467.207345827833j)
16134,-0.09552640430541541,(160.17750620223242-400.74143472296174j)
16135,-0.09547034420899204,(505.1398772024172-1172.2505532438279j)
16136,-0.09541428411256868,(686.4973633413512+930.9807551544202j)
16137,-0.09535822401614531,(-52.91598412675896-271.0884584219583j)
16138,-0.09530216391972195,(-274.0996515983486+718.2890531500256j)
16139,-0.09524610382329858,(-673.5951801724651-1605.6183147602437j)
16140,-0.09519004372687521,(770.6341272147378-1231.1407015982784j)
16141,-0.09513398363045185,(-1619.5179356133044-38.88296739875534j)
16142,-0.09507792353402848,(-712.6304619417713+147.03855952412454j)
16143,-0.09502186343760512,(53.36411708945674+7.34181772379476j)
16144,-0.09496580334118175,(-583.1817671295538+1475.145300847175j)
16145,-0.09490974324475838,(26.57449482379542+993.9999190826751j)
16146,-0.09485368314833502,(-203.44451765824226-195.98020821265413j)
16147,-0.09479762305191165,(-864.9763033219581+742.4409354301573j)
16148,-0.09474156295548829,(627.0424772695751+571.5798727544642j)
16149,-0.09468550285906492,(-472.9093441150571+466.69972820139856j)
16150,-0.09462944276264156,(542.8074061892585+303.35357352406675j)
16151,-0.09457338266621819,(429.5127850064209+1406.5233925921425j)
16152,-0.09451732256979482,(-69.89886509122255+1535.9055062725788j)
16153,-0.09446126247337146,(-936.4248865982627-618.6999898715897j)
16154,-0.09440520237694809,(88.8507160071059-644.7117464631206j)
16155,-0.09434914228052473,(813.3967366734043+625.3566359845445j)
16156,-0.09429308218410136,(-243.6551091807528-903.895778696102j)
16157,-0.094237022087678,(516.3997879663382+196.8208492062939j)
16158,-0.09418096199125463,(249.83299268313186+189.95470068771237j)
16159,-0.09412490189483126,(428.6525178021351-89.88015521747639j)
16160,-0.0940688417984079,(781.158635843306-358.7616295127607j)
16161,-0.09401278170198453,(-300.09906335978656+482.7090314446627j)
16162,-0.09395672160556116,(-312.0025531721147+684.973799733249j)
16163,-0.0939006615091378,(265.1699405810202-56.98302358438224j)
16164,-0.09384460141271443,(-355.3393235379377-531.945388474227j)
16165,-0.09378854131629107,(53.912661706549414+643.18539553943j)
16166,-0.0937324812198677,(832.8795900370197-224.15891669656054j)
16167,-0.09367642112344433,(-49.70817984466551-441.0766318957641j)
16168,-0.09362036102702097,(-32.81417288287683+132.54379319698026j)
16169,-0.0935643009305976,(77.27963427491311-216.57026931130565j)
16170,-0.09350824083417424,(523.332379014274+341.8324666477621j)
16171,-0.09345218073775087,(-499.07614840443114-467.97600565719097j)
16172,-0.0933961206413275,(-1106.3064836295207-338.2550825948788j)
16173,-0.09334006054490414,(1126.645998013608-320.0179519762685j)
16174,-0.09328400044848077,(400.3163398362986+496.71277247458715j)
16175,-0.0932279403520574,(-575.3373426157846+691.6195216691982j)
16176,-0.09317188025563404,(211.0439919413542+774.0843508595444j)
16177,-0.09311582015921067,(-559.639177471326-139.47793138496357j)
16178,-0.09305976006278731,(-1007.528337853043-323.8122003729381j)
16179,-0.09300369996636394,(-163.70135071807593-459.4437068280771j)
16180,-0.09294763986994058,(421.30979876000436+657.3571367839652j)
16181,-0.09289157977351721,(-51.02696052482116-350.3201569877944j)
16182,-0.09283551967709384,(517.2173439672218-895.1634417393042j)
16183,-0.09277945958067048,(-61.70014551172325+535.6129441058632j)
16184,-0.09272339948424711,(589.2560819087405-513.6133398876865j)
16185,-0.09266733938782375,(-255.40242463925102+405.90664861893634j)
16186,-0.09261127929140038,(665.04684413157-964.9201430716582j)
16187,-0.09255521919497701,(527.5639994715864+875.5598186982736j)
16188,-0.09249915909855365,(-1201.8125390947027+527.81378030852j)
16189,-0.09244309900213028,(-938.0073373428406+429.2982447429306j)
16190,-0.09238703890570692,(827.0489273547246+293.3819469911181j)
16191,-0.09233097880928355,(83.01331404435055-288.48776426887804j)
16192,-0.09227491871286018,(-436.2114826033901-2082.2058693692893j)
16193,-0.09221885861643682,(-518.5702408381904+727.9335371293582j)
16194,-0.09216279852001345,(-429.2102019595197+995.8248083460928j)
16195,-0.09210673842359009,(620.7417321618044-608.784349564647j)
16196,-0.09205067832716672,(-1303.2038100710663+17.647051143131023j)
16197,-0.09199461823074336,(577.5580721125459+171.1233805596648j)
16198,-0.09193855813431999,(547.6916666051271-441.1866924052898j)
16199,-0.09188249803789662,(157.12320435508008+281.15942011701287j)
16200,-0.09182643794147326,(-256.66553161397076+521.8283468351801j)
16201,-0.09177037784504989,(-548.978410768078+23.788562989184697j)
16202,-0.09171431774862653,(-313.32531617542116-265.30406835058295j)
16203,-0.09165825765220316,(1100.1684704356212+51.030249818396555j)
16204,-0.0916021975557798,(563.5123553927947+319.28422567178j)
16205,-0.09154613745935643,(300.1162550168277-970.2049001476611j)
16206,-0.09149007736293306,(829.8018352261979+52.5820174215126j)
16207,-0.0914340172665097,(-1041.7839294986175-540.557491496117j)
16208,-0.09137795717008633,(256.3185510637308+178.11273962073946j)
16209,-0.09132189707366296,(284.40549307461004-177.2131079238547j)
16210,-0.0912658369772396,(-210.19805483414171-856.1795795986029j)
16211,-0.09120977688081623,(-1098.6651126278769+1265.582238881527j)
16212,-0.09115371678439287,(-25.432508813751213+631.6428396634758j)
16213,-0.0910976566879695,(-828.6383364836171-700.1692614081545j)
16214,-0.09104159659154613,(-284.8133778548461+814.7569932932244j)
16215,-0.09098553649512277,(1048.5289703459316+304.6620857908008j)
16216,-0.0909294763986994,(-456.20970588438485-38.01464867568254j)
16217,-0.09087341630227604,(681.2575114928212+508.2557147333961j)
16218,-0.09081735620585267,(1030.1681557417014+362.15936014766766j)
16219,-0.0907612961094293,(-313.7165152199667+459.9558523456441j)
16220,-0.09070523601300594,(-394.3578945307008-1053.8494537866673j)
16221,-0.09064917591658257,(126.36804692545624+690.6752449947711j)
16222,-0.0905931158201592,(527.3959307247778-79.52182239161519j)
16223,-0.09053705572373584,(692.1624806345332-659.1740514185962j)
16224,-0.09048099562731247,(-746.661990709134-858.7276358665509j)
16225,-0.09042493553088911,(-668.3576280483353-173.58472032886385j)
16226,-0.09036887543446574,(-1144.7791927927783-819.743702926974j)
16227,-0.09031281533804238,(-214.67555781900612+909.8059431877357j)
16228,-0.09025675524161901,(94.76558947654877+362.42757420104203j)
16229,-0.09020069514519564,(959.3146890608352+498.97829948456246j)
16230,-0.09014463504877228,(-274.801760360853+405.72580538853833j)
16231,-0.09008857495234891,(803.7203666125924-561.0175831064154j)
16232,-0.09003251485592555,(-50.27804399734492-775.2243436801135j)
16233,-0.08997645475950218,(125.58097754869584+1073.081293812805j)
16234,-0.08992039466307881,(159.98711727867055-108.03771440539425j)
16235,-0.08986433456665545,(-473.9496523926131+363.65444434005053j)
16236,-0.08980827447023208,(-29.09488872525712+353.0482629736199j)
16237,-0.08975221437380872,(-522.1525342729668-94.88080645647301j)
16238,-0.08969615427738536,(-551.3855588141822+172.77518153493912j)
16239,-0.089640094180962,(160.15419972129996+821.3384131089499j)
16240,-0.08958403408453863,(421.1468292494426+266.3276528609805j)
16241,-0.08952797398811527,(-1340.6023525099297-1052.51255546534j)
16242,-0.0894719138916919,(-261.8749367847028-1015.0289297809518j)
16243,-0.08941585379526854,(-605.061950807078-22.606748916829474j)
16244,-0.08935979369884517,(-515.8228864137947+144.4468703195916j)
16245,-0.0893037336024218,(-1051.804580062939-19.805542461932873j)
16246,-0.08924767350599844,(166.2998660599853+543.3045194602819j)
16247,-0.08919161340957507,(859.7826332886873+13.84913393445666j)
16248,-0.0891355533131517,(-625.547264812735-202.9345385785014j)
16249,-0.08907949321672834,(412.8203821623984+685.6016915510234j)
16250,-0.08902343312030497,(299.9307421144532-209.20692470261574j)
16251,-0.08896737302388161,(-882.692534147905-395.8381396161646j)
16252,-0.08891131292745824,(960.4124413622596+559.2798544490906j)
16253,-0.08885525283103488,(494.55759304199296+196.85766128801998j)
16254,-0.08879919273461151,(-436.36244110352783+1210.752323479197j)
16255,-0.08874313263818814,(442.84072623762825-431.5298453268661j)
16256,-0.08868707254176478,(329.0926153132739+344.9240628571479j)
16257,-0.08863101244534141,(529.2832316427211-37.430262960751634j)
16258,-0.08857495234891805,(783.6029833565422-686.5418026420898j)
16259,-0.08851889225249468,(-77.47254576674527-500.056639371969j)
16260,-0.08846283215607131,(-535.0087354077689-178.35372488045243j)
16261,-0.08840677205964795,(-490.5334841172281+561.5371313868576j)
16262,-0.08835071196322458,(-575.6112244415884-1161.0884145917664j)
16263,-0.08829465186680122,(450.43898490310687+840.1358554740476j)
16264,-0.08823859177037785,(622.638787725331-1246.1133703918254j)
16265,-0.08818253167395448,(-29.767813449998584-1666.4329814792725j)
16266,-0.08812647157753112,(-10.498624637178171+62.06909553960478j)
16267,-0.08807041148110775,(939.121776920682+739.028667163641j)
16268,-0.08801435138468439,(-438.6103677094052+999.4253008522663j)
16269,-0.08795829128826102,(-94.68610981733515-248.3697601693536j)
16270,-0.08790223119183765,(-49.452538188885825+612.3397588834928j)
16271,-0.08784617109541429,(666.1885770740885+680.5779214812349j)
16272,-0.08779011099899092,(312.15975071592766-1439.0949551754009j)
16273,-0.08773405090256756,(924.7205840487152-1569.373957970559j)
16274,-0.08767799080614419,(37.10240016229531-167.63625183396235j)
16275,-0.08762193070972082,(-194.7683854326844-927.5973677693518j)
16276,-0.08756587061329746,(-1018.9757353616311+1292.7769186375697j)
16277,-0.08750981051687409,(-179.3031905199502+910.7188644155719j)
16278,-0.08745375042045073,(109.81009037995878-899.9388485289403j)
16279,-0.08739769032402736,(-618.3146500637038+725.4903609845334j)
16280,-0.087341630227604,(-62.28890963808159-557.9427229633628j)
16281,-0.08728557013118063,(-178.135157679345-110.62695592233834j)
16282,-0.08722951003475726,(-1588.7055335884568+1668.6296600271025j)
16283,-0.0871734499383339,(-220.65112436841721+473.9970795713207j)
16284,-0.08711738984191053,(-1155.3693010979289+502.0418134474355j)
16285,-0.08706132974548716,(48.563388382708595+94.95810695227854j)
16286,-0.0870052696490638,(-212.69160660309817-724.6070333032569j)
16287,-0.08694920955264043,(427.9417282386026-468.1263028159635j)
16288,-0.08689314945621707,(449.45159646484024-1506.8270188901402j)
16289,-0.0868370893597937,(1294.4098496788545-534.4437685110427j)
16290,-0.08678102926337034,(-765.3417363802088-773.6486873505884j)
16291,-0.08672496916694697,(-742.0914107970732-1176.914715968008j)
16292,-0.0866689090705236,(141.5995513486992-734.1509060282613j)
16293,-0.08661284897410024,(-420.4542976757048-154.32816853582528j)
16294,-0.08655678887767687,(-250.58460188805128+807.2911212735069j)
16295,-0.0865007287812535,(-158.8578461827862+227.44755430350682j)
16296,-0.08644466868483014,(365.65418003905944+343.76355732339493j)
16297,-0.08638860858840677,(34.58746222232452+918.0690113107385j)
16298,-0.08633254849198341,(-600.7304774335958+30.73426293408299j)
16299,-0.08627648839556004,(62.40503630112394+14.092394080958709j)
16300,-0.08622042829913668,(-275.5872905745526+114.542012868037j)
16301,-0.08616436820271331,(-348.35723245021006-559.4850361961177j)
16302,-0.08610830810628994,(391.3675068047572-92.89666204542576j)
16303,-0.08605224800986658,(-166.8774784618944-698.9810390453616j)
16304,-0.08599618791344321,(405.0741318649947-1648.4161100010049j)
16305,-0.08594012781701985,(-253.9840665099984+785.1104293966309j)
16306,-0.08588406772059648,(398.1645223816761-582.883286620789j)
16307,-0.08582800762417311,(990.2922006959095-157.56116070916562j)
16308,-0.08577194752774975,(-10.621981047044066+82.14105887850506j)
16309,-0.08571588743132638,(377.20629384682593-217.79006229462925j)
16310,-0.08565982733490302,(-1206.0701668538602-105.51051831674943j)
16311,-0.08560376723847965,(124.20091732610183-1093.6249782141917j)
16312,-0.08554770714205628,(-490.43530693282116+605.8481381192873j)
16313,-0.08549164704563292,(-42.55459760070323-1539.5703086275053j)
16314,-0.08543558694920955,(91.09814877403574-1302.046606376674j)
16315,-0.08537952685278619,(-225.53560333551945-749.9083185819751j)
16316,-0.08532346675636282,(396.16333192645106+167.22859022992046j)
16317,-0.08526740665993945,(-716.446974268296+429.884513976684j)
16318,-0.08521134656351609,(-924.0728463268674+1594.7893981450884j)
16319,-0.08515528646709272,(-436.1369616570372-406.8107913039904j)
16320,-0.08509922637066936,(-759.4381917564735-449.017193453754j)
16321,-0.08504316627424599,(1629.3404738312665-567.3845657838536j)
16322,-0.08498710617782262,(1139.0099276154915-125.0934426586129j)
16323,-0.08493104608139926,(-1237.709147169401-87.75984871135745j)
16324,-0.08487498598497589,(-236.222958186115-600.6659152458462j)
16325,-0.08481892588855253,(684.9004793685934+472.35514699721637j)
16326,-0.08476286579212916,(529.7367547465412-785.686347924692j)
16327,-0.0847068056957058,(477.57005150685916-609.4526148714202j)
16328,-0.08465074559928243,(-517.442117705978-710.9677703461022j)
16329,-0.08459468550285906,(-171.37225842295828-97.69577582496481j)
16330,-0.0845386254064357,(-415.0668527899413+21.406467717813022j)
16331,-0.08448256531001233,(-1187.4001039854388+184.1702631979026j)
16332,-0.08442650521358896,(-794.1247880206863+424.9315345397835j)
16333,-0.0843704451171656,(-391.09288460166306+739.9166762118365j)
16334,-0.08431438502074223,(-910.3085761514664+790.1060576912754j)
16335,-0.08425832492431887,(539.3043405178862-46.88088347561606j)
16336,-0.0842022648278955,(-476.42146939938175-1398.73857950668j)
16337,-0.08414620473147214,(858.4304000113461+1367.5801092426182j)
16338,-0.08409014463504877,(-119.52738915075372-658.3215428965755j)
16339,-0.0840340845386254,(441.70103358639943+495.5745847391456j)
16340,-0.08397802444220204,(180.3374988080891-154.04417387157588j)
16341,-0.08392196434577867,(673.8203586406739-1114.4919893469971j)
16342,-0.0838659042493553,(-836.6198218405253+53.31751317855034j)
16343,-0.08380984415293194,(-348.0527192788927-843.5559909118512j)
16344,-0.08375378405650857,(107.25276290392787-527.1884237986906j)
16345,-0.08369772396008521,(639.5973543429637-486.468828783269j)
16346,-0.08364166386366184,(-823.4758510974051+1559.2094210182113j)
16347,-0.08358560376723848,(433.4211567795516-575.821859517553j)
16348,-0.08352954367081511,(-292.6128915038368-296.5602968208863j)
16349,-0.08347348357439174,(1026.9764507034602+1101.7730307769252j)
16350,-0.08341742347796838,(64.05885463660638-469.11298446699345j)
16351,-0.08336136338154501,(-682.7052559317041+537.0247232854515j)
16352,-0.08330530328512165,(-460.85580995262825-338.3197060168618j)
16353,-0.08324924318869828,(1075.0655747215599-412.7650372672104j)
16354,-0.08319318309227491,(-1212.3889145371966-618.9713284787764j)
16355,-0.08313712299585155,(927.2771936840293-1200.7733915740419j)
16356,-0.08308106289942818,(-371.9209001484841+258.96086346253384j)
16357,-0.08302500280300482,(273.1620678807181+368.27876814619185j)
16358,-0.08296894270658145,(111.65471749641267+509.27193230979026j)
16359,-0.08291288261015808,(-204.59002256132365+469.54389668869305j)
16360,-0.08285682251373472,(-57.01380231221104+468.04165126149303j)
16361,-0.08280076241731135,(-820.0981092110617+81.7448735971347j)
16362,-0.08274470232088799,(-907.1964197379536-795.7352286560819j)
16363,-0.08268864222446462,(527.4568385791117-465.3769013001752j)
16364,-0.08263258212804125,(776.7737345847995+418.3916182248556j)
16365,-0.08257652203161789,(1030.2456217621923+365.0316802018983j)
16366,-0.08252046193519452,(139.4744318043933-812.3525573038129j)
16367,-0.08246440183877117,(-245.3825876228194-518.4705336790157j)
16368,-0.0824083417423478,(820.9191835833623+103.83229669239034j)
16369,-0.08235228164592444,(-697.0912716124897-524.5160390272706j)
16370,-0.08229622154950107,(-600.6008430778443+63.98799748147934j)
16371,-0.0822401614530777,(37.64714682800444+370.35284501512706j)
16372,-0.08218410135665434,(-243.27930557376126-585.753732113217j)
16373,-0.08212804126023097,(-539.0785258328825-448.2094819060312j)
16374,-0.08207198116380761,(623.7488226595322+588.3999213315395j)
16375,-0.08201592106738424,(-280.88437713549+456.1997913426712j)
16376,-0.08195986097096088,(-7.883872252988056-635.2183929112252j)
16377,-0.08190380087453751,(476.36696348397356-494.4947017820108j)
16378,-0.08184774077811414,(-355.9314102399091+62.99235729601113j)
16379,-0.08179168068169078,(48.40255780427762+326.1337135196265j)
16380,-0.08173562058526741,(-400.1734424001247-649.3550417728148j)
16381,-0.08167956048884405,(515.5004187840761-318.9239873465183j)
16382,-0.08162350039242068,(-184.83722756994757+430.44169614212996j)
16383,-0.08156744029599731,(171.81691492755152+537.7497245411134j)
16384,-0.08151138019957395,(-427.04774008085667+1055.144917369371j)
16385,-0.08145532010315058,(-100.20467091938804+50.462420392574856j)
16386,-0.08139926000672722,(96.2851021813041+649.9172509884604j)
16387,-0.08134319991030385,(686.0851964088002-1114.4828026920131j)
16388,-0.08128713981388049,(-278.86195412005026+589.4159937466272j)
16389,-0.08123107971745712,(-209.30890105381337+772.9933743880902j)
16390,-0.08117501962103375,(-185.91411003745606-943.2112416740883j)
16391,-0.08111895952461039,(-85.02188776355733-36.774519746346016j)
16392,-0.08106289942818702,(1081.6267164156484-615.6114768240009j)
16393,-0.08100683933176366,(-480.16796051422347-340.34299904919345j)
16394,-0.08095077923534029,(93.90261110053777-886.8049283021035j)
16395,-0.08089471913891692,(-636.2202802870511-465.36242141410787j)
16396,-0.08083865904249356,(86.10024174845276+344.4384313742351j)
16397,-0.08078259894607019,(266.91705497983037-421.32286354216126j)
16398,-0.08072653884964683,(-303.17069482017723+619.3906539602135j)
16399,-0.08067047875322346,(-73.58983242751708+1525.7138198757912j)
16400,-0.0806144186568001,(688.3221846801074+458.75324155946646j)
16401,-0.08055835856037673,(224.08236930165396-35.312698613455325j)
16402,-0.08050229846395336,(-293.4708900782383-473.5363821341932j)
16403,-0.08044623836753,(-1223.3431848225734-282.3613864072127j)
16404,-0.08039017827110663,(672.7255017266002-1332.6096175993887j)
16405,-0.08033411817468326,(-1132.551710056663-574.8177511074907j)
16406,-0.0802780580782599,(99.38915668277224-228.62760502770053j)
16407,-0.08022199798183653,(133.64339364303032-1041.8106544291197j)
16408,-0.08016593788541317,(328.3612335273083-627.8138468563196j)
16409,-0.0801098777889898,(162.63083914744652-1099.0319893902347j)
16410,-0.08005381769256643,(-693.8134159991678-1266.767742222184j)
16411,-0.07999775759614307,(-1385.6298353581606-95.8786781872127j)
16412,-0.0799416974997197,(502.2475831178478+42.680206275440014j)
16413,-0.07988563740329634,(81.90618215077276+515.5853698274956j)
16414,-0.07982957730687297,(-1033.7075045411075+503.4272788407156j)
16415,-0.0797735172104496,(635.746452798911-88.27114511808917j)
16416,-0.07971745711402624,(-92.71212360466234-981.5207911865579j)
16417,-0.07966139701760287,(260.75523426783474-884.0877497349577j)
16418,-0.0796053369211795,(-1092.3427315774866+676.4382895190749j)
16419,-0.07954927682475614,(269.6073328325247-1529.0206376222754j)
16420,-0.07949321672833277,(-93.30681183256348-362.3042546557351j)
16421,-0.07943715663190941,(533.5973903576213-77.0083551325139j)
16422,-0.07938109653548604,(380.9287702237937-160.73109569652559j)
16423,-0.07932503643906268,(-1023.9856139074687+319.48662980318966j)
16424,-0.07926897634263931,(-341.20762035379846-177.48117170945426j)
16425,-0.07921291624621594,(232.90783767147752-603.17757587704j)
16426,-0.07915685614979258,(-152.77356303448823+672.8473151377568j)
16427,-0.07910079605336921,(-72.16707817739433-392.6580423625657j)
16428,-0.07904473595694585,(-836.5167472707484+232.1016703255442j)
16429,-0.07898867586052248,(-246.1777604708093-244.48182014895912j)
16430,-0.07893261576409911,(123.51470697384346+167.73578015400145j)
16431,-0.07887655566767575,(-104.22607940653202-363.2861496128479j)
16432,-0.07882049557125238,(749.166081695415-173.06311223382465j)
16433,-0.07876443547482902,(-456.8467511264864-299.0180319270456j)
16434,-0.07870837537840565,(455.2918486338178-236.487489157375j)
16435,-0.07865231528198229,(418.10135351357803+473.94354689466286j)
16436,-0.07859625518555892,(467.86547589951863+175.0476577575786j)
16437,-0.07854019508913555,(234.2005941012689-189.16892755792387j)
16438,-0.07848413499271219,(-288.53765389938997-704.0459289230923j)
16439,-0.07842807489628882,(-178.63886512908425+320.48078414959184j)
16440,-0.07837201479986546,(37.27201776565019-540.7595895889415j)
16441,-0.07831595470344209,(538.935455933635+511.1922790193295j)
16442,-0.07825989460701872,(-64.1788186366324+1129.318513057136j)
16443,-0.07820383451059536,(-320.38249950858807+415.54907428937554j)
16444,-0.07814777441417199,(-227.22686106423663-160.92340935398846j)
16445,-0.07809171431774863,(-137.5588872656044+76.40546204622595j)
16446,-0.07803565422132526,(-59.3761148177888-479.84961601338506j)
16447,-0.0779795941249019,(-672.0715623670454-556.532253400173j)
16448,-0.07792353402847853,(-228.8135496311554+431.2784119054181j)
16449,-0.07786747393205516,(309.19951161374746+1304.714940625411j)
16450,-0.0778114138356318,(253.34830446860155+446.5460350260555j)
16451,-0.07775535373920843,(-5.556984744006854-691.9952753830678j)
16452,-0.07769929364278506,(-234.73597078076213-304.7713857158984j)
16453,-0.0776432335463617,(89.00367660948349-757.096357722581j)
16454,-0.07758717344993833,(-557.1945976413496-26.51933936978287j)
16455,-0.07753111335351497,(-94.98905334323348-76.46671440305803j)
16456,-0.0774750532570916,(80.47816511935983+562.8219840020898j)
16457,-0.07741899316066823,(-327.63594728358186-363.5416719265014j)
16458,-0.07736293306424487,(925.1988200668782+492.78770086050696j)
16459,-0.0773068729678215,(863.3539396201667-1331.734482616716j)
16460,-0.07725081287139814,(-276.0329643962606-343.86348967517023j)
16461,-0.07719475277497477,(-76.4867872262286+13.014128616416222j)
16462,-0.0771386926785514,(360.92235423780687-287.23947723775075j)
16463,-0.07708263258212804,(-562.2732593454097+359.75170414290676j)
16464,-0.07702657248570467,(-253.7245673693056-603.0639671820436j)
16465,-0.0769705123892813,(369.97639535391306+532.0667047919009j)
16466,-0.07691445229285794,(440.47251745689954-380.5332026027965j)
16467,-0.07685839219643457,(-466.6849047156844-778.3212017846447j)
16468,-0.07680233210001121,(430.82853937619717-989.7855956984301j)
16469,-0.07674627200358784,(-184.37090888153818-1237.7348446308702j)
16470,-0.07669021190716448,(42.37521663897604-1157.0213610531266j)
16471,-0.07663415181074111,(-410.3166822542935-1153.3366174646121j)
16472,-0.07657809171431774,(-227.01893479308126-713.623434120843j)
16473,-0.07652203161789438,(-677.7657439499505-1127.2377317891157j)
16474,-0.07646597152147101,(-522.9311525893215-798.6282887213283j)
16475,-0.07640991142504765,(-338.0662773637433+19.523170380526565j)
16476,-0.07635385132862428,(1307.830891508242+280.4601111699325j)
16477,-0.07629779123220091,(18.917526411662458+28.53265459734333j)
16478,-0.07624173113577755,(329.7149273299779+347.68221059174186j)
16479,-0.07618567103935418,(-33.85507624886894-93.32094412538815j)
16480,-0.07612961094293082,(-442.4528634123836-260.59097468244636j)
16481,-0.07607355084650745,(-245.72028945023243-257.8650890808395j)
16482,-0.07601749075008409,(1240.0145402884996-514.8706226780721j)
16483,-0.07596143065366072,(-433.91929550853354-322.25550022345766j)
16484,-0.07590537055723735,(64.18067290767081-32.79913957241638j)
16485,-0.07584931046081399,(-534.1465812668788-1335.7255868809348j)
16486,-0.07579325036439062,(868.0861231799724+283.98681473053836j)
16487,-0.07573719026796726,(-1117.88408660679-424.96153541158805j)
16488,-0.07568113017154389,(31.373777399169455+940.7501113390724j)
16489,-0.07562507007512052,(-636.0595007171914-96.2257642373165j)
16490,-0.07556900997869716,(-264.74441332863785-83.136491619654j)
16491,-0.07551294988227379,(662.9298451198088+341.3614688279099j)
16492,-0.07545688978585043,(-796.3393228018476+817.7567607106967j)
16493,-0.07540082968942706,(-547.4997832668045-254.46616857420514j)
16494,-0.07534476959300371,(-482.5069835228204-276.2138278090231j)
16495,-0.07528870949658034,(99.63776536828688+255.9218065717911j)
16496,-0.07523264940015698,(945.3010690965718-201.1301581908886j)
16497,-0.07517658930373361,(-53.866191175941594+758.823873016266j)
16498,-0.07512052920731024,(-449.0942054233177+1100.523394498008j)
16499,-0.07506446911088688,(699.8310128892708-536.1859502865605j)
16500,-0.07500840901446351,(684.2638388432053+62.56179806799841j)
16501,-0.07495234891804015,(103.61604864791212-174.97104061231013j)
16502,-0.07489628882161678,(-130.59209092610826-917.2300328635125j)
16503,-0.07484022872519341,(679.9222668039686+362.6427416247j)
16504,-0.07478416862877005,(-1155.9221595889135+481.91256701457496j)
16505,-0.07472810853234668,(-378.62488022442403+1.9283285193340305j)
16506,-0.07467204843592332,(748.4019745103537+95.55907377347279j)
16507,-0.07461598833949995,(-119.9329177867628-438.3848308832703j)
16508,-0.07455992824307658,(864.9368077091485+106.5149385518398j)
16509,-0.07450386814665322,(78.09414436339716+399.53728990710323j)
16510,-0.07444780805022985,(998.143150388001+1020.4417695874702j)
16511,-0.07439174795380649,(1206.2657457032608+306.70131640466656j)
16512,-0.07433568785738312,(525.2371776302116+368.9487526600383j)
16513,-0.07427962776095975,(64.21210701477264-825.99040114055j)
16514,-0.07422356766453639,(-619.3264818279217-9.007559714802483j)
16515,-0.07416750756811302,(-354.86074798096973-1175.4013497103283j)
16516,-0.07411144747168966,(1132.07686883504-313.9081762494162j)
16517,-0.07405538737526629,(-1308.2418370609846-404.8197321964007j)
16518,-0.07399932727884292,(35.413901383978725-973.4478685624667j)
16519,-0.07394326718241956,(907.9995236922573-774.9486822760086j)
16520,-0.07388720708599619,(-184.95912453261593-1015.9067389785538j)
16521,-0.07383114698957283,(471.18841706915674-1003.3635036777443j)
16522,-0.07377508689314946,(-585.2422713369209-425.1994607057512j)
16523,-0.0737190267967261,(84.35213439312835-232.34975408816535j)
16524,-0.07366296670030273,(1.799195357362649+134.1035181267544j)
16525,-0.07360690660387936,(30.81540883777069-241.60940866906526j)
16526,-0.073550846507456,(-155.4017164275944+260.71630381715073j)
16527,-0.07349478641103263,(782.6365127619086+175.01274914547065j)
16528,-0.07343872631460927,(-260.8887062972097-961.9598096999805j)
16529,-0.0733826662181859,(-262.74620397175664-87.34656004144132j)
16530,-0.07332660612176253,(-432.3769536452029-731.0521405397219j)
16531,-0.07327054602533917,(2565.8741074325935+342.7062106548842j)
16532,-0.0732144859289158,(-640.1707023215241+549.161709909301j)
16533,-0.07315842583249244,(437.5845486832918+122.46441858978935j)
16534,-0.07310236573606907,(-387.82820339690426-691.5491477736699j)
16535,-0.0730463056396457,(76.70500650665724+1835.6981211566595j)
16536,-0.07299024554322234,(-552.515882226288-243.91506480399232j)
16537,-0.07293418544679897,(-823.7205292571456+414.16753508837877j)
16538,-0.0728781253503756,(-561.7800701682314-970.9676908756672j)
16539,-0.07282206525395224,(-276.47052345866507-97.92609547929113j)
16540,-0.07276600515752887,(797.5271988424852+192.24432627208012j)
16541,-0.07270994506110551,(-181.98366322695063-760.9565433072673j)
16542,-0.07265388496468214,(739.3016264681182+711.9068307318976j)
16543,-0.07259782486825878,(1053.7744176128485-250.27002587590766j)
16544,-0.07254176477183541,(-71.99312642262908-1726.5685241484257j)
16545,-0.07248570467541204,(16.34093873724254+589.8545033692045j)
16546,-0.07242964457898868,(262.19650565812424+730.8569829493716j)
16547,-0.07237358448256531,(-1286.8366722177423+173.5420234796285j)
16548,-0.07231752438614195,(-15.353792449707612+405.62118008763j)
16549,-0.07226146428971858,(-101.66398979810711-790.1104078352274j)
16550,-0.07220540419329521,(-606.2599496032619+728.917906139062j)
16551,-0.07214934409687185,(489.5035607855068+108.60674969612317j)
16552,-0.07209328400044848,(132.01751882362325+243.5124091131716j)
16553,-0.07203722390402512,(612.2235912882713-854.1828168449597j)
16554,-0.07198116380760175,(-83.4369544322334+14.493369698363349j)
16555,-0.07192510371117838,(280.36714088354813+303.8343117922943j)
16556,-0.07186904361475502,(872.487976812082-713.6520659001133j)
16557,-0.07181298351833165,(-512.0787416341325-693.2038220499911j)
16558,-0.07175692342190829,(-658.6107767101978+538.418173767905j)
16559,-0.07170086332548492,(-691.0143988147805+980.9129030794546j)
16560,-0.07164480322906155,(-729.8089642667987-633.6305870232917j)
16561,-0.07158874313263819,(-9.012471237420897+1062.7772494578599j)
16562,-0.07153268303621482,(391.2873569671722+1444.4714738286675j)
16563,-0.07147662293979146,(608.981875178061-574.4779845234627j)
16564,-0.07142056284336809,(499.2960591522597-822.9764518349874j)
16565,-0.07136450274694472,(-555.2335138599816+92.37503793942872j)
16566,-0.07130844265052136,(-411.48434709307406-286.8168461045427j)
16567,-0.07125238255409799,(71.6502249220519-1088.9519619890839j)
16568,-0.07119632245767463,(231.2891361452821-382.9251321678754j)
16569,-0.07114026236125126,(733.103053693166+1123.1384259638332j)
16570,-0.0710842022648279,(1212.9587819760754+426.2194456170113j)
16571,-0.07102814216840453,(-322.1326165818761-476.0511446023993j)
16572,-0.07097208207198116,(-4.342074987989577+856.684042040538j)
16573,-0.0709160219755578,(204.82199743929453-709.7202791458711j)
16574,-0.07085996187913443,(764.3058359270335+189.97522889701628j)
16575,-0.07080390178271107,(146.9582260611246+450.6149647838013j)
16576,-0.0707478416862877,(475.6063705016004-234.24043431721896j)
16577,-0.07069178158986433,(50.78879838954026-360.442353599607j)
16578,-0.07063572149344097,(746.1394308611783-1163.7380342775696j)
16579,-0.0705796613970176,(718.4293297746052+638.3179381929993j)
16580,-0.07052360130059424,(549.4746351117226+549.4471098853368j)
16581,-0.07046754120417087,(-770.1084706196483-35.70407821078396j)
16582,-0.0704114811077475,(-641.9033702832791-7.409260514011621j)
16583,-0.07035542101132414,(-507.15958502657804-610.6428231874925j)
16584,-0.07029936091490077,(-292.0635295761448-237.12798615164337j)
16585,-0.0702433008184774,(-773.1531130415285+1125.0745376236994j)
16586,-0.07018724072205404,(-1667.7575361201502-1435.17744918216j)
16587,-0.07013118062563067,(-396.039704078259-389.25802858446264j)
16588,-0.07007512052920731,(488.0335076332452-36.286076686404144j)
16589,-0.07001906043278394,(168.97688162308415-201.4204099307886j)
16590,-0.06996300033636058,(737.3524397438812-131.219562221123j)
16591,-0.06990694023993721,(-24.096787182551566+1141.4719209533762j)
16592,-0.06985088014351384,(253.03191676944118-519.9273049123256j)
16593,-0.06979482004709048,(325.2323523222103-582.3950873161466j)
16594,-0.06973875995066711,(462.9801952415507+230.68621241896386j)
16595,-0.06968269985424375,(1044.1930143176785+870.2525099871783j)
16596,-0.06962663975782038,(-145.25629550910946-496.51108305162103j)
16597,-0.06957057966139701,(1029.992561861381+1608.2012009572609j)
16598,-0.06951451956497365,(-502.1859038666868+737.8067670492248j)
16599,-0.06945845946855028,(-420.36891587002646+789.7764292212481j)
16600,-0.06940239937212692,(-706.2519071187589+1022.8037600164159j)
16601,-0.06934633927570355,(14.412454961991557+563.8018207046829j)
16602,-0.06929027917928018,(317.7186316779514+957.2696550712197j)
16603,-0.06923421908285682,(162.72744475544155+907.9928685579528j)
16604,-0.06917815898643345,(904.4992627927375-273.1152417942047j)
16605,-0.06912209889001009,(384.3035443729866-642.1149205990561j)
16606,-0.06906603879358672,(101.0251319030041+519.9150482736675j)
16607,-0.06900997869716335,(884.7310222481237-1063.4467719287659j)
16608,-0.06895391860073999,(867.4977000110662-43.23217907930979j)
16609,-0.06889785850431662,(-587.0997039927712-579.6484240491712j)
16610,-0.06884179840789326,(-761.9068528265663+51.38958836324184j)
16611,-0.06878573831146989,(-679.7411407416212+1039.2932977541361j)
16612,-0.06872967821504652,(880.9688405052632-563.4226761673694j)
16613,-0.06867361811862316,(-18.85284969949987+945.5811128668207j)
16614,-0.06861755802219979,(-901.1353687298783-156.2290273623296j)
16615,-0.06856149792577643,(-219.96863718546146+214.51395778102878j)
16616,-0.06850543782935306,(-241.28861888262975-193.59728697274375j)
16617,-0.0684493777329297,(-228.95089961895795+24.577452554243536j)
16618,-0.06839331763650633,(1158.0125500532456+806.7156228629628j)
16619,-0.06833725754008296,(-334.68181884421824-356.98712534584905j)
16620,-0.0682811974436596,(1755.780264219078+267.8374172366755j)
16621,-0.06822513734723623,(58.42336530634229-81.5258304122682j)
16622,-0.06816907725081287,(123.3884145117218+187.54325466490315j)
16623,-0.06811301715438951,(1112.1442829415157+1111.4130394466422j)
16624,-0.06805695705796615,(61.9024819162467+1021.2317284866942j)
16625,-0.06800089696154278,(-209.39143404316678-207.26747944730582j)
16626,-0.06794483686511942,(288.12927579837736-22.63058434801603j)
16627,-0.06788877676869605,(-492.04482250643787-792.9874737562945j)
16628,-0.06783271667227268,(69.92453980873185+508.5459023445146j)
16629,-0.06777665657584932,(-21.81134496703463-206.55482926711184j)
16630,-0.06772059647942595,(-435.02483225849676+59.577670039415835j)
16631,-0.06766453638300259,(-43.19486146557681+244.87386518855988j)
16632,-0.06760847628657922,(-781.5672852252244-108.8660364884055j)
16633,-0.06755241619015585,(-1077.2620244055702+351.0466566689384j)
16634,-0.06749635609373249,(-682.1164660795698+202.36904896530433j)
16635,-0.06744029599730912,(-651.1473744038293-289.77436627801166j)
16636,-0.06738423590088576,(-794.405515974839-442.92130158268975j)
16637,-0.06732817580446239,(395.5721274695565-627.9048391811388j)
16638,-0.06727211570803902,(868.3163510689942+744.2734599946211j)
16639,-0.06721605561161566,(541.0372201068647+365.7921217808728j)
16640,-0.06715999551519229,(487.85008441362095-511.02600538351066j)
16641,-0.06710393541876893,(137.51885136518445-830.5914481190216j)
16642,-0.06704787532234556,(929.2941726092386-576.1506476194382j)
16643,-0.0669918152259222,(-65.73396844207761+659.4237043163274j)
16644,-0.06693575512949883,(731.2605187401767+414.3292085986895j)
16645,-0.06687969503307546,(-45.575874944800034-216.69672516677292j)
16646,-0.0668236349366521,(788.1566127920916-524.6401656588511j)
16647,-0.06676757484022873,(-424.4843379609448+771.982383469645j)
16648,-0.06671151474380536,(-248.8037620438118+500.75770021175515j)
16649,-0.066655454647382,(-242.71249263209876+1101.8999215118672j)
16650,-0.06659939455095863,(-942.937272153056-198.87951777640774j)
16651,-0.06654333445453527,(532.7804112547263+482.208018106246j)
16652,-0.0664872743581119,(100.98000390916167-214.65185621855255j)
16653,-0.06643121426168853,(-236.82900135586814-356.90243557229775j)
16654,-0.06637515416526517,(1493.6358122361712+234.64826511358046j)
16655,-0.0663190940688418,(443.3469396317772+309.1519595152937j)
16656,-0.06626303397241844,(124.41417563245489-434.52931205694074j)
16657,-0.06620697387599507,(276.2860313992306+505.48884133359087j)
16658,-0.0661509137795717,(-544.4136032308018+88.50491772202908j)
16659,-0.06609485368314834,(-1284.9546348687818-247.30909859191362j)
16660,-0.06603879358672497,(1001.6043349499527+569.8235692562573j)
16661,-0.0659827334903016,(444.420976925473-443.6764782080067j)
16662,-0.06592667339387824,(-377.07840988596854+530.7274853923375j)
16663,-0.06587061329745487,(119.32896098749052+217.39722728697012j)
16664,-0.06581455320103151,(-947.4418042278907-1084.2615456144622j)
16665,-0.06575849310460814,(234.89227145831268-1119.9323157293106j)
16666,-0.06570243300818478,(485.78753416656514-838.1756866879705j)
16667,-0.06564637291176141,(-549.8155797513895-22.30008708964766j)
16668,-0.06559031281533804,(666.8708837743663-64.71233107160481j)
16669,-0.06553425271891468,(-134.2776724593482-228.30638179507372j)
16670,-0.06547819262249131,(1036.956120412748-658.4833027907366j)
16671,-0.06542213252606795,(-1184.7164562852358+343.03260813139065j)
16672,-0.06536607242964458,(-373.9325541220683+1011.9568022159801j)
16673,-0.06531001233322122,(14.928476210425032+601.1017580658139j)
16674,-0.06525395223679785,(-186.30718270477414-41.52684624362122j)
16675,-0.06519789214037448,(105.88475183856875+207.9402385501585j)
16676,-0.06514183204395112,(-207.6316217211264-1272.3293667797311j)
16677,-0.06508577194752775,(-334.882283471714-723.5583631391839j)
16678,-0.06502971185110439,(304.40459962513137-811.0701864059181j)
16679,-0.06497365175468102,(196.31999237483313+390.77026923441j)
16680,-0.06491759165825765,(571.9153483059731+365.5242177753779j)
16681,-0.06486153156183429,(161.3815706401281-1395.496811837768j)
16682,-0.06480547146541092,(-759.4685570391443+182.92487659874647j)
16683,-0.06474941136898756,(120.52169488252835-208.75285609238037j)
16684,-0.06469335127256419,(-575.0078877658215-498.42658271881805j)
16685,-0.06463729117614082,(-263.66402032225903-728.7072573585082j)
16686,-0.06458123107971746,(-44.74199029972306+534.1497743172469j)
16687,-0.06452517098329409,(628.5886158226774+1084.313087167844j)
16688,-0.06446911088687073,(-15.84792289278316+174.10186627019797j)
16689,-0.06441305079044736,(-465.58549170516375-837.1945064460373j)
16690,-0.064356990694024,(4.689726854608153-485.16203236541367j)
16691,-0.06430093059760063,(548.8310723547179+315.85775079375105j)
16692,-0.06424487050117726,(-808.059413666168+583.3006839881548j)
16693,-0.0641888104047539,(-642.398002522813+763.1613533919157j)
16694,-0.06413275030833053,(-403.54056090747935-441.9676759315133j)
16695,-0.06407669021190716,(1093.9707657055344+183.8849463181889j)
16696,-0.0640206301154838,(257.98431679477847+1105.6528777853107j)
16697,-0.06396457001906043,(1134.3323105498687+681.9537367990848j)
16698,-0.06390850992263707,(673.9946252796656+400.2714867347226j)
16699,-0.0638524498262137,(-556.1677784709041-1004.9432586713176j)
16700,-0.06379638972979033,(413.10133282242674-336.64147786561807j)
16701,-0.06374032963336697,(-88.67295936651603+1519.99831200368j)
16702,-0.0636842695369436,(-233.28605616075248+144.1012481060547j)
16703,-0.06362820944052024,(241.41517528018124-312.42956489467656j)
16704,-0.06357214934409687,(-335.33058402244205-100.18040907106284j)
16705,-0.0635160892476735,(252.49816417729514-1467.9449021585583j)
16706,-0.06346002915125014,(13.481917791915066+1689.0956082797006j)
16707,-0.06340396905482677,(-561.8630849937424+548.6019678412297j)
16708,-0.0633479089584034,(-671.7303440042684+16.190140705534162j)
16709,-0.06329184886198004,(1081.5476999984178+895.005171785492j)
16710,-0.06323578876555667,(1247.547650275529+525.6136015894123j)
16711,-0.06317972866913331,(-311.47721239181607+168.3029308740386j)
16712,-0.06312366857270994,(1226.425102001286+1099.3318147894256j)
16713,-0.06306760847628658,(1451.4270544013539-1.190697352803312j)
16714,-0.06301154837986321,(-343.52817829397026-913.6413136046028j)
16715,-0.06295548828343984,(2016.421086130195+180.67609319527844j)
16716,-0.06289942818701648,(-523.4611685931949-1585.6984588904372j)
16717,-0.06284336809059311,(-549.7627236650368+434.7776862669692j)
16718,-0.06278730799416975,(159.28058465636934-455.19651785652667j)
16719,-0.06273124789774638,(-278.7702219275871+168.11238656529673j)
16720,-0.06267518780132302,(-135.2861126283393-711.8589104709056j)
16721,-0.06261912770489965,(-491.7642995747835-638.5630627571574j)
16722,-0.06256306760847628,(-319.32973770060624-532.8581317456133j)
16723,-0.06250700751205292,(137.72854552402114-191.5202640948728j)
16724,-0.06245094741562956,(584.7188424681754-42.00177888550081j)
16725,-0.06239488731920619,(-15.026117030041853+236.57271129583162j)
16726,-0.062338827222782826,(-417.992376787809-152.92642600805402j)
16727,-0.06228276712635946,(-59.22562191253241+161.61378195380252j)
16728,-0.062226707029936094,(-690.1141100688862-128.05497114979406j)
16729,-0.06217064693351273,(-258.65295974531324-285.4457982350079j)
16730,-0.06211458683708936,(847.802606930589-324.278545230501j)
16731,-0.062058526740666,(-52.779888278840644+1157.085291824861j)
16732,-0.06200246664424263,(691.309609656686-530.9583968488096j)
16733,-0.061946406547819265,(23.732080132991562-246.6038139196149j)
16734,-0.0618903464513959,(514.930566027949+644.9608557252596j)
16735,-0.06183428635497253,(-936.1768864091924-517.9426649982347j)
16736,-0.06177822625854917,(742.9503948941656+543.4471291890962j)
16737,-0.0617221661621258,(950.6758995290473-468.23680828911375j)
16738,-0.061666106065702435,(-178.2297945374373+780.7560734257298j)
16739,-0.06161004596927907,(384.96258259702824-266.7953782300431j)
16740,-0.0615539858728557,(-101.34380604453719+436.6231512792577j)
16741,-0.06149792577643234,(-117.22090635273085-100.63376443310325j)
16742,-0.06144186568000897,(-473.0813435757914+355.07223009805944j)
16743,-0.061385805583585605,(-270.39921136635223+606.1769961516273j)
16744,-0.06132974548716224,(-761.5664593211067-469.08332798193817j)
16745,-0.06127368539073887,(412.6536949063233-585.7640482401425j)
16746,-0.06121762529431551,(207.8983930742401+450.46885757304915j)
16747,-0.06116156519789214,(407.41966925853103+234.5657554238736j)
16748,-0.061105505101468775,(-2021.9565533192695+378.2050724646756j)
16749,-0.06104944500504541,(750.8138190311626-973.8787548244043j)
16750,-0.06099338490862204,(-62.23315536815369+1159.235860248798j)
16751,-0.06093732481219868,(768.4546553079848-327.7911497181897j)
16752,-0.06088126471577531,(193.53391144276793-267.4940718166363j)
16753,-0.060825204619351946,(-222.77038343237348+205.46855013998328j)
16754,-0.06076914452292858,(-115.72133154610574-520.284874442279j)
16755,-0.060713084426505214,(48.86699154392386-701.8429074125559j)
16756,-0.06065702433008185,(241.1450930713873-1022.6256280037227j)
16757,-0.06060096423365848,(-1348.5036388764895+18.694281470273882j)
16758,-0.060544904137235116,(26.158107447095787+100.77855559586278j)
16759,-0.06048884404081175,(-396.6808097146083+659.4645286053014j)
16760,-0.060432783944388384,(-200.14516296614985+27.854436944582616j)
16761,-0.06037672384796502,(67.9985109013981+364.3130298581591j)
16762,-0.06032066375154165,(-61.93047665744328+1026.693932338782j)
16763,-0.060264603655118286,(-1458.1784329964903+404.1895447263869j)
16764,-0.06020854355869492,(9.115868225814665+1511.3172177261365j)
16765,-0.060152483462271554,(-387.8643347771425-1817.8619476731585j)
16766,-0.06009642336584819,(-1642.4625748569842-961.8446583251219j)
16767,-0.06004036326942482,(669.538833052666-793.1133585005094j)
16768,-0.059984303173001456,(-267.68043629081035-847.7078346610219j)
16769,-0.05992824307657809,(19.982975033298032-558.1542001556579j)
16770,-0.059872182980154724,(1034.479075349858+5.406574626351585j)
16771,-0.05981612288373136,(107.89626350208789-290.2560670526135j)
16772,-0.05976006278730799,(283.2322194371785+190.31139030639702j)
16773,-0.059704002690884626,(759.4627514169854-604.3258565677594j)
16774,-0.05964794259446126,(806.4975606654203+533.5555658514467j)
16775,-0.059591882498037894,(-256.7297746966011+203.8833794216191j)
16776,-0.05953582240161453,(-312.51173028142586-798.8914623797971j)
16777,-0.05947976230519116,(-600.1201572651627+657.6883805284575j)
16778,-0.0594237022087678,(-572.0520045880892-832.5301718224875j)
16779,-0.05936764211234443,(-29.899448452333154+177.34402126399175j)
16780,-0.059311582015921065,(1012.1518754100982+1184.180587624453j)
16781,-0.0592555219194977,(247.04005634937803-236.7373026519564j)
16782,-0.05919946182307434,(-338.72112863476127-51.20384482432673j)
16783,-0.059143401726650974,(629.373593595469-302.575118334584j)
16784,-0.05908734163022761,(369.128966623938+162.1842848023254j)
16785,-0.05903128153380424,(-825.2481219679315+475.46734201928206j)
16786,-0.058975221437380876,(-857.1706489220968-32.225495756305875j)
16787,-0.05891916134095751,(-301.797801902437+985.1512721013602j)
16788,-0.058863101244534144,(-11.990930727320574-401.5280324178625j)
16789,-0.05880704114811078,(-112.25482244503502+468.55562627185543j)
16790,-0.05875098105168741,(389.8371039575491-463.1853378224342j)
16791,-0.058694920955264046,(713.2546093431413+183.08077342499362j)
16792,-0.05863886085884068,(-80.98001265267567+675.6756187215796j)
16793,-0.058582800762417314,(-142.4245415875725+340.2147683044784j)
16794,-0.05852674066599395,(163.1228087593392-238.73466934657122j)
16795,-0.05847068056957058,(-442.7312878051368-265.6020178175522j)
16796,-0.058414620473147216,(77.16288976650799+505.71245658095904j)
16797,-0.05835856037672385,(-1056.4550963273662-8.786387118030689j)
16798,-0.058302500280300484,(529.8046729562946-440.6618178017593j)
16799,-0.05824644018387712,(65.32431587353595-738.6649377831602j)
16800,-0.05819038008745375,(-879.2840104741696-198.15918881447996j)
16801,-0.058134319991030386,(-968.9982804083235-1206.4189138724537j)
16802,-0.05807825989460702,(13.421847342581373+1039.02607470948j)
16803,-0.058022199798183655,(-104.04342258406572+244.33338679257685j)
16804,-0.05796613970176029,(225.32141894159378-1653.0476587079302j)
16805,-0.05791007960533692,(904.6907728568556+311.81996717579284j)
16806,-0.05785401950891356,(-947.7148849705061-392.923797706329j)
16807,-0.05779795941249019,(-169.6980942618972-580.2484825960537j)
16808,-0.057741899316066825,(-472.13788556561184+871.3509697995721j)
16809,-0.05768583921964346,(892.4673498779564-762.8751837858681j)
16810,-0.05762977912322009,(-651.6580394294831+183.21082055088712j)
16811,-0.05757371902679673,(-520.9480555826673-478.9896043044676j)
16812,-0.05751765893037336,(-460.67509245200364-469.37314750467164j)
16813,-0.057461598833949995,(-264.1434952922389+755.6173199415575j)
16814,-0.05740553873752663,(-1359.5712816060206-1102.5238506570988j)
16815,-0.05734947864110326,(-1355.7887777497294-30.266124513872228j)
16816,-0.0572934185446799,(85.50643207051172-952.4212107077733j)
16817,-0.05723735844825653,(-76.42206624412844-156.29121410941644j)
16818,-0.057181298351833165,(161.4715903790782-572.7750782926962j)
16819,-0.0571252382554098,(465.9082479378553+761.9454185551106j)
16820,-0.05706917815898643,(-426.7705335380086+407.92907820192215j)
16821,-0.05701311806256307,(289.9733675571199-244.1011216985309j)
16822,-0.0569570579661397,(647.5953743725946-1274.2255513141295j)
16823,-0.056900997869716335,(-698.4800954353831-168.6250932780385j)
16824,-0.05684493777329297,(62.155103978993324-26.81287553170686j)
16825,-0.056788877676869604,(-80.5872277226693+161.74501201147953j)
16826,-0.05673281758044624,(-662.2200346183769-83.14572432556484j)
16827,-0.05667675748402287,(149.16694794322675-23.51164195215567j)
16828,-0.056620697387599506,(-844.6715775127698-667.3420990641803j)
16829,-0.05656463729117614,(1457.4157574173619+931.2566792888886j)
16830,-0.056508577194752774,(-777.0577454717697+533.2022618855774j)
16831,-0.05645251709832941,(-553.4928979411537-114.71282911317203j)
16832,-0.05639645700190604,(405.49731667553976+2.037993731722054j)
16833,-0.056340396905482676,(908.7207705157527+189.47802752935723j)
16834,-0.05628433680905931,(38.21279831834069-502.8220141199388j)
16835,-0.056228276712635944,(-659.1177703550744-734.4754567922522j)
16836,-0.05617221661621258,(1628.7825355697541-295.0482858770108j)
16837,-0.05611615651978921,(-796.5383711982192+1167.2183397014567j)
16838,-0.056060096423365846,(932.9608323072329+137.50501782449865j)
16839,-0.05600403632694248,(7.458391972152555+402.69951035750773j)
16840,-0.055947976230519114,(190.79774229024866-348.53288530466295j)
16841,-0.05589191613409575,(-341.3134334919584+994.4571565559722j)
16842,-0.05583585603767238,(445.3085443848304+277.2138073751661j)
16843,-0.055779795941249016,(630.1763093506123-893.932651913375j)
16844,-0.05572373584482565,(-338.80905197223194-1358.2743048745012j)
16845,-0.055667675748402284,(-111.03226951103201+151.80440721383596j)
16846,-0.05561161565197892,(-488.968186865499+421.64793268784587j)
16847,-0.05555555555555556,(-565.9935890570584+786.9740475832878j)
16848,-0.05549949545913219,(-505.2713186839685-824.0982275953579j)
16849,-0.05544343536270883,(-964.9715079615534-1097.8275055312865j)
16850,-0.05538737526628546,(-68.12822068444041+700.2060164173511j)
16851,-0.055331315169862096,(353.5028207435537+387.07435024627404j)
16852,-0.05527525507343873,(451.99490370941834+356.40630253407164j)
16853,-0.055219194977015364,(83.50442682019991+894.1951512064785j)
16854,-0.055163134880592,(504.20817061587775+204.8866774877241j)
16855,-0.05510707478416863,(-82.4181938029386-426.41686364760704j)
16856,-0.055051014687745266,(-402.1836411731006+61.91412024944064j)
16857,-0.0549949545913219,(-537.4049844671733+508.1196571532113j)
16858,-0.054938894494898534,(-25.61892440402363+589.5023271467197j)
16859,-0.05488283439847517,(-408.28261196384494+342.9010641967629j)
16860,-0.0548267743020518,(187.45402553068146-890.4368572715819j)
16861,-0.054770714205628436,(886.2557880386105+216.57099202648337j)
16862,-0.05471465410920507,(-36.32351871187808+1024.6832667322049j)
16863,-0.054658594012781704,(-75.43179994805791-790.1957482627022j)
16864,-0.05460253391635834,(-476.6902904388345+133.36687658757887j)
16865,-0.05454647381993497,(590.144583580268+399.84497963438486j)
16866,-0.054490413723511606,(1623.784392363986-183.53021903152094j)
16867,-0.05443435362708824,(443.8511249114323+14.06690949993066j)
16868,-0.054378293530664874,(752.4675321930401+647.4388247724781j)
16869,-0.05432223343424151,(-731.5280313487019-307.1997960880385j)
16870,-0.05426617333781814,(-1446.96854965817-496.86489547356314j)
16871,-0.054210113241394776,(850.8576913867862+696.5970436042601j)
16872,-0.05415405314497141,(-9.426474643853226-1250.3850077481807j)
16873,-0.054097993048548045,(166.5207824388039+127.46021217355968j)
16874,-0.05404193295212468,(-325.0669479705116-512.6611450058698j)
16875,-0.05398587285570131,(-1224.7938653414487-148.1624713100784j)
16876,-0.05392981275927795,(11.02340879992456+152.43059168796168j)
16877,-0.05387375266285458,(-145.23692496542287-540.7356210755088j)
16878,-0.053817692566431215,(563.9356214958217+532.7805618799619j)
16879,-0.05376163247000785,(-960.3938746312128+617.9827967093987j)
16880,-0.05370557237358448,(-1167.5452477978886+285.85029125368294j)
16881,-0.05364951227716112,(-20.149474631408566+685.1881697517193j)
16882,-0.05359345218073775,(566.7878352202117-493.310282438391j)
16883,-0.053537392084314385,(668.7738864272775+971.0926367339979j)
16884,-0.05348133198789102,(924.1072292620944+18.04492122934436j)
16885,-0.05342527189146765,(473.80720027602064+491.8768183350643j)
16886,-0.05336921179504429,(254.0971743537753-4.855197918547233j)
16887,-0.05331315169862092,(142.9244512786681+707.0666032816796j)
16888,-0.053257091602197555,(1111.2686859115308+272.8903608108694j)
16889,-0.05320103150577419,(-462.9282285740411+333.81894832627694j)
16890,-0.05314497140935082,(-1285.1293213182016-350.22708610488144j)
16891,-0.05308891131292746,(827.4568021436949-178.65274486736882j)
16892,-0.05303285121650409,(1224.1339034931566+451.961759385565j)
16893,-0.052976791120080725,(630.440251857922-619.7011072439134j)
16894,-0.05292073102365736,(-603.0997387994447+145.26118177597408j)
16895,-0.05286467092723399,(573.5269275686915+340.19373847568244j)
16896,-0.05280861083081063,(-459.24839859384576+322.07819972538397j)
16897,-0.05275255073438726,(-399.2025257785609+420.68938025840265j)
16898,-0.052696490637963896,(-638.173379553733-807.1299068607184j)
16899,-0.05264043054154053,(-1512.7863081743187+323.037101614982j)
16900,-0.052584370445117164,(766.1258659749287+332.47328755288976j)
16901,-0.0525283103486938,(-208.7755170200304-94.41092632253985j)
16902,-0.05247225025227043,(-214.248175493877-1105.8647378649716j)
16903,-0.052416190155847066,(-350.3693929914587-596.3116737529466j)
16904,-0.0523601300594237,(-197.43074811319343-743.9543527493863j)
16905,-0.052304069963000334,(-314.294829177562-154.7029763811144j)
16906,-0.05224800986657697,(-370.17639341348433-185.63679940841092j)
16907,-0.0521919497701536,(-1040.890172734921-219.30990229171869j)
16908,-0.052135889673730236,(-1318.2932835542863-587.4966825205322j)
16909,-0.05207982957730687,(1139.2712544357069+1121.662961545545j)
16910,-0.05202376948088351,(-482.01429751723515+501.2836045386939j)
16911,-0.051967709384460145,(288.25288283619756-218.72072384187203j)
16912,-0.05191164928803678,(1057.1595644172291+66.53271802805438j)
16913,-0.05185558919161341,(-540.8576032478219+602.586415239002j)
16914,-0.05179952909519005,(-1034.8847072347255-303.554771606322j)
16915,-0.05174346899876668,(125.22890641501226+482.346872598479j)
16916,-0.051687408902343315,(512.4961755452442+1721.66319320407j)
16917,-0.05163134880591995,(187.78298687270936-33.497032249678504j)
16918,-0.05157528870949658,(-204.34210181903828+10.86163481404693j)
16919,-0.05151922861307322,(-483.06065141403394-173.69960046940423j)
16920,-0.05146316851664985,(-392.80743842110934+121.81266082535228j)
16921,-0.051407108420226486,(-152.11551623613877-187.07804826205006j)
16922,-0.05135104832380312,(-332.2494563683639+761.6917504904054j)
16923,-0.051294988227379754,(-677.6653480141649+255.75278753187894j)
16924,-0.05123892813095639,(-270.64736648415925+416.19714840465974j)
16925,-0.05118286803453302,(428.34719905033575-449.3606174475477j)
16926,-0.051126807938109656,(-487.9073520512739-864.7486048270952j)
16927,-0.05107074784168629,(818.3084507010918-99.92133982858795j)
16928,-0.051014687745262924,(-857.8588152442865+1199.091980585075j)
16929,-0.05095862764883956,(329.5055176731238+81.10347102491004j)
16930,-0.05090256755241619,(-457.4771365612905+701.2646527363394j)
16931,-0.050846507455992826,(10.452810916986266+309.0239642199096j)
16932,-0.05079044735956946,(824.1447406826154-29.38149575692401j)
16933,-0.050734387263146094,(-45.607787837811316+1757.8271012954758j)
16934,-0.05067832716672273,(225.51112601679543+32.6580132838737j)
16935,-0.05062226707029936,(-727.6601697405993-572.862514036771j)
16936,-0.050566206973875996,(433.70718300244545+611.0223758474226j)
16937,-0.05051014687745263,(930.082265670521-190.44567625467158j)
16938,-0.050454086781029264,(-1295.3622031723517+1149.9981553695995j)
16939,-0.0503980266846059,(1345.052295149038-81.37868446936602j)
16940,-0.05034196658818253,(162.89883840060074-59.00889644300604j)
16941,-0.050285906491759166,(1208.760277270387+365.456001944299j)
16942,-0.0502298463953358,(610.1381839449671+1345.2255526091667j)
16943,-0.050173786298912434,(-55.23825081788459+1122.7315370892493j)
16944,-0.05011772620248907,(-47.59594786285487+17.28451583836603j)
16945,-0.0500616661060657,(640.8988461101163+331.8550306538351j)
16946,-0.05000560600964234,(-233.61473861902726+244.34190183217078j)
16947,-0.04994954591321897,(-1376.4120103608586-198.0557546359147j)
16948,-0.049893485816795605,(-1155.5696041627118-19.840872754734562j)
16949,-0.04983742572037224,(663.2538787905235-413.41559885901734j)
16950,-0.04978136562394887,(563.6777782719817-271.8301632347757j)
16951,-0.04972530552752551,(136.25692957069606+172.45284971098266j)
16952,-0.04966924543110214,(-391.52949444789647+625.8904477125922j)
16953,-0.049613185334678775,(-251.08317070504046-1084.4678072577115j)
16954,-0.04955712523825541,(53.526897294507705+236.50111458863663j)
16955,-0.04950106514183204,(-877.3338342859715+719.9630535243227j)
16956,-0.04944500504540868,(-489.8822802290306-388.2167748387156j)
16957,-0.04938894494898531,(-361.43508461461016-413.4239201390946j)
16958,-0.049332884852561945,(538.8491909259687-518.0512533376768j)
16959,-0.04927682475613858,(-654.6283252242089-669.8655402201014j)
16960,-0.04922076465971521,(-150.58603870324762-659.4249385419554j)
16961,-0.04916470456329185,(-256.6136581161777-600.9190201509613j)
16962,-0.04910864446686848,(-1152.6628824092259+1151.4657505622724j)
16963,-0.049052584370445115,(-524.4907900046594-378.6235202175311j)
16964,-0.04899652427402175,(281.5411869021222-530.5045104017356j)
16965,-0.04894046417759838,(-398.8390177847762+844.6233189462766j)
16966,-0.04888440408117502,(-79.07181440141682+430.32015777988534j)
16967,-0.04882834398475165,(1185.000273010559-1076.6575473433031j)
16968,-0.048772283888328286,(-482.70841293607657+207.4944997889316j)
16969,-0.04871622379190492,(-703.8979009320276+70.49434628205773j)
16970,-0.048660163695481554,(144.90288076350407-548.3254053956127j)
16971,-0.04860410359905819,(-375.4952221959101+336.1014606493952j)
16972,-0.04854804350263482,(-148.73761232928638-731.9954183258244j)
16973,-0.048491983406211456,(1021.2914552183073+129.37034224624097j)
16974,-0.04843592330978809,(1362.6996996778014-470.4467671592599j)
16975,-0.04837986321336473,(-1337.2623739657417-1157.4823897614738j)
16976,-0.048323803116941365,(-82.60776444077956-252.92936653546542j)
16977,-0.048267743020518,(76.06389304377882+1387.825089981548j)
16978,-0.04821168292409463,(-184.59070476670638-725.9635668394823j)
16979,-0.04815562282767127,(224.697027545708-255.67016618460733j)
16980,-0.0480995627312479,(204.1924413439861-1023.7114009694003j)
16981,-0.048043502634824535,(-213.8052486761576-316.6557989930451j)
16982,-0.04798744253840117,(693.1284450529995+138.48872718691987j)
16983,-0.0479313824419778,(284.45657549670045-628.2500356540294j)
16984,-0.04787532234555444,(-777.5156510253171-135.44734112042198j)
16985,-0.04781926224913107,(-792.5784118803435+368.95239785073613j)
16986,-0.047763202152707705,(1279.877179496374-1211.7326023797418j)
16987,-0.04770714205628434,(-303.91226599853655+835.9267495891976j)
16988,-0.04765108195986097,(-128.68498224046007+136.68617177529052j)
16989,-0.04759502186343761,(385.47113203028675-25.606499004325684j)
16990,-0.04753896176701424,(-42.85635123682357-882.4978575423926j)
16991,-0.047482901670590875,(33.8987134211528+114.37028843866076j)
16992,-0.04742684157416751,(562.6357345539423+735.1602935853397j)
16993,-0.047370781477744144,(-199.77409615036322+363.77079200181225j)
16994,-0.04731472138132078,(737.9518714546484+952.9597310000213j)
16995,-0.04725866128489741,(-742.7717118435758+294.9163721401686j)
16996,-0.047202601188474046,(185.22676732289113+932.1991511603229j)
16997,-0.04714654109205068,(1154.245297931963+646.9488958427696j)
16998,-0.047090480995627314,(1245.8979157462084+14.261612333785706j)
16999,-0.04703442089920395,(690.331986549371-196.72000654589328j)
17000,-0.04697836080278058,(-146.95444304744262+67.99852131395126j)
17001,-0.046922300706357216,(-550.7425508799806+778.7894486292714j)
17002,-0.04686624060993385,(709.926185266922-460.4989915685057j)
17003,-0.046810180513510484,(-201.98308396032206-98.82582699472691j)
17004,-0.04675412041708712,(-782.538386667984+431.2668736092751j)
17005,-0.04669806032066375,(-604.7754580545441+122.62209122384394j)
17006,-0.046642000224240386,(-1280.3823944725734-128.79689556481605j)
17007,-0.04658594012781702,(461.3138132984134+238.34064949562688j)
17008,-0.046529880031393654,(-831.2852117971655+5.446982233094332j)
17009,-0.04647381993497029,(284.2438630907156+597.8791459134841j)
17010,-0.04641775983854692,(366.26493518722543-545.7156550566256j)
17011,-0.046361699742123556,(632.502390624692-136.97001852884992j)
17012,-0.04630563964570019,(-370.2627245478518-914.2695764296859j)
17013,-0.046249579549276824,(-486.3498221118256+700.6444282107425j)
17014,-0.04619351945285346,(-593.9015695661649-1052.4499262485963j)
17015,-0.04613745935643009,(544.1351891484427-329.82555590677794j)
17016,-0.04608139926000673,(856.294881020073-184.2210947486593j)
17017,-0.04602533916358336,(236.38223462112518-476.69866352635944j)
17018,-0.045969279067159995,(-745.8116298305874-785.2515871305666j)
17019,-0.04591321897073663,(314.202896361845-974.1780710357338j)
17020,-0.04585715887431326,(-43.6444974060818-537.0375320167176j)
17021,-0.0458010987778899,(-548.1156378839564+233.89869258757847j)
17022,-0.04574503868146653,(931.4905381442031-67.49463137891422j)
17023,-0.045688978585043165,(1180.7779293593715+308.54569938659836j)
17024,-0.0456329184886198,(-472.14491248856666+163.10930666694645j)
17025,-0.04557685839219643,(-17.0524884375685-150.9250552216629j)
17026,-0.04552079829577307,(-603.7950264708643+724.8019880182826j)
17027,-0.0454647381993497,(-25.57929061018814-377.3646158814943j)
17028,-0.045408678102926335,(204.9629614019979+230.84555555376892j)
17029,-0.04535261800650297,(-499.99474222448123-836.9903313865258j)
17030,-0.0452965579100796,(419.59179103730247-275.94815249961215j)
17031,-0.04524049781365624,(510.22580371749604+616.2943992577615j)
17032,-0.04518443771723287,(315.0707080541558-1299.1513898215057j)
17033,-0.045128377620809505,(706.3288928569248+750.6798277027281j)
17034,-0.04507231752438614,(-773.7247444456303+715.3359411537323j)
17035,-0.04501625742796277,(875.9038742863219-1216.2089646372694j)
17036,-0.04496019733153941,(136.30172499064122+591.1400195970108j)
17037,-0.04490413723511604,(-1676.4448665995887-1057.653202616069j)
17038,-0.04484807713869268,(848.3392218225052-936.573979476563j)
17039,-0.044792017042269316,(-197.41035036409832+234.6248000720306j)
17040,-0.04473595694584595,(518.551177187255-378.64498954533127j)
17041,-0.044679896849422585,(515.9089259209641-277.116690888507j)
17042,-0.04462383675299922,(-1396.7562437009622-61.31685224388444j)
17043,-0.04456777665657585,(-468.38546856464-125.9164831495276j)
17044,-0.04451171656015249,(114.15980807111458+150.25158888748385j)
17045,-0.04445565646372912,(331.7533924007663-435.65788343218424j)
17046,-0.044399596367305755,(-872.4267307573757+1544.8500694409122j)
17047,-0.04434353627088239,(-1034.3492973742927+586.9677865598701j)
17048,-0.04428747617445902,(-414.33039826504756-170.97665623076406j)
17049,-0.04423141607803566,(-100.42422219638645-315.6962318131649j)
17050,-0.04417535598161229,(-109.59410344698452+469.51780635165983j)
17051,-0.044119295885188925,(745.5339693543142-2.212441125310079j)
17052,-0.04406323578876556,(-954.3613826768857-750.3212575176585j)
17053,-0.04400717569234219,(-962.2700081583953-14.307741733445908j)
17054,-0.04395111559591883,(13.714612373259897+366.9284637785272j)
17055,-0.04389505549949546,(-282.503181165442-466.91539184754083j)
17056,-0.043838995403072095,(-57.09494539586403-274.2366424827526j)
17057,-0.04378293530664873,(143.2605862170609-764.0347744699588j)
17058,-0.04372687521022536,(-240.0444766284271+1875.100396414014j)
17059,-0.043670815113802,(-591.215926380381-207.38981267778468j)
17060,-0.04361475501737863,(-417.8786114142416+1905.6341586519648j)
17061,-0.043558694920955265,(-1070.8510023606514+90.64275372448776j)
17062,-0.0435026348245319,(-1101.9208667437847+580.9665609829497j)
17063,-0.043446574728108533,(-343.21306593582153+666.1996978582265j)
17064,-0.04339051463168517,(375.2645399954201-439.5529272277711j)
17065,-0.0433344545352618,(-246.2006339296583-19.254955105504074j)
17066,-0.043278394438838436,(-460.8197295100223+157.3302403530182j)
17067,-0.04322233434241507,(836.9405522571517-485.36269394018416j)
17068,-0.043166274245991704,(1264.6843865285373-251.497391646692j)
17069,-0.04311021414956834,(359.4676164635955-810.8119797557384j)
17070,-0.04305415405314497,(-578.3933460812511+205.27712038211297j)
17071,-0.042998093956721606,(-645.0750030841887-871.552409932963j)
17072,-0.04294203386029824,(-425.00666978673985-1845.5846505349284j)
17073,-0.042885973763874874,(164.6610677834018+176.24299775055835j)
17074,-0.04282991366745151,(1095.952763113629+574.2543003214441j)
17075,-0.04277385357102814,(593.5549049906663-660.6132784409365j)
17076,-0.042717793474604776,(-338.64252771935054-370.3030931160615j)
17077,-0.04266173337818141,(-313.8734102450639+765.3046010452306j)
17078,-0.042605673281758044,(1478.166889100609-572.5447434793527j)
17079,-0.04254961318533468,(-704.3035318396637+494.9037122096082j)
17080,-0.04249355308891131,(-975.0798479648923+419.9401392474728j)
17081,-0.042437492992487946,(-449.0469331659574+448.38541542995216j)
17082,-0.04238143289606458,(396.35920765126775+599.5759514093302j)
17083,-0.042325372799641214,(-855.5836279101574+754.1291658842687j)
17084,-0.04226931270321785,(508.53614451672934+530.404557858604j)
17085,-0.04221325260679448,(-949.5951409510457-144.67416520328845j)
17086,-0.042157192510371116,(-294.74320999289455-550.5651266622748j)
17087,-0.04210113241394775,(-112.65691534170458-2112.5600207157113j)
17088,-0.042045072317524385,(-89.75525576963517-35.60583675652729j)
17089,-0.04198901222110102,(-412.9422687948501-447.60704504967833j)
17090,-0.04193295212467765,(-414.47512676294076+106.06733260378942j)
17091,-0.04187689202825429,(-179.23496818227727-94.67224978449438j)
17092,-0.04182083193183092,(802.2480794411599+759.2143362720786j)
17093,-0.041764771835407555,(470.9344975060264-887.8709439423909j)
17094,-0.04170871173898419,(772.3360976096202-462.8712558722092j)
17095,-0.04165265164256082,(-1255.8942798771038-455.1717672228916j)
17096,-0.04159659154613746,(60.476289828272684-1067.9783757207156j)
17097,-0.04154053144971409,(-560.4836792328983-280.2931294134552j)
17098,-0.041484471353290725,(47.07640908817592-710.8118269573808j)
17099,-0.04142841125686736,(229.8164794431467+220.35182010771058j)
17100,-0.04137235116044399,(-975.1181498659794-292.633192735767j)
17101,-0.04131629106402063,(906.5665550851187-1976.6021028355342j)
17102,-0.04126023096759726,(-250.84396412960163-643.1376562888632j)
17103,-0.0412041708711739,(-168.33796701555758-255.28671300669248j)
17104,-0.041148110774750536,(-651.391930062119-220.31558354789783j)
17105,-0.04109205067832717,(224.189067767127-220.06058945955908j)
17106,-0.041035990581903804,(1184.0840467055384-179.4935481781975j)
17107,-0.04097993048548044,(266.053370616803+645.6462167889849j)
17108,-0.04092387038905707,(-410.13378211223596-997.8295504935853j)
17109,-0.040867810292633706,(371.8814254319894+169.98646027037634j)
17110,-0.04081175019621034,(373.25531283329053+608.9153446282472j)
17111,-0.040755690099786974,(240.79168271964568-320.17346224167056j)
17112,-0.04069963000336361,(732.2728569486842+230.59172658561386j)
17113,-0.04064356990694024,(-102.61749502137643-638.078933735463j)
17114,-0.04058750981051688,(858.6377313457355-923.8371886796372j)
17115,-0.04053144971409351,(875.1561685531624+530.4492260419045j)
17116,-0.040475389617670145,(-331.5450555062252+360.5131844668512j)
17117,-0.04041932952124678,(190.33030118682453-161.3293024645183j)
17118,-0.04036326942482341,(-454.23275059863545+464.6799230032477j)
17119,-0.04030720932840005,(-241.4020655930052+1089.402462210468j)
17120,-0.04025114923197668,(59.88466711613034-196.23566131963744j)
17121,-0.040195089135553315,(-244.2341652210664-1446.1673090580093j)
17122,-0.04013902903912995,(551.364051742609-1313.0957625484064j)
17123,-0.04008296894270658,(774.321307095644+123.2739895885814j)
17124,-0.04002690884628322,(-343.29848353799264-799.6325633014767j)
17125,-0.03997084874985985,(-96.15098065436615+111.50547440961748j)
17126,-0.039914788653436485,(-336.35887298970715+805.9988004449084j)
17127,-0.03985872855701312,(2689.115365582271+361.29619343216825j)
17128,-0.03980266846058975,(446.3069720700614+570.4877895636007j)
17129,-0.03974660836416639,(157.46027219608408+1202.4802919509634j)
17130,-0.03969054826774302,(-582.1694029197806-547.1265221675623j)
17131,-0.039634488171319655,(-20.732760222398237-64.97124091839804j)
17132,-0.03957842807489629,(278.1403945405571-1093.5943287179557j)
17133,-0.03952236797847292,(-410.8073761125862+282.32349800996406j)
17134,-0.03946630788204956,(106.78923431942326-783.4104526581418j)
17135,-0.03941024778562619,(-1039.5199980739246+232.374203282917j)
17136,-0.039354187689202826,(-537.2365389545653-1368.4722860728905j)
17137,-0.03929812759277946,(-82.70245602153138-1271.068778570123j)
17138,-0.039242067496356094,(-103.33711114618384-671.3632062851747j)
17139,-0.03918600739993273,(1013.6465745859375-885.6642687383477j)
17140,-0.03912994730350936,(-808.6672223776272+378.6224774683661j)
17141,-0.039073887207085996,(-657.9885650422282-957.8690194322038j)
17142,-0.03901782711066263,(617.518509543936-898.108009427837j)
17143,-0.038961767014239264,(471.11056751080497-84.85228293148882j)
17144,-0.0389057069178159,(592.8843273904961-368.22162396285404j)
17145,-0.03884964682139253,(-938.6351847249406-139.79579542539318j)
17146,-0.038793586724969166,(695.2563952766448+130.72197347683417j)
17147,-0.0387375266285458,(150.0113391221514-856.0109877197135j)
17148,-0.038681466532122434,(116.12710613562086+1087.7316694013284j)
17149,-0.03862540643569907,(338.8003313874745+42.72560630948742j)
17150,-0.0385693463392757,(200.91710787677732-985.1170945271608j)
17151,-0.038513286242852336,(487.97731671018454-316.99202233950143j)
17152,-0.03845722614642897,(-340.0288369142383-67.72646657081256j)
17153,-0.038401166050005604,(-1544.5004185891767-1081.7492668773807j)
17154,-0.03834510595358224,(-638.7894871698094-951.9880103455157j)
17155,-0.03828904585715887,(990.8614614268258+1146.877247939429j)
17156,-0.038232985760735506,(-335.7600425489188-255.69179560966182j)
17157,-0.03817692566431214,(1319.5951246231841-653.296145058599j)
17158,-0.038120865567888775,(811.2827064321287+132.86802164386324j)
17159,-0.03806480547146541,(-335.92891492491196-562.4662030883981j)
17160,-0.03800874537504204,(-411.6743567477594+89.86706560816532j)
17161,-0.03795268527861868,(1259.228558555398-1084.3514888336997j)
17162,-0.03789662518219531,(152.90542195398658-539.272455629189j)
17163,-0.037840565085771945,(-758.5759215319353-435.8721198857055j)
17164,-0.03778450498934858,(434.70696329940847+1246.1379423103403j)
17165,-0.03772844489292521,(-663.149893767557-355.08430314521115j)
17166,-0.037672384796501854,(770.207051556915-690.3469911872022j)
17167,-0.03761632470007849,(-407.82491255038474+335.8815030404371j)
17168,-0.03756026460365512,(-1100.4374341206149+262.7678811208508j)
17169,-0.037504204507231756,(-566.8094330099359+809.9445928039117j)
17170,-0.03744814441080839,(76.09626892305216+294.3509411184557j)
17171,-0.037392084314385024,(1338.377669334989+535.0621632992495j)
17172,-0.03733602421796166,(686.7591005341089+582.0657051716945j)
17173,-0.03727996412153829,(-457.330765578135-582.1762656671623j)
17174,-0.037223904025114926,(137.35323723731256-1260.747660659089j)
17175,-0.03716784392869156,(-920.44687859913+1028.220268310241j)
17176,-0.037111783832268194,(249.23432785812977+234.90880960108882j)
17177,-0.03705572373584483,(133.982056134463+541.7637542837846j)
17178,-0.03699966363942146,(-389.82165960173006+1136.6409338640728j)
17179,-0.036943603542998096,(540.4004193209167+471.8257116599716j)
17180,-0.03688754344657473,(-1025.5472984034043+641.7484512567021j)
17181,-0.036831483350151364,(490.9337081518104-1307.1175237821649j)
17182,-0.036775423253728,(-260.2473319079808-736.0020293708252j)
17183,-0.03671936315730463,(107.04318507985775+215.55411462129945j)
17184,-0.03666330306088127,(-165.29574938895882+859.6215059703894j)
17185,-0.0366072429644579,(-627.5867453705835+358.75557710071246j)
17186,-0.036551182868034535,(-930.1332478464316-23.435411894827666j)
17187,-0.03649512277161117,(57.208360400156835+794.5758628315753j)
17188,-0.0364390626751878,(4.040064069789196-707.5690808394402j)
17189,-0.03638300257876444,(120.96011025762311-106.16630722767079j)
17190,-0.03632694248234107,(423.2547812119087-1857.6920564675859j)
17191,-0.036270882385917705,(-945.6454265089689+525.872674713397j)
17192,-0.03621482228949434,(471.49738087568255-127.70100545674956j)
17193,-0.03615876219307097,(790.8543760419695-132.84138057345166j)
17194,-0.03610270209664761,(-539.1646655908415-586.9153351355762j)
17195,-0.03604664200022424,(68.09252090285983-520.0155065317865j)
17196,-0.035990581903800875,(683.8941020437741+169.81446746021518j)
17197,-0.03593452180737751,(-1054.5358509622447+1263.347303333398j)
17198,-0.03587846171095414,(-21.77920456620464+525.5044627391809j)
17199,-0.03582240161453078,(508.87662430817676-669.677487767586j)
17200,-0.03576634151810741,(731.3736508147472+599.6208761416832j)
17201,-0.035710281421684045,(-541.3584351932841-440.77539257955743j)
17202,-0.03565422132526068,(307.3898700594559+379.9479260166207j)
17203,-0.03559816122883731,(-1133.956761652449-705.2016249503863j)
17204,-0.03554210113241395,(444.17426686001727-972.1448197671721j)
17205,-0.03548604103599058,(261.3124662666437+187.41584104337664j)
17206,-0.035429980939567216,(965.3294704446944-183.22581731686302j)
17207,-0.03537392084314385,(543.6955850184361+816.5830784254194j)
17208,-0.035317860746720484,(-391.5398748752008-177.07067263140868j)
17209,-0.03526180065029712,(1028.7482157516833-536.6976060736417j)
17210,-0.03520574055387375,(846.1682146047557-88.34701580247349j)
17211,-0.035149680457450386,(450.776306758681+11.002940878745662j)
17212,-0.03509362036102702,(-1246.1945247332555+756.3720282894221j)
17213,-0.035037560264603654,(-328.77207905610544-843.3375713619212j)
17214,-0.03498150016818029,(281.4640453518025-335.80222462586624j)
17215,-0.03492544007175692,(87.89945261264054-324.8034372253365j)
17216,-0.034869379975333556,(-700.1381604047045-771.480742338118j)
17217,-0.03481331987891019,(830.6654512664659-452.4170869820615j)
17218,-0.034757259782486824,(244.09676275319174+118.65667136769619j)
17219,-0.03470119968606346,(-1473.4476501895954+247.64891874283967j)
17220,-0.03464513958964009,(709.8742592816384+535.329390046501j)
17221,-0.034589079493216726,(71.55573064821921-127.428738286902j)
17222,-0.03453301939679336,(-133.60921472353755-1170.1804059775861j)
17223,-0.034476959300369994,(483.1305661895167-162.67110785916526j)
17224,-0.03442089920394663,(381.8802997083568+758.4767234754963j)
17225,-0.03436483910752326,(-421.0946085428924-360.9019737681031j)
17226,-0.034308779011099896,(813.2211963321848+251.40455632698823j)
17227,-0.03425271891467653,(-664.1141245785907+279.2115456395955j)
17228,-0.034196658818253164,(-689.7041265716648-843.2962715295582j)
17229,-0.0341405987218298,(-416.6933550758022-282.5990526244174j)
17230,-0.03408453862540643,(-132.98301466887776+251.76431142543916j)
17231,-0.034028478528983074,(-232.05911124049084+313.1277841232237j)
17232,-0.03397241843255971,(-128.09731309770106-528.4225132384706j)
17233,-0.03391635833613634,(1947.7645722349453+1.0367811536793j)
17234,-0.033860298239712976,(692.3036987453338+585.0178920863967j)
17235,-0.03380423814328961,(-560.2282378645348+814.5212924565972j)
17236,-0.033748178046866244,(33.329568462741804-1794.8553454727016j)
17237,-0.03369211795044288,(940.4660281281441-545.9139485898014j)
17238,-0.03363605785401951,(-308.0317326158105+1414.6825274005473j)
17239,-0.033579997757596146,(769.0328690608704-536.2211494537077j)
17240,-0.03352393766117278,(-606.5469776430173+150.20798102875742j)
17241,-0.033467877564749414,(-587.9536750547506-550.3345787537362j)
17242,-0.03341181746832605,(-323.8562100137152+994.7805392760425j)
17243,-0.03335575737190268,(322.89428176476133+542.8252220200944j)
17244,-0.033299697275479316,(-604.4568958384873+228.30120382089288j)
17245,-0.03324363717905595,(-302.50884091871006+450.474655229308j)
17246,-0.033187577082632584,(755.8647460542804+798.8807762064089j)
17247,-0.03313151698620922,(-332.77580633059307-101.21326210439895j)
17248,-0.03307545688978585,(664.1590826139526+606.4790555066905j)
17249,-0.033019396793362486,(120.08740931967759+179.48922044407092j)
17250,-0.03296333669693912,(-722.9115387151837+257.19698482911025j)
17251,-0.032907276600515754,(39.67123672443938+1354.8377745762928j)
17252,-0.03285121650409239,(-166.37148783043585-860.8143658355732j)
17253,-0.03279515640766902,(-11.339397574487009-25.616689070176633j)
17254,-0.032739096311245657,(-979.5585571573329+241.65678166073621j)
17255,-0.03268303621482229,(-11.798302124963527-920.2622022884071j)
17256,-0.032626976118398925,(1229.5109751297778+871.5220228455423j)
17257,-0.03257091602197556,(82.97322324642099+69.24400647848479j)
17258,-0.03251485592555219,(912.9573260346475+423.6129048757347j)
17259,-0.03245879582912883,(-1886.7258758263354-875.2236357729298j)
17260,-0.03240273573270546,(598.6251382283135-1313.0869898684573j)
17261,-0.032346675636282095,(295.12354889919794-99.1572056993909j)
17262,-0.03229061553985873,(736.1837762355692-48.4875437910882j)
17263,-0.03223455544343536,(-44.17794699983749-1422.3144287285993j)
17264,-0.032178495347012,(44.716440311247666+418.0187146789871j)
17265,-0.03212243525058863,(402.7489449680502+139.79465367746957j)
17266,-0.032066375154165265,(208.1114876380276+833.7853525820929j)
17267,-0.0320103150577419,(-49.58574756125677-1238.1137681706332j)
17268,-0.03195425496131853,(-410.631375931006+373.24604541430034j)
17269,-0.03189819486489517,(357.9277811278357-7.455949475424802j)
17270,-0.0318421347684718,(284.6944716861251-1102.7880116352812j)
17271,-0.031786074672048435,(929.3340650552303-486.0475322969338j)
17272,-0.03173001457562507,(-168.30951763036379+62.04864661307341j)
17273,-0.0316739544792017,(-365.62036406742544+949.6271089155512j)
17274,-0.03161789438277834,(-684.4459155610884+195.7570939206909j)
17275,-0.03156183428635497,(155.97770595291536+1254.4706878269567j)
17276,-0.031505774189931605,(-227.52299155056085+389.46412188092995j)
17277,-0.03144971409350824,(-816.6502933947762+182.42978365028193j)
17278,-0.031393653997084874,(-77.25996316121814-1049.4020316104868j)
17279,-0.03133759390066151,(393.25710584766915+673.5797404467414j)
17280,-0.03128153380423814,(-73.79717777136413-150.61522462615955j)
17281,-0.03122547370781478,(585.140405088031+341.4538831718686j)
17282,-0.031169413611391413,(-234.27544195024583-84.05253311383157j)
17283,-0.031113353514968047,(-1062.1557272717178-241.9616175487605j)
17284,-0.03105729341854468,(-274.65479765741804+138.16049394797932j)
17285,-0.031001233322121315,(242.71667366551742-1448.8837418069998j)
17286,-0.03094517322569795,(155.9813920237729+408.082027219394j)
17287,-0.030889113129274583,(-1621.0122269338178+607.6115170130462j)
17288,-0.030833053032851217,(-78.12568911019727-296.12812749621696j)
17289,-0.03077699293642785,(1064.9159144545536+1097.7347982663578j)
17290,-0.030720932840004486,(-68.84146741782308-707.2611113643375j)
17291,-0.03066487274358112,(10.287957087113995-399.4101975556431j)
17292,-0.030608812647157754,(310.78905387580556-558.4940712934422j)
17293,-0.030552752550734388,(-665.5657530097305+680.9425851937258j)
17294,-0.03049669245431102,(910.9384170937641+104.82379267549811j)
17295,-0.030440632357887656,(722.8586075111375+910.0605168947528j)
17296,-0.03038457226146429,(-1207.258321310336-392.059676454055j)
17297,-0.030328512165040924,(-258.4670938181004+479.3834562353015j)
17298,-0.030272452068617558,(-837.6780400098355-10.943385071272132j)
17299,-0.030216391972194192,(139.428399523822+613.8696415215261j)
17300,-0.030160331875770826,(605.7467736368245+1088.040967508374j)
17301,-0.03010427177934746,(-422.82032679860805+966.1174030711977j)
17302,-0.030048211682924094,(240.333312625669+819.1743072038117j)
17303,-0.029992151586500728,(-671.316415694463+199.51127259725257j)
17304,-0.029936091490077362,(681.5418203140429-428.2826155737383j)
17305,-0.029880031393653996,(879.660508535613+548.2783670651249j)
17306,-0.02982397129723063,(-1212.786599485305+427.6849655774749j)
17307,-0.029767911200807264,(1313.013452508298+1523.7131462001512j)
17308,-0.0297118511043839,(-669.3262830289268-972.2010941513854j)
17309,-0.029655791007960532,(941.3542646619426-11.716244994669296j)
17310,-0.02959973091153717,(1433.219301584097-365.9184582708656j)
17311,-0.029543670815113804,(-126.5858902148709+523.849518680723j)
17312,-0.029487610718690438,(-1203.1032554877727-125.75489101960196j)
17313,-0.029431550622267072,(-386.5872115697893+391.20664459007577j)
17314,-0.029375490525843706,(-507.59495939378684+650.3596220280156j)
17315,-0.02931943042942034,(29.878109085961896-227.71494278059907j)
17316,-0.029263370332996974,(-483.48168063318167-386.3061946761949j)
17317,-0.029207310236573608,(-468.5099164750949+1326.5183287403372j)
17318,-0.029151250140150242,(-343.55854422197575-1403.4658388974863j)
17319,-0.029095190043726876,(93.80574365899983+9.727449797631351j)
17320,-0.02903912994730351,(-98.38682670094292-752.2261643216239j)
17321,-0.028983069850880144,(-597.603384724011-927.5451558285267j)
17322,-0.02892700975445678,(-342.5793045325684+536.3472495919069j)
17323,-0.028870949658033412,(1253.0669393176368-221.05366930336362j)
17324,-0.028814889561610046,(153.47792023069408+171.40601669259357j)
17325,-0.02875882946518668,(277.93390020162656-493.1067018709135j)
17326,-0.028702769368763315,(1233.2968134979935+174.8409715582244j)
17327,-0.02864670927233995,(-234.54491852309366-815.8059769047823j)
17328,-0.028590649175916583,(-518.4119202298607+369.84323141433623j)
17329,-0.028534589079493217,(-355.55926840048164+615.7845559678797j)
17330,-0.02847852898306985,(402.1052003430765+14.706487517936328j)
17331,-0.028422468886646485,(217.29760807682598-117.35585004806j)
17332,-0.02836640879022312,(374.183636948045+745.0782332217835j)
17333,-0.028310348693799753,(-638.1537890569267-3.760242232128803j)
17334,-0.028254288597376387,(-961.1284053436559-379.85843931449085j)
17335,-0.02819822850095302,(-186.20811607450764-111.45164009924976j)
17336,-0.028142168404529655,(-227.855784440241+189.13794575427806j)
17337,-0.02808610830810629,(-161.76911219315778-653.2542285671238j)
17338,-0.028030048211682923,(7.982543246689545-258.80265743173015j)
17339,-0.027973988115259557,(834.495704658791+162.27824993806524j)
17340,-0.02791792801883619,(794.4296703907423-409.59766055715056j)
17341,-0.027861867922412825,(16.591501451050874+683.429413649573j)
17342,-0.02780580782598946,(255.69887164058474-507.8061945003944j)
17343,-0.027749747729566097,(475.08090802649554+1097.7402934886763j)
17344,-0.02769368763314273,(1512.5171540443855+298.4865180049244j)
17345,-0.027637627536719365,(-204.14720698059097+872.8254046153709j)
17346,-0.027581567440296,(355.555379229135-1669.9438185352556j)
17347,-0.027525507343872633,(-763.748832044576-82.09801642016129j)
17348,-0.027469447247449267,(-448.1003787503858+1126.4305161718503j)
17349,-0.0274133871510259,(-406.41481457698495-1495.5820625229194j)
17350,-0.027357327054602535,(-41.352452324219556+377.9746909714815j)
17351,-0.02730126695817917,(32.19176967189787+249.64832886175586j)
17352,-0.027245206861755803,(-1273.0289587728105+1410.5983101293527j)
17353,-0.027189146765332437,(710.6011954163237+411.2487791528862j)
17354,-0.02713308666890907,(-269.54099518644875+274.41397266332206j)
17355,-0.027077026572485705,(-769.682587908982+1830.1882426569132j)
17356,-0.02702096647606234,(898.1898696143803+596.7605418009754j)
17357,-0.026964906379638973,(-1395.4106845429717+415.460128978475j)
17358,-0.026908846283215607,(-815.7682975878361+880.2176976942618j)
17359,-0.02685278618679224,(1714.3138832362374+717.9086452398122j)
17360,-0.026796726090368875,(-398.351208872411+985.1221481909313j)
17361,-0.02674066599394551,(-675.8064893412413-440.5028570481153j)
17362,-0.026684605897522144,(429.25592590321645-480.3148063553789j)
17363,-0.026628545801098778,(365.30716199574124+1344.2243616827054j)
17364,-0.02657248570467541,(932.9730396619252-877.6933105327362j)
17365,-0.026516425608252046,(515.4135002901492-320.9228902217096j)
17366,-0.02646036551182868,(695.0095966643554+1305.5799297566173j)
17367,-0.026404305415405314,(703.3730585555058+1637.6821067162527j)
17368,-0.026348245318981948,(738.5749648553801-403.16914771223304j)
17369,-0.026292185222558582,(-964.5000847919788-1759.3692999375437j)
17370,-0.026236125126135216,(-652.145111111974+243.86784010756796j)
17371,-0.02618006502971185,(-769.8392586998341-1359.4918681982037j)
17372,-0.026124004933288484,(-219.6222890487852-262.62693752468834j)
17373,-0.026067944836865118,(-2070.1709747520986-759.4358648313826j)
17374,-0.026011884740441756,(34.61902645130011+49.69868526024884j)
17375,-0.02595582464401839,(78.98092195580676+209.0365544386635j)
17376,-0.025899764547595024,(150.32292884083188+237.68785285473575j)
17377,-0.025843704451171658,(353.95668818204166+379.9531119236044j)
17378,-0.02578764435474829,(925.7454217293173-55.712177965286685j)
17379,-0.025731584258324926,(-1879.8452163222414+172.87923453857002j)
17380,-0.02567552416190156,(717.5313197425457-1507.1456079032394j)
17381,-0.025619464065478194,(624.64666519735+648.9035064294545j)
17382,-0.025563403969054828,(-452.53490512388146-297.0617915120217j)
17383,-0.025507343872631462,(68.0057505255354-615.7074994570357j)
17384,-0.025451283776208096,(1233.4460720370475-423.10010445152886j)
17385,-0.02539522367978473,(-570.5729017707416-226.64429400130373j)
17386,-0.025339163583361364,(-249.55596536217672+330.7111825974204j)
17387,-0.025283103486937998,(648.5399592352516-108.61288112363522j)
17388,-0.025227043390514632,(23.171407077805924-438.46916807475054j)
17389,-0.025170983294091266,(1020.3988178111867-375.75247450785616j)
17390,-0.0251149231976679,(-1085.0166632109967+239.09479295119945j)
17391,-0.025058863101244534,(321.87613199019916-295.19187156104886j)
17392,-0.02500280300482117,(-286.1654505769082-559.4495467066415j)
17393,-0.024946742908397802,(-421.94247553188126-928.5270694587723j)
17394,-0.024890682811974436,(933.9759078539214+1160.398617924032j)
17395,-0.02483462271555107,(107.78973867416329+416.9233953612383j)
17396,-0.024778562619127704,(262.41491300667195+417.30142968822594j)
17397,-0.02472250252270434,(-285.84370292256716+719.7251615856319j)
17398,-0.024666442426280973,(1260.054054038762-139.67983690300173j)
17399,-0.024610382329857607,(-441.08915806469236-294.61671016796254j)
17400,-0.02455432223343424,(26.485989410311618+711.065790091591j)
17401,-0.024498262137010875,(-1486.033127243952-465.88536306848505j)
17402,-0.02444220204058751,(218.06553053882453+727.5296078413073j)
17403,-0.024386141944164143,(262.0950027604616-388.55425649180194j)
17404,-0.024330081847740777,(552.7824303208847+1490.5293499654042j)
17405,-0.02427402175131741,(123.95006878907395-840.1448597863854j)
17406,-0.024217961654894045,(209.5861880291597-64.23901925938767j)
17407,-0.024161901558470682,(-747.4779417700012-846.280819184428j)
17408,-0.024105841462047316,(-151.4815752811238-642.1475648306237j)
17409,-0.02404978136562395,(-897.2187722611582+292.32814210837506j)
17410,-0.023993721269200585,(-250.3263767708662-1322.4755811963287j)
17411,-0.02393766117277722,(211.86541862782263+299.9065153472731j)
17412,-0.023881601076353853,(-427.04166825230266+117.46470285627628j)
17413,-0.023825540979930487,(-177.19292428673984-412.6993042927231j)
17414,-0.02376948088350712,(472.8752744806174+82.38328463258199j)
17415,-0.023713420787083755,(667.8736174443503+1167.7035995948427j)
17416,-0.02365736069066039,(617.8587103069189+666.2013033873885j)
17417,-0.023601300594237023,(-62.830844591639675+1390.989815297757j)
17418,-0.023545240497813657,(-597.1749746761649-181.16626625019458j)
17419,-0.02348918040139029,(142.2969188679605+489.06866570546765j)
17420,-0.023433120304966925,(40.47963340652825+163.95589000451025j)
17421,-0.02337706020854356,(-19.056759816844703-822.9318785269071j)
17422,-0.023321000112120193,(-1195.0046138789571-232.1413702420482j)
17423,-0.023264940015696827,(314.2434098897828-1482.2047357524111j)
17424,-0.02320887991927346,(-972.1380032516978-276.08602916494675j)
17425,-0.023152819822850095,(355.9872746419162+714.8380651912671j)
17426,-0.02309675972642673,(1426.84771290298-575.3498697140387j)
17427,-0.023040699630003363,(1537.2353023535027+125.88245422501141j)
17428,-0.022984639533579997,(273.9632467450644-376.8829735642229j)
17429,-0.02292857943715663,(-563.9185901058366-110.0188057628001j)
17430,-0.022872519340733265,(571.2389729841924+423.0023205131109j)
17431,-0.0228164592443099,(-781.1594684774664+819.8727539253832j)
17432,-0.022760399147886533,(451.0609103599105+668.0504385828015j)
17433,-0.022704339051463168,(883.4985646453404+41.57252378784199j)
17434,-0.0226482789550398,(521.406588999458-228.79907631054454j)
17435,-0.022592218858616436,(702.5953183921365-38.46384531904056j)
17436,-0.02253615876219307,(-742.1844357114327+255.66257238339955j)
17437,-0.022480098665769704,(546.7583427769158-47.44122475378572j)
17438,-0.02242403856934634,(765.6194146014574-44.14633361595865j)
17439,-0.022367978472922975,(-156.12078854797585-26.46335066682825j)
17440,-0.02231191837649961,(-405.4276922424705-616.2788425357285j)
17441,-0.022255858280076243,(868.9426196909951-1228.2939779350666j)
17442,-0.022199798183652877,(-887.217996261054-613.9028378034878j)
17443,-0.02214373808722951,(743.0809794586061-199.80569889734488j)
17444,-0.022087677990806145,(-178.01336208544842-86.05131416200206j)
17445,-0.02203161789438278,(1743.4297075677964+527.7225206370913j)
17446,-0.021975557797959414,(-756.1932422690644-312.8132196329243j)
17447,-0.021919497701536048,(1020.5338242177507-163.0147893452514j)
17448,-0.02186343760511268,(-377.2942501166523-783.7663358201739j)
17449,-0.021807377508689316,(-1177.5099343334716+334.3016764686656j)
17450,-0.02175131741226595,(-26.256317387609585-1356.3881019373553j)
17451,-0.021695257315842584,(11.676410532301396+171.3498066840508j)
17452,-0.021639197219419218,(-488.2757317424614-1325.4517525556685j)
17453,-0.021583137122995852,(418.8384383107134+1596.542179772183j)
17454,-0.021527077026572486,(-1110.8794145592915-94.59456444463927j)
17455,-0.02147101693014912,(1231.6087618738866+35.68344944071771j)
17456,-0.021414956833725754,(-37.21162320732748+732.2161277069443j)
17457,-0.021358896737302388,(443.77706217323873-454.29982124869787j)
17458,-0.021302836640879022,(20.106111635120612-678.8760877016998j)
17459,-0.021246776544455656,(767.7376422223742+18.03320953361184j)
17460,-0.02119071644803229,(-1325.1464205075-213.89182357843023j)
17461,-0.021134656351608924,(-158.61968612955752+621.1871003493189j)
17462,-0.021078596255185558,(1046.2246737543533-207.46670804006766j)
17463,-0.021022536158762192,(-1214.4837459856958-67.94572048472816j)
17464,-0.020966476062338826,(560.2364595403753-1704.844781917203j)
17465,-0.02091041596591546,(1486.1302042875072+667.7877964091899j)
17466,-0.020854355869492094,(-2238.488224753595+433.4936602986992j)
17467,-0.02079829577306873,(13.193029396908798-830.3010949364985j)
17468,-0.020742235676645362,(-510.68843176665-37.517331600049175j)
17469,-0.020686175580221997,(-1297.068560683031+14.433325643938133j)
17470,-0.02063011548379863,(-351.46930705798326+13.609683243101372j)
17471,-0.020574055387375268,(-304.92467444439-382.5603942706032j)
17472,-0.020517995290951902,(-15.817067608726104-1006.2828630871576j)
17473,-0.020461935194528536,(-498.4067107547495+230.428933653006j)
17474,-0.02040587509810517,(-72.49594877276161-432.05339118551063j)
17475,-0.020349815001681804,(-453.1542704226897-875.8492772192831j)
17476,-0.02029375490525844,(-447.1511152474766+675.5565091267042j)
17477,-0.020237694808835072,(852.5927733344031-92.59646462136988j)
17478,-0.020181634712411706,(198.30709279608686-294.1915704291216j)
17479,-0.02012557461598834,(-45.15141915078527-205.49863600656332j)
17480,-0.020069514519564974,(1083.865386163806-123.33176890520002j)
17481,-0.02001345442314161,(565.4278690615162-603.5646669535397j)
17482,-0.019957394326718243,(-347.888493596159-57.28219303097491j)
17483,-0.019901334230294877,(811.5155405197495+144.15115416219453j)
17484,-0.01984527413387151,(33.3597552524561+487.0893264533194j)
17485,-0.019789214037448145,(328.5944926333294-98.6582286000588j)
17486,-0.01973315394102478,(-754.73952309479-948.5806637909889j)
17487,-0.019677093844601413,(1470.901961097605-1016.2829347129793j)
17488,-0.019621033748178047,(-50.639896749214415+798.0719983265425j)
17489,-0.01956497365175468,(522.2036614482903-326.24230727855314j)
17490,-0.019508913555331315,(275.7652564850791+41.66004636169424j)
17491,-0.01945285345890795,(-1620.501399191954-506.86467987990443j)
17492,-0.019396793362484583,(109.65521951560353+244.213606613757j)
17493,-0.019340733266061217,(122.9735869779276-818.0447590369217j)
17494,-0.01928467316963785,(202.50063369601793+607.2234374284296j)
17495,-0.019228613073214485,(229.00101762825375-1649.6399490140764j)
17496,-0.01917255297679112,(1830.4988230983843+494.646326724897j)
17497,-0.019116492880367753,(-440.31558256603034-1170.8788608544066j)
17498,-0.019060432783944387,(903.9942756477304-581.4214702902228j)
17499,-0.01900437268752102,(642.1322273307306+207.0128945356531j)
17500,-0.018948312591097655,(1526.7964205605317-580.1793618188498j)
17501,-0.01889225249467429,(-714.0151469554207-836.1599248073704j)
17502,-0.018836192398250927,(53.50497141953173+713.187412930676j)
17503,-0.01878013230182756,(-915.3131564748331-1977.5748507523977j)
17504,-0.018724072205404195,(1125.3823544221113+443.97851263358376j)
17505,-0.01866801210898083,(69.02231656673267+226.0035431409471j)
17506,-0.018611952012557463,(-480.8187363249261-471.63845692179973j)
17507,-0.018555891916134097,(1301.4711899485105+281.58814236359217j)
17508,-0.01849983181971073,(-500.3299708443276-554.8733655368226j)
17509,-0.018443771723287365,(24.465130613556937+745.638334787035j)
17510,-0.018387711626864,(-467.2734785961726+682.653789169179j)
17511,-0.018331651530440633,(258.89904270150873+1118.1059755732065j)
17512,-0.018275591434017267,(-321.07659911739347-725.1900122610581j)
17513,-0.0182195313375939,(960.5969890073446-1173.0216982445145j)
17514,-0.018163471241170535,(-40.87794223376102+520.4119314317911j)
17515,-0.01810741114474717,(-844.5697468089065+673.8963614456774j)
17516,-0.018051351048323803,(-1040.6122205325062-435.57828414239987j)
17517,-0.017995290951900438,(298.46349567721535-925.4819689141541j)
17518,-0.01793923085547707,(249.7015985255769+114.30255171171832j)
17519,-0.017883170759053706,(-1346.647990738269-957.8941705409311j)
17520,-0.01782711066263034,(1536.333727895786-212.84998013357938j)
17521,-0.017771050566206974,(-885.9567197648994-440.04752763965894j)
17522,-0.017714990469783608,(-287.3366157796447-372.9230719011937j)
17523,-0.017658930373360242,(1136.4944512043642-988.1316068976463j)
17524,-0.017602870276936876,(-545.2214675155916+284.43628864282135j)
17525,-0.01754681018051351,(-178.90685298673534-607.0103340292686j)
17526,-0.017490750084090144,(312.3980927158792+804.9753753152311j)
17527,-0.017434689987666778,(-360.16184689985647+166.17901579307386j)
17528,-0.017378629891243412,(-524.5058128729326-27.03509524122768j)
17529,-0.017322569794820046,(219.7520023151755+276.7293737385902j)
17530,-0.01726650969839668,(-822.3446061521252+77.6491391722671j)
17531,-0.017210449601973314,(-226.07970539829842-1277.9103989325376j)
17532,-0.017154389505549948,(-850.7607439381264+1119.7765592190053j)
17533,-0.017098329409126582,(494.85222133870263-731.202034353422j)
17534,-0.017042269312703216,(-729.783449594441+149.41914472111407j)
17535,-0.016986209216279854,(133.24898236166368-476.8524392274086j)
17536,-0.016930149119856488,(76.35642222212181+924.2540425961863j)
17537,-0.016874089023433122,(-835.1676766247292+1144.767584738863j)
17538,-0.016818028927009756,(1213.4303429033653+434.79052940186733j)
17539,-0.01676196883058639,(-539.1799840084135-342.93072881102944j)
17540,-0.016705908734163024,(80.4912425044309-1203.1286132875196j)
17541,-0.016649848637739658,(376.43524046724457+860.0530563518957j)
17542,-0.016593788541316292,(-44.93434327002456+311.5914327147715j)
17543,-0.016537728444892926,(-32.909728843535135-628.9836351981594j)
17544,-0.01648166834846956,(-258.09332061270214-87.69164131971235j)
17545,-0.016425608252046194,(984.5315037826895+353.3912717237251j)
17546,-0.016369548155622828,(349.82812465869927-695.0947763936759j)
17547,-0.016313488059199462,(140.34262701844747+456.0011121415125j)
17548,-0.016257427962776096,(-735.8011973012806+919.6503379143501j)
17549,-0.01620136786635273,(872.4196562344231-208.01559631953359j)
17550,-0.016145307769929364,(-577.4417261930306-191.18614553927455j)
17551,-0.016089247673506,(-310.74487967011635-506.69544387923276j)
17552,-0.016033187577082633,(-1397.9835548983106-227.88193741961038j)
17553,-0.015977127480659267,(-1095.4478909910315+477.03157654658j)
17554,-0.0159210673842359,(710.165227977517+1784.2392704474619j)
17555,-0.015865007287812535,(193.84957745840794+552.9963213027719j)
17556,-0.01580894719138917,(318.9120305180849-273.5476624119898j)
17557,-0.015752887094965803,(136.49382958632478-214.54275965208268j)
17558,-0.015696826998542437,(212.62850007349797+425.3215183574345j)
17559,-0.01564076690211907,(1308.178137001533+201.92740413395802j)
17560,-0.015584706805695707,(-269.32180187920477+419.6014013357418j)
17561,-0.01552864670927234,(344.707287653403+377.38272293034095j)
17562,-0.015472586612848975,(-617.0606410177821-1007.938537407925j)
17563,-0.015416526516425609,(325.9282599364428-441.0956262201685j)
17564,-0.015360466420002243,(216.84932400217497+614.5170170496878j)
17565,-0.015304406323578877,(-873.3851804801153-1145.1578482129007j)
17566,-0.01524834622715551,(-15.798709874595886+398.78998867574126j)
17567,-0.015192286130732145,(-1136.7551037214428+443.27866025892126j)
17568,-0.015136226034308779,(-455.982445362173-157.22659787833123j)
17569,-0.015080165937885413,(694.2835918390414-1335.589360920664j)
17570,-0.015024105841462047,(-155.295491026029-22.027599530862723j)
17571,-0.014968045745038681,(36.7687078625948-305.1272488215492j)
17572,-0.014911985648615315,(451.1053254541945-432.3490792959371j)
17573,-0.01485592555219195,(582.4045120996611+830.2288021630585j)
17574,-0.014799865455768585,(957.3228064685977-102.69332502068681j)
17575,-0.014743805359345219,(496.9349973866941+322.4481871937028j)
17576,-0.014687745262921853,(1030.6857270123805+1433.4455796540678j)
17577,-0.014631685166498487,(350.23029037590754+603.5849769862907j)
17578,-0.014575625070075121,(463.72330086291936+31.90373960285649j)
17579,-0.014519564973651755,(-1195.31705765509+412.11028531626204j)
17580,-0.01446350487722839,(101.80391125191693-1862.5886402515707j)
17581,-0.014407444780805023,(-931.675857841853+427.1754299069168j)
17582,-0.014351384684381657,(-244.11616658064858-914.7930136854873j)
17583,-0.014295324587958291,(-490.7902058374909-369.0283789523056j)
17584,-0.014239264491534925,(234.1736119389709-622.0926304346327j)
17585,-0.01418320439511156,(-898.3645068224891-1280.6350724760714j)
17586,-0.014127144298688193,(614.3248413229676-845.4110989390913j)
17587,-0.014071084202264827,(362.12315921400966+888.5949067997752j)
17588,-0.014015024105841462,(-65.41588121520523-1880.4795477429739j)
17589,-0.013958964009418096,(31.37093428176764+747.4514129837158j)
17590,-0.01390290391299473,(388.6376623212374+1463.746240671662j)
17591,-0.013846843816571365,(-241.20639508645223+243.8226504073436j)
17592,-0.013790783720148,(621.3813264019486-1938.6625851686774j)
17593,-0.013734723623724633,(475.7616628484466-457.2001048839632j)
17594,-0.013678663527301268,(-5.55904893387094-1324.7789140353327j)
17595,-0.013622603430877902,(-36.00415086321635+667.4524044766654j)
17596,-0.013566543334454536,(128.8920840050135-1133.503380720959j)
17597,-0.01351048323803117,(379.31662041462596+650.4909290924875j)
17598,-0.013454423141607804,(309.8050433439591-788.9332547459512j)
17599,-0.013398363045184438,(-485.87717481949505-1170.7986574397792j)
17600,-0.013342302948761072,(1853.192917898975-719.8523658340619j)
17601,-0.013286242852337706,(-354.6122127235593-1115.6659547374861j)
17602,-0.01323018275591434,(-885.1273173828165+43.949097068333344j)
17603,-0.013174122659490974,(-419.6821962248877+345.6435002087302j)
17604,-0.013118062563067608,(-249.7055182486758+374.92356035080115j)
17605,-0.013062002466644242,(-574.50112613908+1001.4238301945504j)
17606,-0.013005942370220878,(-823.7315204958379-689.5054907286278j)
17607,-0.012949882273797512,(1149.0703773213063-821.7896754963309j)
17608,-0.012893822177374146,(-30.494588802136+522.2718944489511j)
17609,-0.01283776208095078,(76.40642151837883-649.8222304535037j)
17610,-0.012781701984527414,(227.54505005420054+909.4729672201681j)
17611,-0.012725641888104048,(-111.24032106492754+35.54477941142363j)
17612,-0.012669581791680682,(-458.9827674347639-1879.0691657914822j)
17613,-0.012613521695257316,(644.1414513862533+227.49560127605332j)
17614,-0.01255746159883395,(-1073.106093323528-556.4149994681671j)
17615,-0.012501401502410584,(82.10466434823783+142.22684680561088j)
17616,-0.012445341405987218,(745.0876791227918+132.85371670747696j)
17617,-0.012389281309563852,(514.5844424936183-774.0145906255167j)
17618,-0.012333221213140486,(-750.4932383329829-1238.1180131678777j)
17619,-0.01227716111671712,(-225.19239004305655+998.8002338219594j)
17620,-0.012221101020293754,(7.225297365875861+1139.3453739339782j)
17621,-0.012165040923870388,(564.4547900343307+203.451500424396j)
17622,-0.012108980827447022,(-471.3633015887184-13.699036059428039j)
17623,-0.012052920731023658,(121.82919948319567-38.69748778501064j)
17624,-0.011996860634600292,(1071.9780157942157+459.3112556086196j)
17625,-0.011940800538176926,(-267.9248713666332+1244.3483428343386j)
17626,-0.01188474044175356,(4.558936946093475-579.1321991537737j)
17627,-0.011828680345330194,(-1253.9974482499729+371.1519735712559j)
17628,-0.011772620248906828,(81.8528319307062+1239.4849523029252j)
17629,-0.011716560152483462,(-1458.8635373655338-748.7807059265335j)
17630,-0.011660500056060097,(133.4251590390901+136.23682336220043j)
17631,-0.01160443995963673,(535.2089548085635-387.96451786675226j)
17632,-0.011548379863213365,(-375.98156781643337-938.6594469911504j)
17633,-0.011492319766789999,(727.9429012286705+255.3710744206146j)
17634,-0.011436259670366633,(-290.9867463291032+134.68200807979628j)
17635,-0.011380199573943267,(950.6453950314611+1333.0882371468138j)
17636,-0.0113241394775199,(794.4787222478254+717.1672056297778j)
17637,-0.011268079381096535,(-1132.8225581689348-1858.6723225345336j)
17638,-0.01121201928467317,(633.9205989027987-375.74026106587826j)
17639,-0.011155959188249805,(-738.7470614525374+113.59224180597164j)
17640,-0.011099899091826439,(-399.6249607397983-353.36082330127067j)
17641,-0.011043838995403073,(539.4110769302577-1326.5796633872817j)
17642,-0.010987778898979707,(1090.4964542659013-775.8886874164394j)
17643,-0.01093171880255634,(-898.3154733197924+427.9803553578526j)
17644,-0.010875658706132975,(94.69980308996142+643.1254764852977j)
17645,-0.010819598609709609,(1176.4915552140828-585.1986623585428j)
17646,-0.010763538513286243,(-1154.4854160044376+1697.0736807955477j)
17647,-0.010707478416862877,(1839.198745507052+603.931202766039j)
17648,-0.010651418320439511,(-670.0156228911479-1587.7959889438264j)
17649,-0.010595358224016145,(648.5745328993452-848.9300124457765j)
17650,-0.010539298127592779,(-1160.3602321744045-884.5665795266193j)
17651,-0.010483238031169413,(-421.2553373936231+57.73506402273004j)
17652,-0.010427177934746047,(335.46960701803476+587.6494090505703j)
17653,-0.010371117838322681,(622.0592619172133+142.2016533209593j)
17654,-0.010315057741899315,(-351.86942180874144+330.4475959290619j)
17655,-0.010258997645475951,(1069.8925612506437-1418.5249378125234j)
17656,-0.010202937549052585,(347.05737320790473-679.9466599867093j)
17657,-0.01014687745262922,(-671.3219867975735-688.21838881166j)
17658,-0.010090817356205853,(-1040.310572098856-616.4142510493178j)
17659,-0.010034757259782487,(524.0408407916605+1051.374302541465j)
17660,-0.009978697163359121,(831.0991379664263-415.93279440890865j)
17661,-0.009922637066935755,(766.4104407721416-806.5896890358975j)
17662,-0.00986657697051239,(156.96551323443975-287.688981464387j)
17663,-0.009810516874089023,(-1174.9054606689672-296.806493015223j)
17664,-0.009754456777665657,(-969.4160820846072-2640.434285313385j)
17665,-0.009698396681242291,(-404.49766563143567-253.46247256918042j)
17666,-0.009642336584818926,(807.6283868106045+648.0681363092186j)
17667,-0.00958627648839556,(-320.98135136684044-345.19160631079717j)
17668,-0.009530216391972194,(1378.10962247728+1263.1304107054639j)
17669,-0.009474156295548828,(-109.56314632787564+1769.759655479743j)
17670,-0.009418096199125463,(-483.70736232155394-894.715489078604j)
17671,-0.009362036102702097,(-687.9143730130514-9.53039962449131j)
17672,-0.009305976006278732,(557.2420344791379+111.15006244061168j)
17673,-0.009249915909855366,(195.75434976440698+447.6618373538599j)
17674,-0.009193855813432,(770.1303520031424-129.79772524412758j)
17675,-0.009137795717008634,(-1458.8146090513578-908.0629664728528j)
17676,-0.009081735620585268,(29.68903936932199+825.2523448170907j)
17677,-0.009025675524161902,(656.5720837794958-525.4882793439726j)
17678,-0.008969615427738536,(-35.80007697681262-1012.3179256765736j)
17679,-0.00891355533131517,(-212.60142971121738+1380.2645834577302j)
17680,-0.008857495234891804,(536.7805649766558-360.27787570771096j)
17681,-0.008801435138468438,(-48.998723121638704-612.5996200317892j)
17682,-0.008745375042045072,(-978.6144956846647+201.38560422421466j)
17683,-0.008689314945621706,(-297.76766421446166-468.08471435927606j)
17684,-0.00863325484919834,(35.35645834112324+836.7222838147933j)
17685,-0.008577194752774974,(78.9636073519207-322.2235636351632j)
17686,-0.008521134656351608,(-1216.291941629951+670.1572148902485j)
17687,-0.008465074559928244,(564.4842511239248-438.76251621295j)
17688,-0.008409014463504878,(-471.4699790377893+1072.771089626276j)
17689,-0.008352954367081512,(-10.67594592864117-675.4215199253301j)
17690,-0.008296894270658146,(-654.8630782571229+266.4042977802078j)
17691,-0.00824083417423478,(1631.7959564453427-1641.4368265133367j)
17692,-0.008184774077811414,(-1874.5498537931942+1018.3992941850278j)
17693,-0.008128713981388048,(-491.4947916333841+1280.4540910705355j)
17694,-0.008072653884964682,(253.9333419613787+1136.1755750951759j)
17695,-0.008016593788541316,(1355.3529327354704-379.7650727348374j)
17696,-0.00796053369211795,(817.3952055784341+83.83577013168724j)
17697,-0.007904473595694584,(380.45784081330714+121.09545812082952j)
17698,-0.007848413499271218,(-2123.52591472532-118.4681551188263j)
17699,-0.007792353402847853,(-1913.9193074009415+110.61376879929236j)
17700,-0.007736293306424487,(521.7392251051058+1443.8659779312488j)
17701,-0.007680233210001121,(1616.8261869355124+2055.0791122578053j)
17702,-0.007624173113577755,(-356.36555850318103+1117.3874646775664j)
17703,-0.0075681130171543895,(1329.1747067908066+316.0425965777058j)
17704,-0.0075120529207310235,(-1047.7408402182903-219.46560309419135j)
17705,-0.0074559928243076576,(151.89065715657605-387.69571168724536j)
17706,-0.0073999327278842925,(1254.4052066975821-1457.8138393242039j)
17707,-0.0073438726314609265,(-568.3453131784544-255.21677319638775j)
17708,-0.0072878125350375605,(-1422.3429452304515+820.7697402592905j)
17709,-0.007231752438614195,(524.7833326605987-112.71907686307995j)
17710,-0.007175692342190829,(286.3095381741387-763.3631016586149j)
17711,-0.007119632245767463,(1399.1465698112784+1537.989770480122j)
17712,-0.007063572149344097,(1135.1929817136406+906.6505648627269j)
17713,-0.007007512052920731,(1276.508462627804-1281.587196648004j)
17714,-0.006951451956497365,(138.3867592833853+283.2084473002927j)
17715,-0.006895391860074,(137.43326778883696-558.1117726656405j)
17716,-0.006839331763650634,(584.2788847864507-1077.7188720977572j)
17717,-0.006783271667227268,(123.55232311192958+447.2835784992364j)
17718,-0.006727211570803902,(-684.0610609953876+888.4307679190973j)
17719,-0.006671151474380536,(423.17527055426444+541.0195024939741j)
17720,-0.00661509137795717,(-797.4103175612794+475.17868140147925j)
17721,-0.006559031281533804,(-1932.2618448814274-384.7561623966204j)
17722,-0.006502971185110439,(-584.1483012970757+1090.0566641645087j)
17723,-0.006446911088687073,(502.87740911646245+398.4566272912418j)
17724,-0.006390850992263707,(-1158.1467658008924+81.04677231041956j)
17725,-0.006334790895840341,(-266.96395042005383+627.5921013629641j)
17726,-0.006278730799416975,(1266.0164998959083+649.2940462634281j)
17727,-0.006222670702993609,(692.2644223560209-844.2057082576641j)
17728,-0.006166610606570243,(15.113140602335875-946.6645513522117j)
17729,-0.006110550510146877,(435.8502550388765-266.27387719155405j)
17730,-0.006054490413723511,(473.2544925586586+700.1758687803275j)
17731,-0.005998430317300146,(131.6828366998111+1702.4068569472215j)
17732,-0.00594237022087678,(68.27700201884048+433.44418385460267j)
17733,-0.005886310124453414,(1295.02909793374+138.27157719580964j)
17734,-0.005830250028030048,(2404.863113465657+1209.4759580745197j)
17735,-0.005774189931606682,(-88.61185888057307-658.9583440804173j)
17736,-0.005718129835183316,(116.4408359039787+551.5527580251756j)
17737,-0.00566206973875995,(449.066660692016+1839.8166734346817j)
17738,-0.005606009642336585,(549.6010482076895+501.7756466918973j)
17739,-0.005549949545913219,(-963.1025062520473+1621.678805900137j)
17740,-0.005493889449489853,(-874.5691839310771+5329.465728991969j)
17741,-0.005437829353066487,(-473.31489328877757-3541.869702580788j)
17742,-0.0053817692566431215,(87.65228916189538-1480.1876357767915j)
17743,-0.0053257091602197555,(-351.6345387288036-731.5800153372406j)
17744,-0.0052696490637963896,(617.0302101468939-95.07345885022927j)
17745,-0.005213588967373024,(-571.5925630630787-918.7873714931083j)
17746,-0.005157528870949658,(-1272.473804667468-1209.776435338228j)
17747,-0.0051014687745262926,(-633.9884101140959-322.74422079502006j)
17748,-0.005045408678102927,(-308.4667404537727-247.34297561388863j)
17749,-0.004989348581679561,(-105.57036216961065+1324.6235739418687j)
17750,-0.004933288485256195,(-889.8088677837733-88.21683461096596j)
17751,-0.004877228388832829,(-456.9034313666491+311.27605146316915j)
17752,-0.004821168292409463,(-117.05304200332913-812.6358359837634j)
17753,-0.004765108195986097,(-1914.9435046129922+977.0246323773395j)
17754,-0.004709048099562732,(110.49449866903792-729.6870695689165j)
17755,-0.004652988003139366,(-553.7427902986361-498.11428077285757j)
17756,-0.004596927906716,(-1609.6610772768956+972.0757617634264j)
17757,-0.004540867810292634,(404.25329811483584+313.91349074966826j)
17758,-0.004484807713869268,(-443.01107745290574+814.9911973069411j)
17759,-0.004428747617445902,(1514.4957566744633-1633.100058520519j)
17760,-0.004372687521022536,(-208.68178489152564+1059.7400999937242j)
17761,-0.00431662742459917,(-944.2689392176978+1167.5927028118622j)
17762,-0.004260567328175804,(1583.9324923056924-1468.8261757172133j)
17763,-0.004204507231752439,(-522.7819578124124-439.7177640942456j)
17764,-0.004148447135329073,(1101.5334944438619-227.7599796458204j)
17765,-0.004092387038905707,(-1475.5265579470738-2316.9486028518895j)
17766,-0.004036326942482341,(148.22183464345346-1439.9197189681272j)
17767,-0.003980266846058975,(898.3371998263412-145.10142662983418j)
17768,-0.003924206749635609,(997.2699254533911+23.278918127814734j)
17769,-0.0038681466532122437,(-1358.4566672725387-885.6189124966525j)
17770,-0.0038120865567888777,(-122.08311732829515-820.0517004464377j)
17771,-0.0037560264603655118,(-1413.4221948837119-72.6763257572037j)
17772,-0.0036999663639421462,(-999.8036825367901-105.42886452251247j)
17773,-0.0036439062675187803,(-879.8946749557826+374.58113069216745j)
17774,-0.0035878461710954143,(-672.4485644946087-1164.770670073058j)
17775,-0.0035317860746720484,(-92.36137406398456+382.923687492029j)
17776,-0.0034757259782486824,(1771.7216326486682-1129.3276326363448j)
17777,-0.003419665881825317,(-161.70615761172962-2251.999580178891j)
17778,-0.003363605785401951,(1442.309206544091-291.2747463618161j)
17779,-0.003307545688978585,(2828.5112444203623-48.88724426845192j)
17780,-0.0032514855925552194,(1524.0962593059874+782.9561594996164j)
17781,-0.0031954254961318535,(1082.3235053954993-1341.791800130214j)
17782,-0.0031393653997084875,(173.30664036883695+740.3155519493073j)
17783,-0.0030833053032851216,(-435.40838075979036-136.53354671038875j)
17784,-0.0030272452068617556,(2039.568186414738+1353.50821829305j)
17785,-0.00297118511043839,(2175.0030106177+39.93835338556778j)
17786,-0.002915125014015024,(3625.9768794312413+828.6084345013794j)
17787,-0.002859064917591658,(3111.5022515476494-218.96110319992385j)
17788,-0.0028030048211682927,(6835.324288627742-2943.2338379797256j)
17789,-0.0027469447247449267,(56687.09015596361-21226.32466877121j)
17790,-0.0026908846283215607,(-9635.167047341562+2401.275120361792j)
17791,-0.0026348245318981948,(-5961.944555098563+1987.3359229388197j)
17792,-0.002578764435474829,(-3738.6328888622315+1120.697329859155j)
17793,-0.0025227043390514633,(-2670.6784876684537+597.5100882524243j)
17794,-0.0024666442426280973,(-3292.081405390196-384.27213819038434j)
17795,-0.0024105841462047314,(-670.3264931042091-461.86263554699696j)
17796,-0.002354524049781366,(-2794.333641807338-703.1572681644499j)
17797,-0.002298463953358,(-3092.4266809688097+3454.562655768119j)
17798,-0.002242403856934634,(43.91167654534861-100.8831387123721j)
17799,-0.002186343760511268,(-1471.8053390699083-265.6384966893849j)
17800,-0.002130283664087902,(-30.863018653943016+220.81088906743793j)
17801,-0.0020742235676645365,(-199.13704167257418-1636.4275559484831j)
17802,-0.0020181634712411706,(802.979370956607+1509.8793174911j)
17803,-0.0019621033748178046,(-1242.408127312931-845.0682337223017j)
17804,-0.0019060432783944389,(45.950812031882464+272.1416345301474j)
17805,-0.0018499831819710731,(-2212.4720084126807-158.06025146674546j)
17806,-0.0017939230855477072,(420.60398685004066-3273.5559115304222j)
17807,-0.0017378629891243412,(-465.88041352550835+1831.9212336278163j)
17808,-0.0016818028927009755,(-337.9663740513524-792.5565573194883j)
17809,-0.0016257427962776097,(-1505.0917541421659-911.6341121507019j)
17810,-0.0015696826998542438,(697.254922326987-324.9460830534111j)
17811,-0.0015136226034308778,(-1421.0985561513262+1007.5277750535985j)
17812,-0.001457562507007512,(-1223.8396068892657-1314.056750583877j)
17813,-0.0014015024105841463,(-311.15805447449355+204.6063689331516j)
17814,-0.0013454423141607804,(-474.56379331084514-893.6687531412443j)
17815,-0.0012893822177374144,(1261.4249129844573+680.2871803553666j)
17816,-0.0012333221213140487,(-1594.462297948483-1164.2578993721786j)
17817,-0.001177262024890683,(1230.6753958928502+134.29540731065964j)
17818,-0.001121201928467317,(-672.326750999989+1459.8853165132991j)
17819,-0.001065141832043951,(-1073.6198539321852-381.8489046122048j)
17820,-0.0010090817356205853,(1855.2651505136273-2429.6846121886356j)
17821,-0.0009530216391972194,(-1078.3232784469196-1183.8656269225178j)
17822,-0.0008969615427738536,(-1246.2608797243395+1224.7330128384024j)
17823,-0.0008409014463504877,(-272.0102540298424-2038.1565592557042j)
17824,-0.0007848413499271219,(-766.0172792064928-1804.1454096222226j)
17825,-0.000728781253503756,(241.77798220944365-396.46607056150856j)
17826,-0.0006727211570803902,(-117.84955077155092+311.0468446939323j)
17827,-0.0006166610606570243,(-647.2957318924654-429.69700354937385j)
17828,-0.0005606009642336585,(534.4515963836714-1009.0331922298362j)
17829,-0.0005045408678102926,(2343.6068610169646+1386.1585212096536j)
17830,-0.0004484807713869268,(-2307.243235423735+2588.753246576602j)
17831,-0.00039242067496356094,(-1914.5300425348364+373.19538317009193j)
17832,-0.0003363605785401951,(-568.5053731437074-1956.0379723373853j)
17833,-0.00028030048211682924,(-845.5993145769526+747.6068590427171j)
17834,-0.0002242403856934634,(-1636.2178426417381-155.47600224975568j)
17835,-0.00016818028927009755,(-1597.325522507219-381.7106703346946j)
17836,-0.0001121201928467317,(-396.54657015008934-1346.6099376432962j)
17837,-5.606009642336585e-05,(158.16714442041643-6085.032579913322j)
