,1019,3003,4032,4106,5007,6011,7045,8296,8297,9021,9518,9617,9789,10092,10286,10916,10917,11003,11052,12038,13017,14015,14825,15135,15590,15666,16001,16098,17043,17126,18012,18044,18192,21133,22823,23000,23373,26021,26026,27045,27058,28004,29063,29077,30124,30161,31011,32040,33119,34084,36007,36031,37010,38003,38026,39066,39083,39128,40004,40043,40842,42112,43109,44021,45025,46012,46126,48027,48245,50017,52088,53115,55024,56242,58012,61078,61363,63005,65070,67105,68072,68151,69018,70351,72150,72161,74258,76031,78015,80023,82039,84016,84145,85072,85096,87031,90015,91293,91311,92045,94029,94198,94220,96003
1019,0.0,621.8048905012031,1085.8258830999914,1057.1561094755532,1591.0824033761826,1796.22017071827,1607.9040751555194,1985.0391922608733,2049.3024017312555,2240.294027644617,2513.9596936285648,2428.013348436598,2224.177256365871,2091.627480846959,2151.995755739781,2340.566298414264,2279.3659703103226,1946.2545464653372,1846.2176105316885,1908.59153150681,1206.4481392456632,504.4330807069354,523.7619124045403,997.6932584840424,1301.2960709955385,745.8296849324072,2141.924041929616,1996.5431506508933,1733.0460589636846,2071.794920957293,2108.304443267696,2279.896324594704,2440.2789496367423,2459.0363546047324,2584.2818413133978,2586.9567076115195,2564.0924496914367,2956.803825749986,2854.669171792266,1661.162490044784,1747.6205195666223,1879.8305420768856,1587.0796816359427,1429.6631922677966,1855.4159098400712,1884.797071476008,2064.868278134515,2210.065556945065,2505.206733654481,2178.876355803092,2211.3564945141948,2112.379004026214,1369.9811551812904,1692.3957507948503,1847.7197131731507,2889.9650099889063,2698.573193330347,2929.2771083016523,3075.563896440309,3118.9600192103667,3103.157644907937,2802.9553210566623,2733.749143052007,2442.9620762153995,2337.336839801306,2563.204312757606,2311.3567691144617,2732.09419728793,2640.6611193614885,3007.2647256914624,2810.7328478963577,2919.4928872792816,3042.9973879176287,3041.655052894595,3217.0774586769626,3273.582138509081,3148.0777943543126,3140.248528594083,2986.256533213178,3242.6452772476346,3314.483118821497,3343.8809187023035,3354.550085122073,3245.642667539801,3116.158670886819,3236.091332471364,2987.365824515238,2706.174845454685,2866.4572062310244,2940.049969971771,3128.3311999950024,3459.491716032995,3376.2126242500253,3328.4656533861294,3371.843042164845,3170.164217906776,3192.336737230572,3556.112420751217,3621.291652632327,3635.501134353275,3743.497816183866,3787.087198493566,3739.254267541669,3636.8250802710536
3003,621.8048905012031,0.0,464.69562557341584,443.4452832632048,974.4591650594102,1174.777604896357,1035.8280309096606,1401.8445193922444,1481.9493105773022,1676.7234731661836,1957.4881509105255,1879.8882287168049,1766.3826750728542,1556.0445118279774,1601.917416282131,1809.652990660018,1729.3797408252458,1666.6142716957825,1551.8340788712076,1429.6126464946242,1006.9803646538776,1113.279672731726,948.2358011200567,1271.4599008222135,1373.4491716446198,854.3942625566092,2076.285550995281,1888.125149552657,1722.947878395331,2067.2250932465117,1951.483010384984,2148.9496033065075,2292.2697266421137,2370.9038963948037,2432.936932033164,2485.3767675419995,2477.7419903452574,2846.363514677888,2737.21885417255,2189.440268204991,2308.79865344275,2331.469116979112,1993.580636845832,1830.5983532655591,2249.4988761832965,2210.7688109203173,2495.697215696545,2587.1904432743663,2845.993889126449,2535.6403770151683,2473.5168521139944,2369.732680423001,1684.5628029569984,1920.412120202885,1971.4391563043337,3143.509416428098,2994.4973469029264,3201.3426458832923,3293.750612316454,3353.2560016406105,3328.4840909005666,3025.8396937898638,2914.0632989584515,2640.7912014812428,2469.642744956089,2606.856259773336,2383.1340006815103,2808.488462871873,2750.16537524861,3049.9220588684125,2943.144736693227,3079.0593716101,3174.456702778993,3205.353570527589,3403.401239537579,3383.6815642191164,3264.29231751434,3217.640393767521,3077.665190475744,3328.254603440319,3372.8806222090084,3402.142161603007,3391.972733104513,3284.3150898884705,3138.820131283025,3254.812783983456,2972.299138199871,2675.240723737235,2792.011059184035,2908.3600030607777,3122.908536566005,3465.926206654094,3365.6000176355155,3296.1218862608043,3315.2075121110643,3113.40676866627,3103.8571555484377,3474.831004295957,3537.668195376776,3571.8956628882484,3642.651813686901,3676.43830536926,3634.4712305864578,3532.9564668158105
4032,1085.8258830999914,464.69562557341584,0.0,146.57594800049304,513.633344904555,714.9670801108481,694.0454609551243,1016.5490874652568,1118.6444097973024,1311.750089128971,1594.2374902101924,1529.5620075961456,1530.5389938708613,1235.10972480048,1258.745496179048,1483.800648234146,1381.4191041066422,1619.5173429330098,1501.5288333944222,1191.711367234036,1118.618724841054,1577.260792091447,1378.5735037591312,1626.320587837945,1616.4962264308626,1187.251151292,2174.3793383282373,1965.986880020084,1883.3925235163997,2209.4011441754424,1987.52692158234,2193.6640052987773,2316.280266192422,2437.4505904638872,2447.895783621528,2536.80234076291,2541.0277251923885,2877.801908701601,2766.91316602695,2622.397801175614,2754.316937746164,2728.512814367849,2375.9338858842752,2214.702058861877,2620.055181072667,2547.405316094349,2880.1141616886957,2942.3828328589207,3176.618269320269,2880.938472790631,2767.6011228523103,2664.0310352805504,2033.9781158398007,2214.684214513605,2202.5563844870785,3417.191334774376,3296.5165523582327,3485.3026019424324,3542.5216150595807,3611.120897504021,3581.1329927090824,3282.937857629968,3146.9688677157897,2891.840746852049,2685.0178341273777,2758.675262544298,2562.33720637432,2976.100753464604,2941.672019907078,3187.4744921591923,3144.364200649899,3294.693113040599,3369.420972376772,3420.861337831494,3629.655288854562,3559.713414923628,3447.0372663744406,3375.0418953389903,3248.063489686382,3488.766568993946,3513.548449082439,3542.068263721017,3517.46815283106,3413.1716741988653,3259.9542820387624,3370.2333922580647,3070.9841010325194,2771.947469233459,2852.5827483307708,2996.867164068187,3224.3728659260187,3567.64618577967,3457.2593071596907,3373.5608680727105,3374.19139792354,3177.510752128284,3144.375998569087,3511.5371812623634,3571.2002589928748,3619.783567151232,3660.814129288906,3686.376094339416,3649.786793370105,3551.152180328721
4106,1057.1561094755532,443.4452832632048,146.57594800049304,0.0,595.8476168330529,746.4479346520272,617.0999665716143,967.9962055243484,1057.7077091780284,1252.791700785727,1535.513999852994,1464.0700284929642,1422.7715211087566,1154.606397727757,1188.4220837894682,1406.924791183471,1314.093816095942,1478.596932600614,1360.4731271389944,1081.9138687226632,973.818899864587,1532.9981909808168,1298.5657757643044,1513.282044212215,1480.888318322102,1073.3877555744525,2027.81254117845,1819.4460284412864,1738.9477430659183,2063.691322585776,1841.9489925199605,2047.956610207292,2171.595431715892,2291.249967099999,2303.860618683216,2391.0974985235016,2394.955749222785,2733.2084769555413,2622.3311334904447,2537.004526704005,2678.0879672610577,2624.5262493351206,2267.522533616647,2107.5447101645395,2506.913962954194,2425.0937990529774,2770.9348784389285,2823.8749921653352,3051.4846611053263,2759.934059717552,2635.9700933409586,2532.658542112103,1916.8561433712075,2084.5351235210155,2063.3142177037616,3281.3076665367253,3165.3803890646423,3350.87726683168,3403.286783909268,3472.911032838409,3442.316281380379,3144.9772491289787,3006.4070019786827,2753.638289088812,2543.322718777777,2612.948601888739,2418.0745267071347,2830.900966489467,2797.838945131962,3041.1871650214343,3001.040942386984,3152.3806706011364,3225.504348434565,3278.43763560588,3488.017158914456,3414.6200569325565,3302.342159914396,3229.249110647808,3102.847226075271,3343.045170150769,3367.2566738586347,3395.75609540173,3370.949540035647,3266.700338580609,3113.420479747599,3223.6628594900994,2924.44156948147,2625.3923942365245,2706.733021382869,2850.420114219256,3077.8236777387065,3421.1205428237963,3310.8400079367057,3227.406685776099,3228.610638456363,3031.677488529237,2999.4867714343627,3367.0363540837616,3426.904578900579,3474.7682188183303,3517.5207445632805,3543.6779730369226,3506.682299605016,3407.7926552985145
5007,1591.0824033761826,974.4591650594102,513.633344904555,595.8476168330529,0.0,297.5497861764139,662.0993700813312,797.9597039332496,929.5622478087112,1093.02349923167,1352.842254883923,1316.978305043482,1497.408512394512,1107.2210252064078,1088.0065116014646,1318.201281147279,1187.2813930575107,1799.1761191938474,1688.211841795362,1198.5582522008078,1479.0928755500718,2087.5356215953466,1888.51121442994,2104.2861163281177,2031.298634286944,1665.0706936461331,2457.638463236366,2240.531558649545,2229.49815497446,2528.82305718962,2223.3881970275,2428.0021287904024,2525.904741891471,2682.783047967442,2643.6248434437744,2764.6310835838945,2779.893014554049,3076.0420888249773,2966.5902238537574,3130.35536897604,3266.3070545134024,3219.191178932369,2860.4346679180526,2701.215031798608,3096.261291644531,3003.287483308953,3363.024668699189,3406.953693022306,3623.029697756253,3339.517710590504,3192.163180886588,3090.0489128440354,2503.2851875325737,2647.400974459442,2591.5035209176167,3819.333487757036,3721.357293044744,3894.775181912756,3923.531991885036,3998.784404432062,3964.883541566757,3673.505092350527,3519.953225031355,3282.756859461476,3051.5096166479425,3071.070041370893,2902.292440698689,3297.527273987901,3283.967357734204,3478.468662418409,3491.3552027801697,3651.490817803276,3707.737080939685,3775.861257624744,3991.120275370397,3878.890663878313,3773.696948881669,3680.514018738123,3567.054103910677,3795.2260328366247,3801.743434109593,3829.137368854948,3791.685420680008,3692.232640746215,3534.684969099724,3637.6652851589342,3328.8248699107394,3035.075369710498,3079.7842653164794,3246.888832190683,3481.5971631453617,3818.7886888651446,3700.79494164138,3605.0756196348993,3587.799844074012,3400.24207015287,3344.825475914471,3700.358430511046,3755.6807970636314,3817.731112551342,3828.0011274263047,3844.638814245749,3814.265031506104,3720.474633844538
6011,1796.22017071827,1174.777604896357,714.9670801108481,746.4479346520272,297.5497861764139,0.0,523.8201607423705,533.5400816706663,668.1055243929758,814.5591472759559,1064.1143950660028,1035.2175849309083,1273.1512676111045,860.360257727688,825.497653554465,1049.8496016152892,913.511265766724,1667.4869886332192,1564.54296250196,1007.2301993491023,1474.3057248951393,2278.7943733203774,2033.637101116788,2187.3596790419256,2050.122129074577,1756.8472596249212,2370.1943575643486,2152.037960816537,2189.425186513851,2464.0267705142924,2111.7394771558197,2311.199068589559,2393.154920576225,2568.0928922198973,2501.2559748853914,2638.457751957661,2659.921420840169,2929.295564399929,2821.9226502692973,3259.441736625159,3411.2216078816846,3309.783961031161,2943.8051214210263,2789.0963941175737,3165.721260733758,3048.210453327731,3440.2240730336694,3458.8641319654967,3652.2718184043424,3384.680812639329,3202.592004008907,3102.888917245797,2569.635789064292,2671.903008652599,2577.693558169777,3803.820065390807,3727.647144378276,3885.326614034249,3889.208910975479,3969.477614813683,3932.5349176288814,3649.0670816538823,3482.3397952030937,3262.074596112776,3013.5409311605194,2993.6156966876247,2846.2838032254685,3223.745316031262,3225.192671595565,3382.4649468848047,3434.00668758522,3600.105362779457,3642.1298059327055,3722.0900988178905,3940.6929968872296,3798.3468091744808,3699.210597313709,3592.241785231373,3488.974955787062,3706.6682001712943,3701.1185997175967,3727.570205052129,3682.269797575178,3586.6791206154044,3427.790883425393,3525.318660470851,3213.515535717131,2926.2731656839296,2949.150044034025,3127.731820919156,3364.422075986124,3695.079332671192,3573.537278242359,3471.6505659618283,3444.427905470137,3263.6755801688114,3196.4525426934247,3542.663629540954,3595.2807074122284,3663.98533741032,3658.192089644234,3670.2518007640274,3643.19203103884,3552.538153212312
7045,1607.9040751555194,1035.8280309096606,694.0454609551243,617.0999665716143,662.0993700813312,523.8201607423705,0.0,379.3293101763052,446.2165719576856,640.895951870079,922.101591329624,847.6193625328004,864.6010063757467,541.2118581731022,571.3537295036614,791.4341666212418,697.3759304606034,1150.7202639107404,1044.6540619994844,544.0028362777256,992.6493277541192,2038.065308086818,1716.9315224350398,1775.7651210904396,1574.9183728533828,1371.263664141735,1846.3781810259288,1628.2298546764305,1675.9197503234934,1942.3713760230564,1589.9903184094771,1790.8937972585245,1878.3442957508028,2047.5662135241016,1991.1236852778568,2121.43902965537,2140.9157150133888,2422.038995950297,2313.4031921288174,2889.139223624446,3062.470640674092,2889.15621276538,2519.0595606426914,2371.69972451682,2723.442364444791,2583.556599469552,3003.528751799566,2997.305032582695,3171.0373096178373,2917.7039795277083,2710.466121571459,2612.8920080051757,2131.318755757673,2193.5427546454303,2074.484163718417,3295.3208433811496,3230.7718072087914,3379.487213128485,3373.22519243076,3455.090117829457,3417.145708982179,3137.09266211272,2965.913271792196,2752.635960366764,2497.926304921097,2470.004486999348,2325.8445939502694,2700.304202920266,2703.721433422058,2859.294052708445,2912.609859754205,3079.7761533604858,3119.321226427591,3201.143992053996,3420.266847996117,3274.5311462858326,3175.598162987156,3068.556161242645,2965.235127605924,3183.0134730175328,3178.6336159996054,3205.2357557429923,3161.361050580269,3064.9509897966896,2906.231821391074,3004.98926717065,2693.7182771431417,2404.767977943833,2434.160679907989,2608.9338465288806,2845.237589513545,3178.1425506431087,3057.7782146488485,2958.280002334238,2935.777967551832,2751.5290995611867,2690.3682860804997,3042.6766800917653,3097.1930342178,3161.48854601533,3167.277427873644,3183.1949909210853,3153.3109240469344,3060.076916745712
8296,1985.0391922608733,1401.8445193922444,1016.5490874652568,967.9962055243484,797.9597039332496,533.5400816706663,379.3293101763052,0.0,134.58255557059374,302.88579341679764,580.8545462988114,527.6827257050028,757.3348501764242,332.5522314362024,292.3394793653995,520.4179142064967,390.543262320877,1261.8458000074174,1177.0356020999504,551.4730466602645,1299.5530148788214,2417.265468144286,2090.4096750976773,2119.6082079858847,1874.2405607957028,1730.7335787863562,2006.2816433436635,1793.2370496433891,1906.608772658012,2132.1910812858127,1719.23738064602,1905.769479176324,1963.9189372753888,2160.1087769739065,2057.533505696332,2213.630550553296,2243.050377837653,2474.647147181066,2370.9691493000832,3243.545246580503,3423.4157717059315,3219.6568558275667,2849.26255325218,2707.280657504651,3040.2687542211515,2881.992080787169,3322.806549251909,3295.90602462428,3446.6500337642583,3211.3893959871043,2973.795094214065,2880.3044486348617,2455.6634982644014,2480.6109127665595,2324.501057320658,3522.5028639096968,3482.5275867784576,3612.4951377193543,3577.5727579836803,3664.5169718083457,3623.372651164291,3355.949312181987,3171.3060027706565,2981.2900004705334,2710.295855678472,2630.8651461086424,2518.5651329442203,2862.595449453837,2886.1466991207694,2987.842456855991,3093.86565047133,3266.5098694179583,3287.0928267559807,3383.3620976667485,3604.288856133254,3420.352563201452,3330.790633161628,3205.788543449031,3117.987365650855,3318.58865799723,3296.854387451117,3321.808542211732,3266.6846322818838,3177.0339530624906,3018.0236372777604,3107.427444617029,2795.0885737421554,2520.313617623358,2514.1296398912104,2705.298664317326,2941.924841043974,3261.347168345369,3136.4403774550533,3027.909429473982,2989.146625183957,2817.9658630566164,2737.376859956679,3070.7242944360137,3120.160752239131,3195.5844614847942,3173.139035453956,3180.687951779388,3156.963647697559,3069.8773057510484
8297,2049.3024017312555,1481.9493105773022,1118.6444097973024,1057.7077091780284,929.5622478087112,668.1055243929758,446.2165719576856,134.58255557059374,0.0,195.1845313164737,477.8173702359328,411.5193682593377,630.9265178145328,203.2818422597324,158.58025747379477,389.23428118216754,266.4341745316188,1173.6057661123637,1096.5048462805996,461.4460719636744,1284.1711781789218,2466.260149235969,2122.713517111015,2120.26672840562,1848.595349856332,1746.970714456908,1924.5598510373848,1714.6779751145807,1849.9887743558709,2059.2629536273607,1630.6696248917626,1811.8509579181384,1862.216247915016,2064.106063876865,1950.8989590350404,2112.262251462574,2143.995819646237,2363.4641072490813,2261.1501112654446,3249.764738655086,3435.925746784838,3206.9566309345714,2837.327205560352,2699.52397660597,3019.2073780905444,2850.9385982578124,3302.541940495718,3263.773433787401,3402.575165622679,3176.8707668038574,2925.3865460347683,2834.032651754801,2441.2270839065195,2445.205589409193,2272.9905214068644,3457.7546231469487,3427.716768965829,3549.7874656602107,3504.3949458795355,3592.935914556114,3550.7515252449653,3288.484315057388,3099.491606786286,2918.5615171432305,2642.450885725425,2546.339751328536,2444.645258447461,2777.701743333816,2807.4593756753275,2893.01008848738,3014.176092681338,3188.1314934010684,3202.678847553741,3303.234875635405,3524.2486727983496,3329.2043912543936,3242.5242692912425,3112.7471077496257,3029.537780965662,3224.834322483587,3198.583128533968,3223.0653727754834,3165.267540074756,3077.4797841445466,2918.778040141708,3005.663250890548,2693.8672912082984,2423.5396935377703,2408.735002988415,2603.131585429928,2839.182842792101,3154.7847936827634,3029.1236045907144,2918.8651876078848,2876.826570341784,2708.726668808791,2624.357180604153,2953.4746515721467,3001.938969455612,3079.2097242377577,3052.01147378738,3058.26113896074,3035.512729430202,2949.532477255112
9021,2240.294027644617,1676.7234731661836,1311.750089128971,1252.791700785727,1093.02349923167,814.5591472759559,640.895951870079,302.88579341679764,195.1845313164737,0.0,282.93877013721635,225.19918320489583,591.4648927783393,223.54196203896083,122.523317309926,247.8302569135176,105.42305520192951,1218.9068897278726,1157.3483033408388,535.2883832150017,1426.1741479046673,2650.6676039847102,2298.318087831735,2272.03583401618,1975.6925085786936,1912.7123706526156,1972.7352433718704,1770.1600495157932,1938.5077688780527,2121.507392585617,1668.8281213627597,1837.7151970942136,1870.9504860401744,2083.7470216231786,1947.3750606642857,2119.956652290482,2156.6074730900955,2345.9612233402136,2247.716037551424,3403.822924336273,3595.0631045088503,3343.14275883402,2975.0976157942728,2841.777621275082,3146.9449793647505,2967.7773977534966,3430.529878313332,3378.277378884321,3501.793984911604,3288.7016053062025,3020.1118702511326,2931.9029895206063,2577.564025806588,2558.2094847187823,2366.0485776280843,3527.4094760693743,3512.189431233862,3622.3452551170594,3560.446513222587,3651.4024555683145,3607.610128110138,3354.3404465738126,3158.910119857144,2992.852187347541,2709.859092230088,2585.8020315461104,2503.1026359762463,2815.5197444714813,2856.2832840920105,2911.035112305212,3060.521962294247,3236.221686820188,3239.9433371389327,3347.9316481618985,3568.514486650607,3353.280736683468,3272.445732036267,3133.6859873972794,3059.7681122023964,3243.9908228181785,3208.388598190048,3231.783547726431,3168.282840322641,3084.8794527471373,2927.376433558248,3008.399538854001,2698.952431346565,2439.48928456472,2405.4656499899943,2606.464774064631,2840.279065220198,3145.8940026966434,3018.785681025168,2904.6060565297503,2854.2242713972173,2694.7302056337667,2600.795095539518,2916.7659231480075,2962.1632784885,3044.6985131527545,3002.8944643629857,3004.74623176489,2985.367765829936,2903.2618011912505
9518,2513.9596936285648,1957.4881509105255,1594.2374902101924,1535.513999852994,1352.842254883923,1064.1143950660028,922.101591329624,580.8545462988114,477.8173702359328,282.93877013721635,0.0,103.01066315779644,624.9229276486864,435.6580566754034,362.4774381945699,240.14610141580675,236.63605522217145,1314.6486036460187,1275.7877311302186,713.596761960871,1638.9942741210314,2913.732141528916,2549.2818595511867,2490.345409134256,2163.095577109141,2151.6467711804444,2053.4270616356494,1864.479269956461,2074.858468466035,2219.495876758315,1741.4674908157708,1889.6512558306515,1897.949560046076,2122.5692527227725,1955.3082364411623,2141.145623036134,2184.2894479108945,2327.4443186404524,2236.4541066862303,3621.2720366917633,3819.4254318504527,3535.2418728371017,3170.8129773961264,3044.321182386908,3327.835955869948,3134.202111147541,3610.667304938451,3539.4807443844725,3640.754527282169,3446.514920579904,3155.2226728390942,3071.966617845299,2773.146227754642,2721.777303852974,2503.731749779131,3624.1382855832735,3630.11922863341,3722.7375390238662,3637.556321049816,3731.490698618205,3685.6234655400062,3446.6051927794406,3243.2212054825427,3099.353023935052,2808.810799611047,2646.4551469764738,2591.388693728673,2871.693015413848,2927.7662673228283,2938.05913356064,3126.904415631909,3303.879873824493,3292.09260361199,3410.0243925878617,3628.69022523767,3385.743633213696,3313.844649319876,3163.148521304052,3103.123036468303,3270.101417301797,3221.261492577097,3242.9200536940107,3171.627286131629,3095.18903985626,2940.6826859035264,3012.566350129241,2709.26433541962,2468.2196660993686,2406.9124237456385,2615.185031146641,2843.4986331106325,3132.135526436088,3003.90267712966,2884.9620956146828,2822.8423567301697,2677.4020633567925,2570.449266005926,2864.164935725016,2904.680809764518,2994.3003204627025,2931.329418191317,2926.6734162280745,2912.420712586516,2836.689162699792
9617,2428.013348436598,1879.8882287168049,1529.5620075961456,1464.0700284929642,1316.978305043482,1035.2175849309083,847.6193625328004,527.6827257050028,411.5193682593377,225.19918320489583,103.01066315779644,0.0,531.8980853308473,340.5594055318461,278.0745697761293,139.39308641605746,150.5226063494898,1216.8748993279962,1175.4973694059208,611.095421754606,1537.283126592807,2821.578053523196,2453.156687975251,2388.7297186463647,2060.100970223895,2053.0046586058943,1958.9997930321945,1767.8580976142175,1973.8648978609085,2122.765464676355,1647.8370344257917,1799.8243673080467,1813.0595257093712,2035.628786415679,1874.750297954369,2057.9242322424825,2099.734406638632,2254.041381372644,2161.044977792984,3519.3590301774643,3718.135779655229,3432.2485487192016,3067.882954727017,2941.597018633488,3224.8768245380397,3031.641482763236,3507.7308200300777,3437.217468356832,3540.089874590228,3344.4273752203003,3054.7833106132243,2971.0685457598884,2670.23643113376,2619.279757012256,2402.840368132943,3528.394554452848,3531.616875383534,3626.512799638709,3544.845961572305,3638.3321578663695,3592.784880291581,3351.4388291909727,3149.1668971550307,3002.062946377004,2712.3757117681107,2555.9700257799277,2496.329805125033,2782.208792534838,2835.610599007653,2854.4804435144024,3035.755349218202,3212.611377398621,3203.65379979923,3319.8037645415243,3538.932275331096,3301.3299007439227,3227.534631712215,3079.2218666308354,3016.277803745692,3186.975281963857,3141.07312427814,3163.1509544473647,3093.649579881389,3015.4981077113134,2860.1662747007244,2934.2593021100765,2629.219081453026,2383.811537859206,2328.609773399881,2535.409830057125,2765.2639404637457,3058.391657406058,2930.3372330311927,2812.5281434748726,2753.511943871759,2604.140822409043,2500.545289139072,2800.9708953169647,2842.998739960111,2930.580905977129,2874.0635952541834,2871.506922156982,2855.5787018528813,2777.7446335169648
9789,2224.177256365871,1766.3826750728542,1530.5389938708613,1422.7715211087566,1497.408512394512,1273.1512676111045,864.6010063757467,757.3348501764242,630.9265178145328,591.4648927783393,624.9229276486864,531.8980853308473,0.0,427.7197372567013,501.1055222987186,396.5326268560694,502.2919465995171,695.5401377535857,671.5683404854547,341.12705319926346,1157.6689868608205,2548.919321537633,2141.813962432604,1990.9729223443007,1613.490086185701,1716.0288929673409,1428.5196432338275,1241.3786696216598,1469.9411780369016,1596.331694672392,1116.5992106541291,1268.5608574337966,1287.827696153792,1506.9645952493388,1358.2664991668205,1535.1393123531182,1574.48371825513,1754.5100061568014,1656.365505574919,3104.4210497329536,3315.4605128474186,2976.030220267236,2619.8331936582945,2505.6374997779285,2755.2758922578705,2546.8320651663557,3035.4837004031524,2945.151429430941,3029.986305706732,2849.646427776342,2543.585642130128,2463.5523911365485,2226.270802307247,2134.4500691208777,1896.4493793171812,2999.6452876200265,3010.0011070409782,3098.6150507511343,3013.17489303879,3106.865674948058,3061.1658408914973,2821.826944412825,2618.3163824937947,2476.739161992284,2185.045511867949,2024.2556372994163,1966.6130447966184,2250.9102298992134,2303.7677034798508,2329.848257120794,2503.878014734268,2680.7214133884368,2672.966581771381,2788.126283658768,3007.42063609518,2775.0782719470503,2698.867683196246,2553.8442719986,2487.1004571758604,2662.778354205961,2622.264484616001,2645.1570301293464,2579.5925937846373,2497.883133810908,2341.11132815424,2419.7676111433984,2111.557640340544,1858.373612410586,1815.7016357378247,2018.535593855784,2251.293553579728,2554.695392300925,2427.4839936542444,2313.143278029295,2263.349606188081,2103.281287128572,2009.9818939112156,2330.0743102109145,2376.9346856023326,2457.1626279631605,2423.2607119380987,2428.370709556304,2406.451110466304,2321.687270943059
10092,2091.627480846959,1556.0445118279774,1235.10972480048,1154.606397727757,1107.2210252064078,860.360257727688,541.2118581731022,332.5522314362024,203.2818422597324,223.54196203896083,435.6580566754034,340.5594055318461,427.7197372567013,0.0,101.49184842327874,253.68842538336,201.6567082331466,1004.0327753394414,937.6770165985678,311.7468778836873,1214.1550234475917,2481.109789181361,2113.678145031425,2063.5790795134444,1756.2449989037696,1716.9882760787318,1758.205426266857,1553.03067919225,1715.285408376369,1902.833932707042,1457.6547332962057,1632.247944366056,1674.5873181805964,1881.6916557150407,1758.6083406427622,1924.498785368248,1958.3934268166736,2167.110070045981,2065.905886447506,3195.541992745198,3390.381570902807,3125.664977448333,2758.4548010318367,2627.2062944333184,2926.853551524815,2745.4683616154502,3210.395446672632,3155.557458139697,3278.2642560994927,3065.699639812069,2796.693262278292,2708.3809966207677,2360.661583509361,2335.4888142279715,2142.641978498656,3307.56695303276,3289.715021532269,3401.894694979348,3344.2792966565594,3434.529928972317,3391.209099041433,3135.353140350417,2941.587613808162,2771.88462188349,2490.2545866370724,2375.0911588338213,2285.7364836312427,2605.631823165,2642.208209811153,2710.501054151292,2847.440053906172,3022.5901916576227,3030.5123110087256,3135.592472112387,3356.426009085196,3149.9066571925614,3066.254423038231,2931.772448840198,2853.327660896436,3043.0479184460382,3012.5067158994902,3036.5340127600234,2976.361845794226,2890.3169036840663,2732.033424714128,2816.5646906505885,2505.5207294411803,2239.7211319537346,2216.9795619443994,2414.0192517353244,2649.3503222490026,2961.53484682452,2835.3382246890937,2723.7946067760136,2679.39752236336,2513.62154732197,2426.5568226430173,2752.988066328274,2800.9412235517043,2879.1757815106157,2849.7475727363644,2855.5699402333616,2833.135326341589,2747.58122164666
10286,2151.995755739781,1601.917416282131,1258.745496179048,1188.4220837894682,1088.0065116014646,825.497653554465,571.3537295036614,292.3394793653995,158.58025747379477,122.523317309926,362.4774381945699,278.0745697761293,501.1055222987186,101.49184842327874,0.0,232.28142260231883,127.7938650219462,1102.9455718071004,1038.3263766898306,413.0575229838339,1307.413854000005,2552.196702593963,2192.346459226899,2155.00641144234,1854.1340385959293,1801.343477011272,1857.157494185257,1652.896663451445,1816.766920962428,2003.2545287376124,1555.266864281086,1727.629498289934,1766.2166959423405,1975.7587356078068,1847.0604390298947,2015.8503815186048,2050.902924150691,2251.520282563999,2151.537255502049,3287.0077932874333,3479.9025936087287,3222.385023779804,2854.6580836619146,2722.180261723591,3025.202644858248,2845.367308957477,3308.777862315006,3255.7905433223964,3379.574504070121,3166.1825100298506,2898.1178865100887,2809.7103909914867,2456.9996083870105,2435.719961737701,2244.0745621719843,3408.3930269350426,3391.164558915701,3502.8940071628176,3443.9234672330945,3534.4168887568444,3490.934897915523,3235.9186169739214,3041.609762449133,2873.0133657892666,2590.9925790691195,2472.6834609739785,2385.7441767248747,2702.934459371172,2741.0782774454865,2804.127875052692,2945.961099436144,3121.32248872072,3127.678616563743,3233.857986893351,3454.611406479825,3244.726421979926,3162.1735046166214,3025.985321557651,2949.322383472301,3136.886374704883,3104.292011625582,3128.0646807214,3066.5141761370437,2981.5415693234995,2823.549476017029,2906.650694573573,2596.199884030817,2332.9463904045324,2305.5079960926114,2504.2659168371697,2739.024090930237,3048.535255862813,2921.925576815592,2809.2394785534034,2762.283697124142,2599.128245033916,2509.09899810336,2831.1554791783897,2878.0228807393123,2958.140270787654,2923.3477245105746,2927.444270555761,2906.330942956247,2822.2399096290123
10916,2340.566298414264,1809.652990660018,1483.800648234146,1406.924791183471,1318.201281147279,1049.8496016152892,791.4341666212418,520.4179142064967,389.23428118216754,247.8302569135176,240.14610141580675,139.39308641605746,396.5326268560694,253.68842538336,232.28142260231883,0.0,142.41602174902974,1077.735536784813,1036.2083377989015,484.654262669751,1412.419034562148,2720.8502869100403,2343.7278685500464,2263.6317489151884,1927.1140769711255,1937.4965657374123,1821.1741501363888,1629.0420131367705,1834.8723287259695,1983.8798735807904,1510.539473782802,1665.0616915430192,1682.338934224243,1903.013763552488,1747.9467778724154,1928.4929751709697,1969.0969623372416,2133.8987675176268,2038.9729797428463,3392.762283491469,3593.803510186452,3299.097305047018,2935.7082869973,2811.1374523926747,3089.7879726386504,2894.6351212165364,3372.4059796467736,3299.54019885009,3400.954596071526,3206.461456867417,2915.5648323787937,2832.0347558055687,2538.3386157888626,2482.1181046088946,2263.79883680863,3389.8177250211656,3392.266888278581,3487.7456025718807,3407.7949335674566,3501.017550848784,3455.6556951835346,3213.117980022192,3011.4016125187486,2862.96514276388,2573.5639984122104,2420.4781078159995,2358.11535163004,2647.3750639088507,2698.96854357323,2724.320903065654,2899.7292795723565,3076.4836439876567,3069.49905304154,3184.3604393967785,3403.7784495227243,3170.3263431264427,3095.00833888763,2948.6898202118546,2883.379600131798,3057.0918402671614,3013.7994805023272,3036.2499197666466,2968.435607985908,2888.729491761597,2732.7130769298174,2808.8120710240937,2502.3139120102774,2253.1413948008785,2203.5443139958147,2408.8095294644745,2639.9737547418954,2937.277720284774,2809.477075837617,2692.879732035155,2637.0871207980167,2483.81697633416,2383.7558457213327,2691.021950984895,2734.654070490233,2819.9415402843733,2770.5738074594733,2770.382898459012,2752.5847240201115,2672.4894133532484
10917,2279.3659703103226,1729.3797408252458,1381.4191041066422,1314.093816095942,1187.2813930575107,913.511265766724,697.3759304606034,390.543262320877,266.4341745316188,105.42305520192951,236.63605522217145,150.5226063494898,502.2919465995171,201.6567082331466,127.7938650219462,142.41602174902974,0.0,1153.68074773049,1099.7992127690902,498.5800622882125,1414.1004453884962,2677.1048047916606,2313.623434184516,2264.2611041756204,1950.437668441128,1918.475406702783,1905.06313873269,1706.3913992435114,1890.313715827432,2059.680057086321,1597.9894225598182,1761.403513098626,1788.3386164520068,2004.4732134509445,1860.556474841622,2036.428975689257,2074.684961893661,2254.3724584034826,2157.399566797726,3396.09392139132,3591.631030051493,3321.4053053145167,2955.0287143083,2825.278665777002,3119.535631061371,2933.511895274946,3402.9205799210345,3341.976660891102,3456.327469654209,3250.873437762149,2972.784181388553,2886.4524877727954,2557.155074111338,2522.309946193143,2319.0523274598395,3466.6782937536805,3458.78072665342,3562.898319148619,3493.5048448465063,3585.4345667646053,3540.9759221501527,3292.0222810702726,3093.895929360703,2935.0037300448707,2649.1632801018427,2513.142444337659,2438.671670995583,2741.856077839534,2787.067806131814,2829.866622736652,2989.997580783516,3166.2174137069887,3165.549670984833,3276.403338628136,3496.596225637825,3273.8139474844547,3195.2038711906803,3053.306351857996,2982.866027959697,3162.876533654194,3124.1335531563773,3147.15216545602,3081.8820825297607,2999.9507652795724,2842.993757426504,2922.0538265707946,2613.680370530027,2358.2268903325944,2317.9403012883595,2520.742994669194,2753.5852950579624,3055.940705497776,2928.5202727853048,2813.337712382456,2760.7748865532826,2603.7257140950114,2507.317483513292,2819.8952652461903,2864.597637809871,2948.242625308119,2903.424453331472,2904.4684798122967,2885.7127201191174,2804.3925812203
11003,1946.2545464653372,1666.6142716957825,1619.5173429330098,1478.596932600614,1799.1761191938474,1667.4869886332192,1150.7202639107404,1261.8458000074174,1173.6057661123637,1218.9068897278726,1314.6486036460187,1216.8748993279962,695.5401377535857,1004.0327753394414,1102.9455718071004,1077.735536784813,1153.68074773049,0.0,118.1718090942609,712.8854940832649,741.1152448838454,2151.036116157498,1712.3446925151814,1439.581366332354,1005.4925824125912,1283.4462063256078,754.2218496540227,552.7790341133827,782.8055843080258,906.8181088840416,457.5445547970654,647.1008616298114,727.8167512647925,903.5784126344362,844.9825626985177,971.133237391246,992.878938096495,1277.9515505270267,1168.029985743619,2498.3342805432703,2721.0204022662906,2324.293507711316,1981.2462411707236,1883.7221124953571,2091.4066615455536,1869.6207764310277,2367.1614973635283,2260.346215062816,2335.325842343029,2163.1484194902955,1848.8463636707088,1770.246002887564,1599.9149529229276,1460.262201329925,1204.8560938476046,2313.714917336886,2315.682161392982,2410.802771171305,2341.5469885419197,2432.6937354718957,2388.743988772283,2138.4516741469147,1940.5791018271027,1785.234739173475,1496.6207761392832,1372.920711237518,1285.0833696579657,1604.1576846192663,1638.195591803009,1727.801678321198,1843.477410393061,2018.5575368995703,2029.1608736799533,2131.836688280317,2352.746232075752,2158.5094311966923,2069.622218078336,1944.4198536303957,1856.7008257950397,2057.53963595932,2040.680273402317,2066.3675139398147,2016.895933232714,1923.419822735387,1764.2482606433166,1859.1229519859176,1546.8621038477463,1263.6057663070528,1283.457104355609,1460.3945262573436,1697.2200994654595,2027.913471596814,1907.1274221998403,1807.855926782654,1788.643768842286,1601.7755406986485,1546.8354848471445,1906.557532868049,1963.8158768174287,2021.1890558699824,2045.936771159143,2069.0300663366456,2034.0210640765947,1936.7766563138875
11052,1846.2176105316885,1551.8340788712076,1501.5288333944222,1360.4731271389944,1688.211841795362,1564.54296250196,1044.6540619994844,1177.0356020999504,1096.5048462805996,1157.3483033408388,1275.7877311302186,1175.4973694059208,671.5683404854547,937.6770165985678,1038.3263766898306,1036.2083377989015,1099.7992127690902,118.1718090942609,0.0,635.5607551899114,646.4501543333615,2068.21466771558,1632.7333008927485,1386.7119132887544,969.4376796675704,1200.9082793335615,829.3585984309369,618.1748491713086,800.3040972416554,965.3216911810374,548.733552603112,746.6663133805536,837.7448120370699,1003.5500968606366,958.5992659831796,1077.6590379831334,1096.26230174525,1391.7022483573198,1281.4408821786517,2467.5252069714265,2686.434736393905,2313.552936391182,1963.2248475897693,1857.871030626135,2087.639562065689,1875.619442610193,2366.577068233832,2273.674831875513,2365.05946193532,2178.422546102819,1879.4351950395005,1796.6584044881242,1575.1876195671098,1463.507865606705,1228.5472849594466,2370.132007678071,2359.2550187755387,2465.025072675114,2408.7379886009226,2498.1092368256645,2455.3471803668594,2197.6776522613764,2004.8515545263235,1835.913804587144,1552.673154478566,1453.9416674660488,1349.2549121672234,1685.7027665204268,1711.0983371247166,1822.020487906548,1918.1358438310008,2091.751817919004,2110.079547379594,2207.4143886891125,2428.4200315787893,2247.5167183547856,2155.28388756493,2035.9920161598063,1942.7747227392483,2149.7396144457066,2138.040320908882,2164.180923583064,2117.731508781624,2022.5242047998688,1863.5250667716748,1960.8421775984923,1649.254591526613,1362.0761553018474,1391.9004749666285,1564.2808819887289,1800.611387742897,2133.926773263227,2014.296116788036,1917.0240750525104,1900.695726266024,1712.053826843211,1660.501279109918,2021.698328171027,2079.369438265953,2135.4051870648136,2162.789986776892,2186.371084410981,2151.0397595594227,2053.5179900581848
12038,1908.59153150681,1429.6126464946242,1191.711367234036,1081.9138687226632,1198.5582522008078,1007.2301993491023,544.0028362777256,551.4730466602645,461.4460719636744,535.2883832150017,713.596761960871,611.095421754606,341.12705319926346,311.7468778836873,413.0575229838339,484.654262669751,498.5800622882125,712.8854940832649,635.5607551899114,0.0,927.7992103271872,2260.134726722825,1870.391477676759,1779.12224521531,1452.437303716149,1457.5927151863846,1463.1170647031176,1253.6531079094102,1404.0937635207044,1599.8376040915148,1170.3389066687712,1354.6470912992563,1413.4449719869565,1608.6881234741086,1510.2998810712736,1662.8901284008884,1691.7137363610757,1932.058861476504,1826.7228383666743,2908.859270731531,3109.2076718989374,2824.037344560896,2458.489046546916,2330.883457180433,2620.986617646968,2435.8940796286765,2904.354013100949,2845.2347266739644,2966.528671029215,2754.906371049782,2485.1223365922024,2396.656155002784,2060.6645710979706,2025.2604981153213,1831.102955467844,3001.6363281010345,2979.6085018290214,3094.9715969573504,3044.185691445298,3133.26412766563,3090.7154606263684,2830.856761412393,2639.8956671019478,2464.306820196715,2185.0775803862325,2085.153956720728,1984.5569675023337,2316.6085169385515,2346.154974275241,2436.681759667313,2552.769051665455,2726.828384112998,2741.53897597257,2841.799188380288,3062.811892942536,2870.4753064177994,2782.4510303202237,2655.1399287231525,2569.507089480417,2767.729996551717,2745.386422470382,2770.361333308256,2715.695183120244,2625.672062918344,2466.6343159764165,2556.568469770346,2244.126051377381,1968.8587737648645,1965.3681763628235,2154.677508289477,2391.46335912323,2713.002874157955,2588.7746895587525,2481.9789561436787,2447.443451513938,2272.441650482847,2197.151543924579,2538.217630052132,2589.908166771888,2660.8957498965638,2651.073684367512,2663.050037349295,2636.002257299328,2545.6313660823216
